participantID,Trial,Timestamp,char_count,sentence,sprt
1670,108,1712619321903,3.0,***,1795.0
1670,109,1712619323494,37.0,My husband eats with a good appetite.,1591.0
1670,110,1712619324941,37.0,But I don't think he's really hungry.,1447.0
1670,111,1712619327508,69.0,"He chews, arms on the table, and stares at something across the room.",2567.0
1670,112,1712619328815,30.0,He looks at me and looks away.,1307.0
1670,113,1712619330617,33.0,He wipes his mouth on the napkin.,1802.0
1670,114,1712619331779,30.0,"He shrugs, and goes on eating.",1162.0
1670,115,1712619333285,42.0,"""What are you staring at me for?"" he says.",1506.0
1670,116,1712619334857,45.0,"""What is it?"" he says and lays down his fork.",1572.0
1670,117,1712619336485,42.0,"""Was I staring?"" I say, and shake my head.",1628.0
1670,118,1712619337363,20.0,The telephone rings.,878.0
1670,119,1712619338318,27.0,"""Don't answer it,"" he says.",954.0
1670,120,1712619339386,33.0,"""It might be your mother,"" I say.",1068.0
1670,121,1712619340495,25.0,"""Watch and see,"" he says.",1109.0
1670,122,1712619341759,34.0,I pick up the receiver and listen.,1264.0
1670,123,1712619342732,24.0,My husband stops eating.,973.0
1670,124,1712619344243,46.0,"""What did I tell you?"" he says when I hang up.",1511.0
1670,125,1712619345069,23.0,He starts to eat again.,826.0
1670,126,1712619346167,36.0,Then throws his napkin on his plate.,1098.0
1670,127,1712619348205,63.0,"He says, ""Goddamn it, why can't people mind their own business?",2038.0
1670,128,1712619349828,41.0,Tell me what I did wrong and I'll listen!,1623.0
1670,129,1712619351137,28.0,I wasn't the only man there.,1309.0
1670,130,1712619352656,37.0,We talked it over and we all decided.,1519.0
1670,131,1712619353771,29.0,We couldn't just turn around.,1115.0
1670,132,1712619354880,32.0,We were five miles from the car.,1109.0
1670,133,1712619356421,34.0,I won't have you passing judgment.,1541.0
1670,134,1712619357327,13.0,"Do you hear?""",906.0
1670,135,1712619358129,18.0,"""You know,"" I say.",802.0
1670,136,1712619361231,33.0,"He says, ""What do I know, Claire?",3102.0
1670,137,1712619362196,34.0,Tell me what I'm supposed to know.,965.0
1670,138,1712619363658,40.0,"I don't know anything except one thing?""",1462.0
1670,139,1712619365264,48.0,He gives me what he thinks is a meaningful look.,1606.0
1670,140,1712619366241,24.0,"""She was dead,"" he says.",977.0
1670,141,1712619367883,33.0,"""And I'm as sorry as anyone else.",1642.0
1670,142,1712619368940,18.0,"But she was dead.""",1057.0
1670,143,1712619369901,26.0,"""That's the point,"" I say.",961.0
1670,144,1712619370694,20.0,He raises his hands.,793.0
1670,145,1712619371549,40.0,He pushes his chair away from the table.,855.0
1670,146,1712619373718,72.0,He takes out his cigarettes and goes out to the back with a can of beer.,2169.0
1670,147,1712619376472,64.0,I see him sit in the lawn chair and pick up the newspaper again.,2754.0
1670,148,1712619377936,39.0,His name is in there on the first page.,1464.0
1670,149,1712619379147,36.0,Along with the names of his friends.,1210.0
1670,150,1712619380232,40.0,I close my eyes and hold on to the sink.,1085.0
1670,151,1712619383061,74.0,Then I rake my arm across the drainboard and send the dishes to the floor.,2829.0
1670,152,1712619383953,16.0,He doesn't move.,892.0
1670,153,1712619384589,18.0,I know he's heard.,635.0
1670,154,1712619385715,40.0,He lifts his head as if still listening.,1126.0
1670,155,1712619386931,30.0,But he doesn't move otherwise.,1216.0
1670,156,1712619387831,23.0,He doesn't turn around.,900.0
1670,157,1712619388667,3.0,***,835.0
1670,158,1712619392917,88.0,"He and Gordon Johnson and Mel Dorn and Vern Williams, they play poker and bowl and fish.",4250.0
1670,159,1712619397287,85.0,They fish every spring and early summer before visiting relatives can get in the way.,4370.0
1670,160,1712619399711,65.0,"They are decent men, family men, men who take care of their jobs.",2424.0
1670,161,1712619401879,65.0,"They have sons and daughters who go to school with our son, Dean.",2167.0
1670,162,1712619404915,55.0,Last Friday these family men left for the Naches River.,3036.0
1670,163,1712619407344,76.0,They parked the car in the mountains and hiked to where they wanted to fish.,2429.0
1670,164,1712619409640,76.0,"They carried their bedrolls, their food, their playing cards, their whiskey.",2296.0
1670,165,1712619411021,42.0,They saw the girl before they set up camp.,1381.0
1670,166,1712619411949,19.0,Mel Dorn found her.,928.0
1670,167,1712619412775,25.0,No clothes on her at all.,825.0
1670,168,1712619414529,64.0,She was wedged into some branches that stuck out over the water.,1754.0
1670,169,1712619417192,43.0,He called the others and they came to look.,2663.0
1670,170,1712619418257,29.0,They talked about what to do.,1065.0
1670,171,1712619422840,82.0,One of the men - my Stuart didn't say which - said they should start back at once.,4583.0
1670,172,1712619425813,86.0,"The others stirred the sand with their shoes, said they didn't feel inclined that way.",2973.0
1670,173,1712619428276,82.0,"They pleaded fatigue, the late hour, the fact that the girl wasn't going anywhere.",2463.0
1670,174,1712619429763,47.0,In the end they went ahead and set up the camp.,1487.0
1670,175,1712619430974,42.0,They built a fire and drank their whiskey.,1211.0
1670,176,1712619432321,50.0,"When the moon came up, they talked about the girl.",1347.0
1670,177,1712619434668,59.0,Someone said they should -keep the body from drifting away.,2347.0
1670,178,1712619435783,55.0,They took their flashlights and went back to the river.,1115.0
1670,179,1712619437747,66.0,One of the men - it might have been Stuart - waded in and got her.,1964.0
1670,180,1712619440127,53.0,He took her by the fingers and pulled her into shore.,2380.0
1670,181,1712619443048,87.0,He got some nylon cord and tied it to her wrist and then looped the rest around a tree.,2921.0
1670,182,1712619446514,99.0,"The next morning they cooked breakfast, drank coffee, and drank whiskey, and then split up to fish.",3466.0
1670,183,1712619453642,182.0,"That night they cooked fish, cooked potatoes, drank coffee, drank whiskey, then took their cooking things and eating things back down to the river and washed them where the girl was.",7128.0
1670,184,1712619454657,32.0,They played some cards later on.,1015.0
1670,185,1712619457039,55.0,Maybe they played until they couldn't see them anymore.,2382.0
1670,186,1712619458279,28.0,Vern Williams went to sleep.,1240.0
1670,187,1712619459053,28.0,But the others told stories.,774.0
1670,188,1712619462683,100.0,Gordon Johnson said the trout they'd caught were hard because of the terrible coldness of the water.,3630.0
1670,189,1712619466821,154.0,"The next morning they got up late, drank whiskey, fished a little, took down their tents, rolled their sleeping bags, gathered their stuff, and hiked out.",4138.0
1670,190,1712619468107,41.0,They drove until they got to a telephone.,1286.0
1670,191,1712619470420,86.0,It was Stuart who made the call while the others stood around in the sun and listened.,2313.0
1670,192,1712619471496,32.0,He gave the sheriff their names.,1076.0
1670,193,1712619472217,25.0,They had nothing to hide.,721.0
1670,194,1712619472800,21.0,They weren't ashamed.,583.0
1670,195,1712619475895,100.0,They said they'd wait until someone could come for better directions and take down their statements.,3095.0
1670,196,1712619476574,3.0,***,679.0
1670,197,1712619477641,30.0,I was asleep when he got home.,1067.0
1670,198,1712619478950,46.0,But I woke up when I heard him in the kitchen.,1308.0
1670,199,1712619480613,64.0,I found him leaning against the refrigerator with a can of beer.,1663.0
1670,200,1712619483727,68.0,He put his heavy arms around me and rubbed his big hands on my back.,3114.0
1670,201,1712619487686,85.0,In bed he put his hands on me again and then waited as if thinking of something else.,3959.0
1670,202,1712619488844,28.0,I turned and opened my legs.,1158.0
1670,203,1712619489847,36.0,"Afterwards, I think he stayed awake.",1003.0
1670,204,1712619492373,53.0,He was up that morning before I could get out of bed.,2526.0
1670,205,1712619493776,54.0,"To see if there was something in the paper, I suppose.",1403.0
1670,206,1712619494965,46.0,The telephone began ringing right after eight.,1189.0
1670,207,1712619495547,13.0,"""Go to hell!""",582.0
1670,208,1712619496064,18.0,I heard him shout.,517.0
1670,209,1712619496609,31.0,The telephone rang right again.,545.0
1670,210,1712619497896,59.0,"""I have nothing to add to what I already told the sheriff!""",1287.0
1670,211,1712619498716,29.0,He slammed the receiver down.,820.0
1670,212,1712619499323,27.0,"""What is going on?"" I said.",607.0
1670,213,1712619501298,49.0,It was then that he told me what I just told you.,1975.0
1670,214,1712619501776,3.0,***,478.0
1670,215,1712619503457,44.0,I sweep up the broken dishes and go outside.,1681.0
1670,216,1712619506667,85.0,"He is lying on his back on the grass now, the newspaper and can of beer within reach.",3210.0
1670,217,1712619508089,41.0,"""Stuart, could we go for a drive?"" I say.",1422.0
1670,218,1712619508917,30.0,He rolls over and looks at me.,828.0
1670,219,1712619510106,37.0,"""We'll pick up some beer,"" he says...",1189.0
1670,220,1712619511898,62.0,He gets to his feet and touches me on the hip as he goes past.,1791.0
1670,221,1712619512834,28.0,"""Give me a minute,"" he says.",936.0
1670,222,1712619513844,39.0,We drive through town without speaking.,1010.0
1670,223,1712619514977,39.0,He stops at a roadside market for beer.,1133.0
1670,224,1712619516902,54.0,I notice a great stack of papers just inside the door.,1925.0
1670,225,1712619537247,89.0,On the top step a fat woman in a print dress holds out a licorice stick to a little girl.,20345.0
1670,226,1712619539217,66.0,"Later on, we cross Everson Creek and turn into the picnic grounds.",1970.0
1670,227,1712619542503,79.0,The creek runs under the bridge and into a large pond a few hundred yards away.,3286.0
1670,228,1712619544423,28.0,I can see the men out there.,1920.0
1670,229,1712619550144,33.0,I can see them out there fishing.,5721.0
1670,230,1712619557228,31.0,So much water so close to home.,7084.0
1670,231,1712619561085,43.0,"I say, ""Why did you have to go miles away?""",3856.0
1670,232,1712619573095,25.0,"""Don't rile me,"" he says.",12010.0
1670,233,1712619576981,29.0,We sit on a bench in the sun.,3885.0
1670,234,1712619577773,25.0,He opens us cans of beer.,792.0
1670,235,1712619578862,25.0,"He says, ""Relax, Claire.""",1088.0
1670,236,1712619580093,30.0,"""They said they were innocent.",1231.0
1670,237,1712619581036,27.0,"They said they were crazy.""",943.0
1670,238,1712619581673,15.0,"He says, ""Who?""",637.0
1670,239,1712619582633,38.0,"He says, ""What are you talking about?""",960.0
1670,240,1712619583407,21.0,"""The Maddox brothers.",774.0
1670,241,1712619585461,54.0,They killed a girl named Arlene Hubly where I grew up.,2054.0
1670,242,1712619587262,60.0,They cut off her head and threw her into the Cle Elum River.,1801.0
1670,243,1712619588382,31.0,"It happened when I was a girl.""",1120.0
1670,244,1712619590057,40.0,"""You're going to get me riled,"" he says.",1675.0
1670,245,1712619590778,20.0,I look at the creek.,721.0
1670,246,1712619593913,79.0,"I'm right in it, eyes open, face down, staring at the moss on the bottom, dead.",3135.0
1670,247,1712619595733,62.0,"""I don't know what's wrong with you,"" he says on the way home.",1819.0
1670,248,1712619597060,45.0,"""You're getting me more riled by the minute.""",1327.0
1670,249,1712619597908,34.0,There is nothing I can say to him.,848.0
1670,250,1712619598704,36.0,He tries to concentrate on the road.,796.0
1670,251,1712619600280,47.0,But he keeps looking into the rear-view mirror.,1576.0
1670,252,1712619600870,9.0,He knows.,590.0
1670,253,1712619601438,3.0,***,568.0
1670,254,1712619603497,52.0,Stuart believes he is letting me sleep this morning.,2059.0
1670,255,1712619604908,47.0,But I was awake long before the alarm went off.,1411.0
1670,256,1712619607175,74.0,"I was thinking, lying on the far side of the bed away from his hairy legs.",2267.0
1670,257,1712619610880,78.0,"He gets Dean off for school, and then he shaves, dresses, and leaves for work.",3705.0
1670,258,1712619612590,40.0,Twice he looks in and clears his throat.,1710.0
1670,259,1712619613597,26.0,But I keep my eyes closed.,1007.0
1670,260,1712619614872,38.0,In the kitchen I find a note from him.,1275.0
1670,261,1712619615693,19.0,"It's signed ""Love.""",821.0
1670,262,1712619619148,74.0,I sit in the breakfast nook and drink coffee and leave a ring on the note.,3455.0
1670,263,1712619621338,67.0,I look at the newspaper and turn it this way and that on the table.,2190.0
1670,264,1712619624038,43.0,Then I skid it close and read what it says.,2700.0
1670,265,1712619625304,38.0,"The body has been identified, claimed.",1266.0
1670,266,1712619630467,155.0,"But it took some examining it, some putting things into it, some cutting, some weighing, some measuring, some putting things back again and sewing them in.",5163.0
1670,267,1712619631934,57.0,I sit for a long time holding the newspaper and thinking.,1467.0
1670,268,1712619633358,51.0,Then I call up to get a chair at the hairdresser's.,1424.0
1670,269,1712619633909,3.0,***,551.0
1670,270,1712619636525,75.0,I sit under the dryer with a magazine on my lap and let Marnie do my nails.,2616.0
1670,271,1712619637950,42.0,"""I am going to a funeral tomorrow,"" I say.",1425.0
1670,272,1712619639534,38.0,"""I'm sorry to hear that,"" Marnie says.",1584.0
1670,273,1712619640371,25.0,"""It was a murder,"" I say.",837.0
1670,274,1712619641256,37.0,"""That's the worst kind,"" Marnie says.",885.0
1670,275,1712619642597,35.0,"""We weren't all that close,"" I say.",1341.0
1670,276,1712619643233,15.0,"""But you know?""",636.0
1670,277,1712619645754,45.0,"""We'll get you fixed up for it,"" Marnie says.",2521.0
1670,278,1712619651383,72.0,"That night I make my bed on the sofa, and in the morning I get up first.",5629.0
1670,279,1712619653148,50.0,I put on coffee and fix breakfast while he shaves.,1765.0
1670,280,1712619656060,76.0,"He appears in the kitchen doorway, towel over his bare shoulder, appraising.",2912.0
1670,281,1712619656925,23.0,"""Here's coffee,"" I say.",865.0
1670,282,1712619657787,31.0,"""Eggs'll be ready in a minute.”",862.0
1670,283,1712619658940,37.0,"I wake Dean, and the three of us eat.",1153.0
1670,284,1712619661910,79.0,"Whenever Stuart looks at me, I ask Dean if he wants more milk, more toast, etc.",2970.0
1670,285,1712619663357,56.0,"""I'll call you today,"" Stuart says as he opens the door.",1447.0
1670,286,1712619664728,42.0,"I say, ""I don't think I'll be home today.""",1371.0
1670,287,1712619665295,21.0,"""All right,"" he says.",567.0
1670,288,1712619665772,7.0,"""Sure.""",477.0
1670,289,1712619666242,18.0,I dress carefully.,470.0
1670,290,1712619668086,48.0,I try on a hat and look at myself in the mirror.,1844.0
1670,291,1712619668980,28.0,I write out a note for Dean.,894.0
1670,292,1712619671431,69.0,"Honey, Mommy has things to do this afternoon, but will be back later.",2451.0
1670,293,1712619674405,61.0,You stay in or be in the backyard until one of us comes home.,2974.0
1670,294,1712619675154,11.0,"Love, Mommy",749.0
1670,295,1712619676767,48.0,I look at the word Love and then I underline it.,1613.0
1670,296,1712619678402,29.0,Then I see the word backyard.,1635.0
1670,297,1712619679464,22.0,Is it one word or two?,1062.0
1670,298,1712619679973,3.0,***,509.0
1670,299,1712619683741,121.0,"I drive through farm country, through fields of oats and sugar beets and past apple orchards, cattle grazing in pastures.",3768.0
1670,300,1712619686894,99.0,"Then everything changes, more like shacks than farmhouses and stands of timber instead of orchards.",3153.0
1670,301,1712619689763,78.0,"Then mountains, and on the right, far below, I sometimes see the Naches River.",2869.0
1670,302,1712619691961,64.0,A green pickup comes up behind me and stays behind me for miles.,2198.0
1670,303,1712619694545,55.0,"I keep slowing at the wrong times, hoping he will pass.",2584.0
1670,304,1712619695175,16.0,Then I speed up.,630.0
1670,305,1712619696239,36.0,"But this is at the wrong times, too.",1064.0
1670,306,1712619697487,39.0,I grip the wheel until my fingers hurt.,1248.0
1670,307,1712619698825,37.0,On a long clear stretch he goes past.,1338.0
1670,308,1712619701849,73.0,"But he drives along beside for a bit, a crewcut man in a blue work shirt.",3024.0
1670,309,1712619702918,24.0,We look each other over.,1068.0
1670,310,1712619705141,53.0,"Then he waves, toots his horn, and pulls on up ahead.",2223.0
1670,311,1712619706117,29.0,I slow down and find a place.,976.0
1670,312,1712619707662,35.0,I pull over and shut off the motor.,1545.0
1670,313,1712619709371,42.0,I can hear the river down below the trees.,1708.0
1670,314,1712619710209,35.0,Then I hear the pickup coming back.,838.0
1670,315,1712619711275,41.0,I lock the doors and roll up the windows.,1066.0
1670,316,1712619712076,30.0,"""You all right?"" the man says.",801.0
1670,317,1712619712744,21.0,He raps on the glass.,668.0
1670,318,1712619713297,11.0,"""You okay?""",553.0
1670,319,1712619715083,64.0,He leans his arms on the door and brings his face to the window.,1786.0
1670,320,1712619715830,15.0,I stare at him.,747.0
1670,321,1712619716672,30.0,I can't think what else to do.,842.0
1670,322,1712619717670,34.0,"""Is everything all right in there?",998.0
1670,323,1712619718818,31.0,"How come you're all locked up?""",1148.0
1670,324,1712619719462,16.0,I shake my head.,644.0
1670,325,1712619720125,24.0,"""Roll down your window.""",663.0
1670,326,1712619722135,64.0,He shakes his head and looks at the highway and then back at me.,2010.0
1670,327,1712619722875,19.0,"""Roll it down now.""",740.0
1670,328,1712619723766,32.0,"""Please,"" I say, ""I have to go.""",891.0
1670,329,1712619725207,50.0,"""Open the door,"" he says as if he isn't listening.",1441.0
1670,330,1712619726462,33.0,"""You're going to choke in there.""",1255.0
1670,331,1712619728417,32.0,"He looks at my breasts, my legs.",1955.0
1670,332,1712619729586,34.0,I can tell that's what he's doing.,1169.0
1670,333,1712619730349,22.0,"""Hey, sugar,"" he says.",763.0
1670,334,1712619731182,31.0,"""I'm just here to help is all.""",833.0
1670,335,1712619731750,3.0,***,568.0
1670,336,1712619733150,52.0,The casket is closed and covered with floral sprays.,1399.0
1670,337,1712619735341,45.0,The organ starts up the minute I take a seat.,2191.0
1670,338,1712619736566,40.0,People are coming in and finding chairs.,1224.0
1670,339,1712619738624,63.0,There's a boy in flared pants and a yellow short-sleeved shirt.,2058.0
1670,340,1712619741214,100.0,A door opens and the family comes in in a group and moves over to a curtained place off to one side.,2589.0
1670,341,1712619743161,39.0,Chairs creak as everybody gets settled.,1947.0
1670,342,1712619772613,83.0,"Directly, a nice blond man in a nice dark suit stands and asks us to bow our heads.",29452.0
1670,343,1712619774539,105.0,"He says a prayer for us, the living, and when he finishes, he says a prayer for the soul of the departed.",1926.0
1670,344,1712619776540,43.0,Along with the others I go past the casket.,2001.0
1670,345,1712619777899,66.0,Then I move out onto the front steps and into the afternoon light.,1359.0
1670,346,1712619779742,66.0,There's a woman who limps as she goes down the stairs ahead of me.,1843.0
1670,347,1712619780664,33.0,On the sidewalk she looks around.,922.0
1670,348,1712619781944,31.0,"""Well, they got him,"" she says.",1280.0
1670,349,1712619782866,27.0,"""If that's any consolation.",922.0
1670,350,1712619783631,31.0,They arrested him this morning.,764.0
1670,351,1712619784685,38.0,I heard it on the radio before I come.,1054.0
1670,352,1712619785337,26.0,"A boy right here in town.""",652.0
1670,353,1712619787367,42.0,We move a few steps down the hot sidewalk.,2030.0
1670,354,1712619788103,25.0,People are starting cars.,736.0
1670,355,1712619789864,49.0,I put out my hand and hold on to a parking meter.,1761.0
1670,356,1712619790933,36.0,Polished hoods and polished fenders.,1069.0
1670,357,1712619791548,14.0,My head swims.,615.0
1670,358,1712619792663,41.0,"I say, ""They have friends, these killers.",1115.0
1670,359,1712619793436,16.0,"You can't tell.""",773.0
1670,360,1712619796062,70.0,"""I have known that child since she was a little girl,"" the woman says.",2626.0
1670,361,1712619799143,93.0,"""She used to come over and I'd bake cookies for her and let her eat them in front of the TV.""",3080.0
1670,362,1712619799784,3.0,***,641.0
1670,363,1712619802036,76.0,"Back home, Stuart sits at the table with a drink of whiskey in front of him.",2252.0
1670,364,1712619803811,57.0,For a crazy instant I think something's happened to Dean.,1775.0
1670,365,1712619804404,14.0,"""Where is he?""",593.0
1670,366,1712619804898,6.0,I say.,494.0
1670,367,1712619805426,16.0,"""Where is Dean?""",528.0
1670,368,1712619806048,27.0,"""Outside,"" my husband says.",622.0
1670,369,1712619807499,34.0,He drains his glass and stands up.,1451.0
1670,370,1712619808767,40.0,"He says, ""I think I know what you need.""",1268.0
1670,371,1712619814213,138.0,He reaches an arm around my waist and with his other hand he begins to unbutton my jacket and then he goes on to the buttons of my blouse.,5446.0
1670,372,1712619815115,30.0,"""First things first,"" he says.",902.0
1670,373,1712619815755,23.0,He says something else.,640.0
1670,374,1712619816519,27.0,But I don't need to listen.,764.0
1670,375,1712619818045,46.0,I can't hear a thing with so much water going.,1526.0
1670,376,1712619818601,3.0,***,555.0
1656,100,1712614149231,3.0,***,1903.0
1656,101,1712614151751,37.0,My husband eats with a good appetite.,2520.0
1656,102,1712614153361,37.0,But I don't think he's really hungry.,1610.0
1656,103,1712614155869,69.0,"He chews, arms on the table, and stares at something across the room.",2508.0
1656,104,1712614157054,30.0,He looks at me and looks away.,1184.0
1656,105,1712614158012,33.0,He wipes his mouth on the napkin.,958.0
1656,106,1712614159789,30.0,"He shrugs, and goes on eating.",1777.0
1656,107,1712614160863,42.0,"""What are you staring at me for?"" he says.",1074.0
1656,108,1712614162673,45.0,"""What is it?"" he says and lays down his fork.",1810.0
1656,109,1712614164843,42.0,"""Was I staring?"" I say, and shake my head.",2170.0
1656,110,1712614165599,20.0,The telephone rings.,755.0
1656,111,1712614166295,27.0,"""Don't answer it,"" he says.",696.0
1656,112,1712614167241,33.0,"""It might be your mother,"" I say.",946.0
1656,113,1712614168096,25.0,"""Watch and see,"" he says.",855.0
1656,114,1712614169282,34.0,I pick up the receiver and listen.,1186.0
1656,115,1712614170099,24.0,My husband stops eating.,817.0
1656,116,1712614171315,46.0,"""What did I tell you?"" he says when I hang up.",1216.0
1656,117,1712614172699,23.0,He starts to eat again.,1384.0
1656,118,1712614173817,36.0,Then throws his napkin on his plate.,1118.0
1656,119,1712614176581,63.0,"He says, ""Goddamn it, why can't people mind their own business?",2764.0
1656,120,1712614178048,41.0,Tell me what I did wrong and I'll listen!,1467.0
1656,121,1712614179587,28.0,I wasn't the only man there.,1539.0
1656,122,1712614181140,37.0,We talked it over and we all decided.,1553.0
1656,123,1712614182358,29.0,We couldn't just turn around.,1218.0
1656,124,1712614183600,32.0,We were five miles from the car.,1242.0
1656,125,1712614185536,34.0,I won't have you passing judgment.,1936.0
1656,126,1712614186234,13.0,"Do you hear?""",698.0
1656,127,1712614187350,18.0,"""You know,"" I say.",1115.0
1656,128,1712614189986,33.0,"He says, ""What do I know, Claire?",2636.0
1656,129,1712614191208,34.0,Tell me what I'm supposed to know.,1222.0
1656,130,1712614192627,40.0,"I don't know anything except one thing?""",1419.0
1656,131,1712614194318,48.0,He gives me what he thinks is a meaningful look.,1691.0
1656,132,1712614195544,24.0,"""She was dead,"" he says.",1226.0
1656,133,1712614197095,33.0,"""And I'm as sorry as anyone else.",1551.0
1656,134,1712614197941,18.0,"But she was dead.""",846.0
1656,135,1712614198934,26.0,"""That's the point,"" I say.",993.0
1656,136,1712614199618,20.0,He raises his hands.,684.0
1656,137,1712614200559,40.0,He pushes his chair away from the table.,941.0
1656,138,1712614202939,72.0,He takes out his cigarettes and goes out to the back with a can of beer.,2380.0
1656,139,1712614205869,64.0,I see him sit in the lawn chair and pick up the newspaper again.,2930.0
1656,140,1712614207238,39.0,His name is in there on the first page.,1369.0
1656,141,1712614208193,36.0,Along with the names of his friends.,954.0
1656,142,1712614209521,40.0,I close my eyes and hold on to the sink.,1328.0
1656,143,1712614214151,74.0,Then I rake my arm across the drainboard and send the dishes to the floor.,4630.0
1656,144,1712614214893,16.0,He doesn't move.,742.0
1656,145,1712614215617,18.0,I know he's heard.,724.0
1656,146,1712614216812,40.0,He lifts his head as if still listening.,1195.0
1656,147,1712614218389,30.0,But he doesn't move otherwise.,1577.0
1656,148,1712614219350,23.0,He doesn't turn around.,961.0
1656,149,1712614219915,3.0,***,565.0
1656,150,1712614223551,88.0,"He and Gordon Johnson and Mel Dorn and Vern Williams, they play poker and bowl and fish.",3636.0
1656,151,1712614226905,85.0,They fish every spring and early summer before visiting relatives can get in the way.,3354.0
1656,152,1712614229064,65.0,"They are decent men, family men, men who take care of their jobs.",2159.0
1656,153,1712614231422,65.0,"They have sons and daughters who go to school with our son, Dean.",2357.0
1656,154,1712614233762,55.0,Last Friday these family men left for the Naches River.,2340.0
1656,155,1712614235525,76.0,They parked the car in the mountains and hiked to where they wanted to fish.,1762.0
1656,156,1712614238001,76.0,"They carried their bedrolls, their food, their playing cards, their whiskey.",2475.0
1656,157,1712614240518,42.0,They saw the girl before they set up camp.,2517.0
1656,158,1712614241841,19.0,Mel Dorn found her.,1322.0
1656,159,1712614242818,25.0,No clothes on her at all.,977.0
1656,160,1712614245083,64.0,She was wedged into some branches that stuck out over the water.,2265.0
1656,161,1712614246265,43.0,He called the others and they came to look.,1182.0
1656,162,1712614247246,29.0,They talked about what to do.,981.0
1656,163,1712614249756,82.0,One of the men - my Stuart didn't say which - said they should start back at once.,2509.0
1656,164,1712614251851,86.0,"The others stirred the sand with their shoes, said they didn't feel inclined that way.",2095.0
1656,165,1712614255346,82.0,"They pleaded fatigue, the late hour, the fact that the girl wasn't going anywhere.",3494.0
1656,166,1712614256820,47.0,In the end they went ahead and set up the camp.,1474.0
1656,167,1712614257862,42.0,They built a fire and drank their whiskey.,1042.0
1656,168,1712614259028,50.0,"When the moon came up, they talked about the girl.",1164.0
1656,169,1712614261346,59.0,Someone said they should -keep the body from drifting away.,2318.0
1656,170,1712614262515,55.0,They took their flashlights and went back to the river.,1169.0
1656,171,1712614264486,66.0,One of the men - it might have been Stuart - waded in and got her.,1970.0
1656,172,1712614266257,53.0,He took her by the fingers and pulled her into shore.,1770.0
1656,173,1712614268777,87.0,He got some nylon cord and tied it to her wrist and then looped the rest around a tree.,2520.0
1656,174,1712614271319,99.0,"The next morning they cooked breakfast, drank coffee, and drank whiskey, and then split up to fish.",2542.0
1656,175,1712614277116,182.0,"That night they cooked fish, cooked potatoes, drank coffee, drank whiskey, then took their cooking things and eating things back down to the river and washed them where the girl was.",5797.0
1656,176,1712614278041,32.0,They played some cards later on.,924.0
1656,177,1712614280668,55.0,Maybe they played until they couldn't see them anymore.,2627.0
1656,178,1712614281703,28.0,Vern Williams went to sleep.,1035.0
1656,179,1712614282535,28.0,But the others told stories.,832.0
1656,180,1712614285797,100.0,Gordon Johnson said the trout they'd caught were hard because of the terrible coldness of the water.,3262.0
1656,181,1712614290116,154.0,"The next morning they got up late, drank whiskey, fished a little, took down their tents, rolled their sleeping bags, gathered their stuff, and hiked out.",4319.0
1656,182,1712614291269,41.0,They drove until they got to a telephone.,1152.0
1656,183,1712614293578,86.0,It was Stuart who made the call while the others stood around in the sun and listened.,2309.0
1656,184,1712614294765,32.0,He gave the sheriff their names.,1187.0
1656,185,1712614295408,25.0,They had nothing to hide.,643.0
1656,186,1712614295969,21.0,They weren't ashamed.,561.0
1656,187,1712614298627,100.0,They said they'd wait until someone could come for better directions and take down their statements.,2658.0
1656,188,1712614299132,3.0,***,505.0
1656,189,1712614300030,30.0,I was asleep when he got home.,898.0
1656,190,1712614301038,46.0,But I woke up when I heard him in the kitchen.,1008.0
1656,191,1712614302422,64.0,I found him leaning against the refrigerator with a can of beer.,1384.0
1656,192,1712614304066,68.0,He put his heavy arms around me and rubbed his big hands on my back.,1644.0
1656,193,1712614306237,85.0,In bed he put his hands on me again and then waited as if thinking of something else.,2169.0
1656,194,1712614307357,28.0,I turned and opened my legs.,1120.0
1656,195,1712614308508,36.0,"Afterwards, I think he stayed awake.",1151.0
1656,196,1712614312994,53.0,He was up that morning before I could get out of bed.,4486.0
1656,197,1712614314180,54.0,"To see if there was something in the paper, I suppose.",1185.0
1656,198,1712614315806,46.0,The telephone began ringing right after eight.,1626.0
1656,199,1712614316452,13.0,"""Go to hell!""",646.0
1656,200,1712614317222,18.0,I heard him shout.,769.0
1656,201,1712614318005,31.0,The telephone rang right again.,783.0
1656,202,1712614319372,59.0,"""I have nothing to add to what I already told the sheriff!""",1366.0
1656,203,1712614320200,29.0,He slammed the receiver down.,827.0
1656,204,1712614320925,27.0,"""What is going on?"" I said.",725.0
1656,205,1712614322993,49.0,It was then that he told me what I just told you.,2068.0
1656,206,1712614323582,3.0,***,589.0
1656,207,1712614325963,44.0,I sweep up the broken dishes and go outside.,2381.0
1656,208,1712614329539,85.0,"He is lying on his back on the grass now, the newspaper and can of beer within reach.",3576.0
1656,209,1712614332256,41.0,"""Stuart, could we go for a drive?"" I say.",2716.0
1656,210,1712614334025,30.0,He rolls over and looks at me.,1769.0
1656,211,1712614335246,37.0,"""We'll pick up some beer,"" he says...",1220.0
1656,212,1712614337207,62.0,He gets to his feet and touches me on the hip as he goes past.,1961.0
1656,213,1712614338051,28.0,"""Give me a minute,"" he says.",843.0
1656,214,1712614339057,39.0,We drive through town without speaking.,1006.0
1656,215,1712614340074,39.0,He stops at a roadside market for beer.,1017.0
1656,216,1712614343151,54.0,I notice a great stack of papers just inside the door.,3077.0
1656,217,1712614347443,89.0,On the top step a fat woman in a print dress holds out a licorice stick to a little girl.,4292.0
1656,218,1712614349857,66.0,"Later on, we cross Everson Creek and turn into the picnic grounds.",2413.0
1656,219,1712614352301,79.0,The creek runs under the bridge and into a large pond a few hundred yards away.,2444.0
1656,220,1712614353135,28.0,I can see the men out there.,834.0
1656,221,1712614354042,33.0,I can see them out there fishing.,907.0
1656,222,1712614355147,31.0,So much water so close to home.,1105.0
1656,223,1712614356790,43.0,"I say, ""Why did you have to go miles away?""",1643.0
1656,224,1712614357620,25.0,"""Don't rile me,"" he says.",830.0
1656,225,1712614358415,29.0,We sit on a bench in the sun.,794.0
1656,226,1712614359173,25.0,He opens us cans of beer.,758.0
1656,227,1712614360545,25.0,"He says, ""Relax, Claire.""",1372.0
1656,228,1712614361839,30.0,"""They said they were innocent.",1294.0
1656,229,1712614362991,27.0,"They said they were crazy.""",1152.0
1656,230,1712614363616,15.0,"He says, ""Who?""",625.0
1656,231,1712614364763,38.0,"He says, ""What are you talking about?""",1147.0
1656,232,1712614365424,21.0,"""The Maddox brothers.",661.0
1656,233,1712614367531,54.0,They killed a girl named Arlene Hubly where I grew up.,2107.0
1656,234,1712614369727,60.0,They cut off her head and threw her into the Cle Elum River.,2196.0
1656,235,1712614371783,31.0,"It happened when I was a girl.""",2055.0
1656,236,1712614373244,40.0,"""You're going to get me riled,"" he says.",1461.0
1656,237,1712614374020,20.0,I look at the creek.,776.0
1656,238,1712614376291,79.0,"I'm right in it, eyes open, face down, staring at the moss on the bottom, dead.",2270.0
1656,239,1712614378092,62.0,"""I don't know what's wrong with you,"" he says on the way home.",1801.0
1656,240,1712614379568,45.0,"""You're getting me more riled by the minute.""",1476.0
1656,241,1712614380801,34.0,There is nothing I can say to him.,1233.0
1656,242,1712614381771,36.0,He tries to concentrate on the road.,970.0
1656,243,1712614382968,47.0,But he keeps looking into the rear-view mirror.,1197.0
1656,244,1712614383542,9.0,He knows.,574.0
1656,245,1712614384005,3.0,***,463.0
1656,246,1712614385512,52.0,Stuart believes he is letting me sleep this morning.,1507.0
1656,247,1712614386821,47.0,But I was awake long before the alarm went off.,1309.0
1656,248,1712614389405,74.0,"I was thinking, lying on the far side of the bed away from his hairy legs.",2584.0
1656,249,1712614391907,78.0,"He gets Dean off for school, and then he shaves, dresses, and leaves for work.",2502.0
1656,250,1712614393628,40.0,Twice he looks in and clears his throat.,1721.0
1656,251,1712614394598,26.0,But I keep my eyes closed.,970.0
1656,252,1712614395936,38.0,In the kitchen I find a note from him.,1338.0
1656,253,1712614396650,19.0,"It's signed ""Love.""",714.0
1656,254,1712614399198,74.0,I sit in the breakfast nook and drink coffee and leave a ring on the note.,2548.0
1656,255,1712614401578,67.0,I look at the newspaper and turn it this way and that on the table.,2380.0
1656,256,1712614404560,43.0,Then I skid it close and read what it says.,2982.0
1656,257,1712614405587,38.0,"The body has been identified, claimed.",1026.0
1656,258,1712614409341,155.0,"But it took some examining it, some putting things into it, some cutting, some weighing, some measuring, some putting things back again and sewing them in.",3753.0
1656,259,1712614410767,57.0,I sit for a long time holding the newspaper and thinking.,1426.0
1656,260,1712614412044,51.0,Then I call up to get a chair at the hairdresser's.,1277.0
1656,261,1712614412583,3.0,***,539.0
1656,262,1712614416390,75.0,I sit under the dryer with a magazine on my lap and let Marnie do my nails.,3807.0
1656,263,1712614417818,42.0,"""I am going to a funeral tomorrow,"" I say.",1428.0
1656,264,1712614418662,38.0,"""I'm sorry to hear that,"" Marnie says.",844.0
1656,265,1712614419608,25.0,"""It was a murder,"" I say.",946.0
1656,266,1712614420528,37.0,"""That's the worst kind,"" Marnie says.",920.0
1656,267,1712614422221,35.0,"""We weren't all that close,"" I say.",1693.0
1656,268,1712614422774,15.0,"""But you know?""",553.0
1656,269,1712614424481,45.0,"""We'll get you fixed up for it,"" Marnie says.",1707.0
1656,270,1712614430320,72.0,"That night I make my bed on the sofa, and in the morning I get up first.",5839.0
1656,271,1712614432312,50.0,I put on coffee and fix breakfast while he shaves.,1992.0
1656,272,1712614435119,76.0,"He appears in the kitchen doorway, towel over his bare shoulder, appraising.",2807.0
1656,273,1712614436250,23.0,"""Here's coffee,"" I say.",1131.0
1656,274,1712614437150,31.0,"""Eggs'll be ready in a minute.”",900.0
1656,275,1712614439918,37.0,"I wake Dean, and the three of us eat.",2768.0
1656,276,1712614442741,79.0,"Whenever Stuart looks at me, I ask Dean if he wants more milk, more toast, etc.",2823.0
1656,277,1712614447014,56.0,"""I'll call you today,"" Stuart says as he opens the door.",4273.0
1656,278,1712614448337,42.0,"I say, ""I don't think I'll be home today.""",1323.0
1656,279,1712614449018,21.0,"""All right,"" he says.",681.0
1656,280,1712614449533,7.0,"""Sure.""",515.0
1656,281,1712614450011,18.0,I dress carefully.,478.0
1656,282,1712614451783,48.0,I try on a hat and look at myself in the mirror.,1771.0
1656,283,1712614452506,28.0,I write out a note for Dean.,723.0
1656,284,1712614454388,69.0,"Honey, Mommy has things to do this afternoon, but will be back later.",1882.0
1656,285,1712614456528,61.0,You stay in or be in the backyard until one of us comes home.,2140.0
1656,286,1712614457087,11.0,"Love, Mommy",559.0
1656,287,1712614458284,48.0,I look at the word Love and then I underline it.,1197.0
1656,288,1712614459348,29.0,Then I see the word backyard.,1063.0
1656,289,1712614460257,22.0,Is it one word or two?,909.0
1656,290,1712614460759,3.0,***,502.0
1656,291,1712614464367,121.0,"I drive through farm country, through fields of oats and sugar beets and past apple orchards, cattle grazing in pastures.",3608.0
1656,292,1712614468225,99.0,"Then everything changes, more like shacks than farmhouses and stands of timber instead of orchards.",3857.0
1656,293,1712614471194,78.0,"Then mountains, and on the right, far below, I sometimes see the Naches River.",2968.0
1656,294,1712614472941,64.0,A green pickup comes up behind me and stays behind me for miles.,1747.0
1656,295,1712614474758,55.0,"I keep slowing at the wrong times, hoping he will pass.",1817.0
1656,296,1712614475520,16.0,Then I speed up.,762.0
1656,297,1712614476430,36.0,"But this is at the wrong times, too.",910.0
1656,298,1712614477507,39.0,I grip the wheel until my fingers hurt.,1077.0
1656,299,1712614478459,37.0,On a long clear stretch he goes past.,952.0
1656,300,1712614482241,73.0,"But he drives along beside for a bit, a crewcut man in a blue work shirt.",3782.0
1656,301,1712614483153,24.0,We look each other over.,912.0
1656,302,1712614484748,53.0,"Then he waves, toots his horn, and pulls on up ahead.",1595.0
1656,303,1712614485915,29.0,I slow down and find a place.,1167.0
1656,304,1712614486961,35.0,I pull over and shut off the motor.,1045.0
1656,305,1712614487986,42.0,I can hear the river down below the trees.,1025.0
1656,306,1712614489003,35.0,Then I hear the pickup coming back.,1017.0
1656,307,1712614490119,41.0,I lock the doors and roll up the windows.,1116.0
1656,308,1712614491022,30.0,"""You all right?"" the man says.",902.0
1656,309,1712614491946,21.0,He raps on the glass.,924.0
1656,310,1712614492461,11.0,"""You okay?""",513.0
1656,311,1712614494477,64.0,He leans his arms on the door and brings his face to the window.,2016.0
1656,312,1712614495030,15.0,I stare at him.,552.0
1656,313,1712614496106,30.0,I can't think what else to do.,1075.0
1656,314,1712614496834,34.0,"""Is everything all right in there?",728.0
1656,315,1712614498051,31.0,"How come you're all locked up?""",1217.0
1656,316,1712614498632,16.0,I shake my head.,581.0
1656,317,1712614499219,24.0,"""Roll down your window.""",587.0
1656,318,1712614501457,64.0,He shakes his head and looks at the highway and then back at me.,2238.0
1656,319,1712614502350,19.0,"""Roll it down now.""",893.0
1656,320,1712614503493,32.0,"""Please,"" I say, ""I have to go.""",1143.0
1656,321,1712614504406,50.0,"""Open the door,"" he says as if he isn't listening.",913.0
1656,322,1712614505809,33.0,"""You're going to choke in there.""",1403.0
1656,323,1712614507006,32.0,"He looks at my breasts, my legs.",1196.0
1656,324,1712614508031,34.0,I can tell that's what he's doing.,1025.0
1656,325,1712614509030,22.0,"""Hey, sugar,"" he says.",999.0
1656,326,1712614509998,31.0,"""I'm just here to help is all.""",968.0
1656,327,1712614510458,3.0,***,460.0
1656,328,1712614512516,52.0,The casket is closed and covered with floral sprays.,2058.0
1656,329,1712614514906,45.0,The organ starts up the minute I take a seat.,2389.0
1656,330,1712614515812,40.0,People are coming in and finding chairs.,906.0
1656,331,1712614517607,63.0,There's a boy in flared pants and a yellow short-sleeved shirt.,1795.0
1656,332,1712614521730,100.0,A door opens and the family comes in in a group and moves over to a curtained place off to one side.,4123.0
1656,333,1712614523657,39.0,Chairs creak as everybody gets settled.,1927.0
1656,334,1712614526433,83.0,"Directly, a nice blond man in a nice dark suit stands and asks us to bow our heads.",2776.0
1656,335,1712614529013,105.0,"He says a prayer for us, the living, and when he finishes, he says a prayer for the soul of the departed.",2580.0
1656,336,1712614531992,43.0,Along with the others I go past the casket.,2979.0
1656,337,1712614534421,66.0,Then I move out onto the front steps and into the afternoon light.,2429.0
1656,338,1712614536474,66.0,There's a woman who limps as she goes down the stairs ahead of me.,2053.0
1656,339,1712614537555,33.0,On the sidewalk she looks around.,1081.0
1656,340,1712614538668,31.0,"""Well, they got him,"" she says.",1112.0
1656,341,1712614539450,27.0,"""If that's any consolation.",782.0
1656,342,1712614540421,31.0,They arrested him this morning.,971.0
1656,343,1712614541524,38.0,I heard it on the radio before I come.,1103.0
1656,344,1712614542843,26.0,"A boy right here in town.""",1319.0
1656,345,1712614544221,42.0,We move a few steps down the hot sidewalk.,1378.0
1656,346,1712614544950,25.0,People are starting cars.,729.0
1656,347,1712614546663,49.0,I put out my hand and hold on to a parking meter.,1713.0
1656,348,1712614547993,36.0,Polished hoods and polished fenders.,1330.0
1656,349,1712614548603,14.0,My head swims.,610.0
1656,350,1712614550080,41.0,"I say, ""They have friends, these killers.",1477.0
1656,351,1712614551011,16.0,"You can't tell.""",931.0
1656,352,1712614553063,70.0,"""I have known that child since she was a little girl,"" the woman says.",2052.0
1656,353,1712614555544,93.0,"""She used to come over and I'd bake cookies for her and let her eat them in front of the TV.""",2480.0
1656,354,1712614556414,3.0,***,869.0
1656,355,1712614558411,76.0,"Back home, Stuart sits at the table with a drink of whiskey in front of him.",1997.0
1656,356,1712614560184,57.0,For a crazy instant I think something's happened to Dean.,1773.0
1656,357,1712614560828,14.0,"""Where is he?""",644.0
1656,358,1712614561369,6.0,I say.,541.0
1656,359,1712614561884,16.0,"""Where is Dean?""",515.0
1656,360,1712614562519,27.0,"""Outside,"" my husband says.",635.0
1656,361,1712614564230,34.0,He drains his glass and stands up.,1710.0
1656,362,1712614566335,40.0,"He says, ""I think I know what you need.""",2105.0
1656,363,1712614569887,138.0,He reaches an arm around my waist and with his other hand he begins to unbutton my jacket and then he goes on to the buttons of my blouse.,3552.0
1656,364,1712614570730,30.0,"""First things first,"" he says.",843.0
1656,365,1712614571391,23.0,He says something else.,661.0
1656,366,1712614571954,27.0,But I don't need to listen.,563.0
1656,367,1712614573105,46.0,I can't hear a thing with so much water going.,1151.0
1656,368,1712614573607,3.0,***,501.0
1613,102,1712596991294,3.0,***,6513.0
1613,103,1712596993684,37.0,My husband eats with a good appetite.,2390.0
1613,104,1712596995284,37.0,But I don't think he's really hungry.,1600.0
1613,105,1712597002277,69.0,"He chews, arms on the table, and stares at something across the room.",6993.0
1613,106,1712597003860,30.0,He looks at me and looks away.,1582.0
1613,107,1712597005292,33.0,He wipes his mouth on the napkin.,1432.0
1613,108,1712597006556,30.0,"He shrugs, and goes on eating.",1264.0
1613,109,1712597008212,42.0,"""What are you staring at me for?"" he says.",1656.0
1613,110,1712597009996,45.0,"""What is it?"" he says and lays down his fork.",1784.0
1613,111,1712597011637,42.0,"""Was I staring?"" I say, and shake my head.",1641.0
1613,112,1712597012628,20.0,The telephone rings.,991.0
1613,113,1712597013745,27.0,"""Don't answer it,"" he says.",1117.0
1613,114,1712597014978,33.0,"""It might be your mother,"" I say.",1233.0
1613,115,1712597016794,25.0,"""Watch and see,"" he says.",1816.0
1613,116,1712597017842,34.0,I pick up the receiver and listen.,1047.0
1613,117,1712597018938,24.0,My husband stops eating.,1096.0
1613,118,1712597020626,46.0,"""What did I tell you?"" he says when I hang up.",1688.0
1613,119,1712597021538,23.0,He starts to eat again.,912.0
1613,120,1712597023506,36.0,Then throws his napkin on his plate.,1968.0
1613,121,1712597025555,63.0,"He says, ""Goddamn it, why can't people mind their own business?",2049.0
1613,122,1712597026786,41.0,Tell me what I did wrong and I'll listen!,1230.0
1613,123,1712597028667,28.0,I wasn't the only man there.,1881.0
1613,124,1712597030162,37.0,We talked it over and we all decided.,1495.0
1613,125,1712597031601,29.0,We couldn't just turn around.,1439.0
1613,126,1712597033356,32.0,We were five miles from the car.,1754.0
1613,127,1712597035298,34.0,I won't have you passing judgment.,1942.0
1613,128,1712597036211,13.0,"Do you hear?""",913.0
1613,129,1712597037418,18.0,"""You know,"" I say.",1207.0
1613,130,1712597039306,33.0,"He says, ""What do I know, Claire?",1888.0
1613,131,1712597040514,34.0,Tell me what I'm supposed to know.,1208.0
1613,132,1712597041938,40.0,"I don't know anything except one thing?""",1424.0
1613,133,1712597043452,48.0,He gives me what he thinks is a meaningful look.,1514.0
1613,134,1712597045338,24.0,"""She was dead,"" he says.",1886.0
1613,135,1712597046754,33.0,"""And I'm as sorry as anyone else.",1416.0
1613,136,1712597047996,18.0,"But she was dead.""",1242.0
1613,137,1712597048986,26.0,"""That's the point,"" I say.",990.0
1613,138,1712597050074,20.0,He raises his hands.,1088.0
1613,139,1712597051242,40.0,He pushes his chair away from the table.,1168.0
1613,140,1712597052780,72.0,He takes out his cigarettes and goes out to the back with a can of beer.,1538.0
1613,141,1712597055586,64.0,I see him sit in the lawn chair and pick up the newspaper again.,2806.0
1613,142,1712597056986,39.0,His name is in there on the first page.,1400.0
1613,143,1712597058131,36.0,Along with the names of his friends.,1145.0
1613,144,1712597059466,40.0,I close my eyes and hold on to the sink.,1335.0
1613,145,1712597061906,74.0,Then I rake my arm across the drainboard and send the dishes to the floor.,2440.0
1613,146,1712597062714,16.0,He doesn't move.,808.0
1613,147,1712597063626,18.0,I know he's heard.,912.0
1613,148,1712597064882,40.0,He lifts his head as if still listening.,1256.0
1613,149,1712597065874,30.0,But he doesn't move otherwise.,992.0
1613,150,1712597066674,23.0,He doesn't turn around.,800.0
1613,151,1712597067402,3.0,***,728.0
1613,152,1712597070618,88.0,"He and Gordon Johnson and Mel Dorn and Vern Williams, they play poker and bowl and fish.",3216.0
1613,153,1712597073994,85.0,They fish every spring and early summer before visiting relatives can get in the way.,3376.0
1613,154,1712597076475,65.0,"They are decent men, family men, men who take care of their jobs.",2481.0
1613,155,1712597080162,65.0,"They have sons and daughters who go to school with our son, Dean.",3687.0
1613,156,1712597083386,55.0,Last Friday these family men left for the Naches River.,3224.0
1613,157,1712597086189,76.0,They parked the car in the mountains and hiked to where they wanted to fish.,2802.0
1613,158,1712597089570,76.0,"They carried their bedrolls, their food, their playing cards, their whiskey.",3381.0
1613,159,1712597091258,42.0,They saw the girl before they set up camp.,1688.0
1613,160,1712597092362,19.0,Mel Dorn found her.,1104.0
1613,161,1712597093546,25.0,No clothes on her at all.,1184.0
1613,162,1712597096161,64.0,She was wedged into some branches that stuck out over the water.,2614.0
1613,163,1712597097282,43.0,He called the others and they came to look.,1120.0
1613,164,1712597098276,29.0,They talked about what to do.,994.0
1613,165,1712597100652,82.0,One of the men - my Stuart didn't say which - said they should start back at once.,2376.0
1613,166,1712597105106,86.0,"The others stirred the sand with their shoes, said they didn't feel inclined that way.",4454.0
1613,167,1712597108418,82.0,"They pleaded fatigue, the late hour, the fact that the girl wasn't going anywhere.",3312.0
1613,168,1712597110626,47.0,In the end they went ahead and set up the camp.,2208.0
1613,169,1712597111674,42.0,They built a fire and drank their whiskey.,1047.0
1613,170,1712597113329,50.0,"When the moon came up, they talked about the girl.",1655.0
1613,171,1712597115930,59.0,Someone said they should -keep the body from drifting away.,2600.0
1613,172,1712597117066,55.0,They took their flashlights and went back to the river.,1136.0
1613,173,1712597119682,66.0,One of the men - it might have been Stuart - waded in and got her.,2616.0
1613,174,1712597122411,53.0,He took her by the fingers and pulled her into shore.,2729.0
1613,175,1712597125106,87.0,He got some nylon cord and tied it to her wrist and then looped the rest around a tree.,2695.0
1613,176,1712597127114,99.0,"The next morning they cooked breakfast, drank coffee, and drank whiskey, and then split up to fish.",2007.0
1613,177,1712597131370,182.0,"That night they cooked fish, cooked potatoes, drank coffee, drank whiskey, then took their cooking things and eating things back down to the river and washed them where the girl was.",4256.0
1613,178,1712597132642,32.0,They played some cards later on.,1271.0
1613,179,1712597134520,55.0,Maybe they played until they couldn't see them anymore.,1878.0
1613,180,1712597135553,28.0,Vern Williams went to sleep.,1033.0
1613,181,1712597136856,28.0,But the others told stories.,1303.0
1613,182,1712597140417,100.0,Gordon Johnson said the trout they'd caught were hard because of the terrible coldness of the water.,3560.0
1613,183,1712597144889,154.0,"The next morning they got up late, drank whiskey, fished a little, took down their tents, rolled their sleeping bags, gathered their stuff, and hiked out.",4472.0
1613,184,1712597146105,41.0,They drove until they got to a telephone.,1216.0
1613,185,1712597148218,86.0,It was Stuart who made the call while the others stood around in the sun and listened.,2113.0
1613,186,1712597149545,32.0,He gave the sheriff their names.,1326.0
1613,187,1712597150401,25.0,They had nothing to hide.,856.0
1613,188,1712597151137,21.0,They weren't ashamed.,736.0
1613,189,1712597153721,100.0,They said they'd wait until someone could come for better directions and take down their statements.,2584.0
1613,190,1712597155129,3.0,***,1408.0
1613,191,1712597156440,30.0,I was asleep when he got home.,1311.0
1613,192,1712597158609,46.0,But I woke up when I heard him in the kitchen.,2168.0
1613,193,1712597160539,64.0,I found him leaning against the refrigerator with a can of beer.,1930.0
1613,194,1712597163050,68.0,He put his heavy arms around me and rubbed his big hands on my back.,2511.0
1613,195,1712597165646,85.0,In bed he put his hands on me again and then waited as if thinking of something else.,2596.0
1613,196,1712597167517,28.0,I turned and opened my legs.,1871.0
1613,197,1712597169880,36.0,"Afterwards, I think he stayed awake.",2363.0
1613,198,1712597171641,53.0,He was up that morning before I could get out of bed.,1760.0
1613,199,1712597173457,54.0,"To see if there was something in the paper, I suppose.",1816.0
1613,200,1712597175002,46.0,The telephone began ringing right after eight.,1545.0
1613,201,1712597176115,13.0,"""Go to hell!""",1112.0
1613,202,1712597176976,18.0,I heard him shout.,861.0
1613,203,1712597178145,31.0,The telephone rang right again.,1169.0
1613,204,1712597180081,59.0,"""I have nothing to add to what I already told the sheriff!""",1936.0
1613,205,1712597180938,29.0,He slammed the receiver down.,857.0
1613,206,1712597181673,27.0,"""What is going on?"" I said.",735.0
1613,207,1712597183361,49.0,It was then that he told me what I just told you.,1688.0
1613,208,1712597184656,3.0,***,1295.0
1613,209,1712597186945,44.0,I sweep up the broken dishes and go outside.,2288.0
1613,210,1712597190033,85.0,"He is lying on his back on the grass now, the newspaper and can of beer within reach.",3088.0
1613,211,1712597191777,41.0,"""Stuart, could we go for a drive?"" I say.",1744.0
1613,212,1712597192937,30.0,He rolls over and looks at me.,1160.0
1613,213,1712597194264,37.0,"""We'll pick up some beer,"" he says...",1327.0
1613,214,1712597196674,62.0,He gets to his feet and touches me on the hip as he goes past.,2410.0
1613,215,1712597197506,28.0,"""Give me a minute,"" he says.",832.0
1613,216,1712597198930,39.0,We drive through town without speaking.,1423.0
1613,217,1712597200058,39.0,He stops at a roadside market for beer.,1127.0
1613,218,1712597201132,54.0,I notice a great stack of papers just inside the door.,1074.0
1613,219,1712597207306,89.0,On the top step a fat woman in a print dress holds out a licorice stick to a little girl.,6173.0
1613,220,1712597210778,66.0,"Later on, we cross Everson Creek and turn into the picnic grounds.",3472.0
1613,221,1712597214385,79.0,The creek runs under the bridge and into a large pond a few hundred yards away.,3607.0
1613,222,1712597215393,28.0,I can see the men out there.,1008.0
1613,223,1712597216818,33.0,I can see them out there fishing.,1425.0
1613,224,1712597218250,31.0,So much water so close to home.,1431.0
1613,225,1712597221434,43.0,"I say, ""Why did you have to go miles away?""",3184.0
1613,226,1712597222593,25.0,"""Don't rile me,"" he says.",1159.0
1613,227,1712597224641,29.0,We sit on a bench in the sun.,2048.0
1613,228,1712597227073,25.0,He opens us cans of beer.,2432.0
1613,229,1712597227802,25.0,"He says, ""Relax, Claire.""",729.0
1613,230,1712597229241,30.0,"""They said they were innocent.",1439.0
1613,231,1712597231401,27.0,"They said they were crazy.""",2159.0
1613,232,1712597232146,15.0,"He says, ""Who?""",744.0
1613,233,1712597233017,38.0,"He says, ""What are you talking about?""",871.0
1613,234,1712597233946,21.0,"""The Maddox brothers.",928.0
1613,235,1712597236695,54.0,They killed a girl named Arlene Hubly where I grew up.,2748.0
1613,236,1712597239195,60.0,They cut off her head and threw her into the Cle Elum River.,2500.0
1613,237,1712597241041,31.0,"It happened when I was a girl.""",1846.0
1613,238,1712597242666,40.0,"""You're going to get me riled,"" he says.",1625.0
1613,239,1712597243449,20.0,I look at the creek.,783.0
1613,240,1712597248521,79.0,"I'm right in it, eyes open, face down, staring at the moss on the bottom, dead.",5072.0
1613,241,1712597250809,62.0,"""I don't know what's wrong with you,"" he says on the way home.",2288.0
1613,242,1712597253090,45.0,"""You're getting me more riled by the minute.""",2280.0
1613,243,1712597254993,34.0,There is nothing I can say to him.,1903.0
1613,244,1712597256073,36.0,He tries to concentrate on the road.,1080.0
1613,245,1712597257539,47.0,But he keeps looking into the rear-view mirror.,1466.0
1613,246,1712597258115,9.0,He knows.,575.0
1613,247,1712597259139,3.0,***,1024.0
1613,248,1712597261157,52.0,Stuart believes he is letting me sleep this morning.,2018.0
1613,249,1712597263171,47.0,But I was awake long before the alarm went off.,2014.0
1613,250,1712597265860,74.0,"I was thinking, lying on the far side of the bed away from his hairy legs.",2688.0
1613,251,1712597268667,78.0,"He gets Dean off for school, and then he shaves, dresses, and leaves for work.",2807.0
1613,252,1712597270963,40.0,Twice he looks in and clears his throat.,2296.0
1613,253,1712597273393,26.0,But I keep my eyes closed.,2430.0
1613,254,1712597275003,38.0,In the kitchen I find a note from him.,1610.0
1613,255,1712597276499,19.0,"It's signed ""Love.""",1496.0
1613,256,1712597278499,74.0,I sit in the breakfast nook and drink coffee and leave a ring on the note.,2000.0
1613,257,1712597281715,67.0,I look at the newspaper and turn it this way and that on the table.,3216.0
1613,258,1712597283547,43.0,Then I skid it close and read what it says.,1831.0
1613,259,1712597285003,38.0,"The body has been identified, claimed.",1455.0
1613,260,1712597288147,155.0,"But it took some examining it, some putting things into it, some cutting, some weighing, some measuring, some putting things back again and sewing them in.",3144.0
1613,261,1712597290205,57.0,I sit for a long time holding the newspaper and thinking.,2058.0
1613,262,1712597291755,51.0,Then I call up to get a chair at the hairdresser's.,1550.0
1613,263,1712597292683,3.0,***,928.0
1613,264,1712597295779,75.0,I sit under the dryer with a magazine on my lap and let Marnie do my nails.,3096.0
1613,265,1712597297131,42.0,"""I am going to a funeral tomorrow,"" I say.",1351.0
1613,266,1712597298412,38.0,"""I'm sorry to hear that,"" Marnie says.",1281.0
1613,267,1712597299283,25.0,"""It was a murder,"" I say.",871.0
1613,268,1712597300283,37.0,"""That's the worst kind,"" Marnie says.",999.0
1613,269,1712597301396,35.0,"""We weren't all that close,"" I say.",1113.0
1613,270,1712597302035,15.0,"""But you know?""",639.0
1613,271,1712597303083,45.0,"""We'll get you fixed up for it,"" Marnie says.",1048.0
1613,272,1712597305179,72.0,"That night I make my bed on the sofa, and in the morning I get up first.",2096.0
1613,273,1712597306499,50.0,I put on coffee and fix breakfast while he shaves.,1320.0
1613,274,1712597308403,76.0,"He appears in the kitchen doorway, towel over his bare shoulder, appraising.",1903.0
1613,275,1712597309451,23.0,"""Here's coffee,"" I say.",1048.0
1613,276,1712597310875,31.0,"""Eggs'll be ready in a minute.”",1424.0
1613,277,1712597312307,37.0,"I wake Dean, and the three of us eat.",1432.0
1613,278,1712597314755,79.0,"Whenever Stuart looks at me, I ask Dean if he wants more milk, more toast, etc.",2448.0
1613,279,1712597316844,56.0,"""I'll call you today,"" Stuart says as he opens the door.",2088.0
1613,280,1712597319017,42.0,"I say, ""I don't think I'll be home today.""",2173.0
1613,281,1712597320065,21.0,"""All right,"" he says.",1048.0
1613,282,1712597320817,7.0,"""Sure.""",752.0
1613,283,1712597321553,18.0,I dress carefully.,736.0
1613,284,1712597323115,48.0,I try on a hat and look at myself in the mirror.,1562.0
1613,285,1712597324177,28.0,I write out a note for Dean.,1062.0
1613,286,1712597326921,69.0,"Honey, Mommy has things to do this afternoon, but will be back later.",2744.0
1613,287,1712597328745,61.0,You stay in or be in the backyard until one of us comes home.,1823.0
1613,288,1712597329355,11.0,"Love, Mommy",610.0
1613,289,1712597331289,48.0,I look at the word Love and then I underline it.,1934.0
1613,290,1712597332553,29.0,Then I see the word backyard.,1264.0
1613,291,1712597334352,22.0,Is it one word or two?,1799.0
1613,292,1712597334905,3.0,***,552.0
1613,293,1712597337697,121.0,"I drive through farm country, through fields of oats and sugar beets and past apple orchards, cattle grazing in pastures.",2792.0
1613,294,1712597340954,99.0,"Then everything changes, more like shacks than farmhouses and stands of timber instead of orchards.",3256.0
1613,295,1712597343185,78.0,"Then mountains, and on the right, far below, I sometimes see the Naches River.",2230.0
1613,296,1712597345553,64.0,A green pickup comes up behind me and stays behind me for miles.,2368.0
1613,297,1712597347577,55.0,"I keep slowing at the wrong times, hoping he will pass.",2024.0
1613,298,1712597348265,16.0,Then I speed up.,688.0
1613,299,1712597350017,36.0,"But this is at the wrong times, too.",1752.0
1613,300,1712597351441,39.0,I grip the wheel until my fingers hurt.,1424.0
1613,301,1712597353097,37.0,On a long clear stretch he goes past.,1656.0
1613,302,1712597356145,73.0,"But he drives along beside for a bit, a crewcut man in a blue work shirt.",3048.0
1613,303,1712597357377,24.0,We look each other over.,1232.0
1613,304,1712597359641,53.0,"Then he waves, toots his horn, and pulls on up ahead.",2264.0
1613,305,1712597360897,29.0,I slow down and find a place.,1256.0
1613,306,1712597362953,35.0,I pull over and shut off the motor.,2056.0
1613,307,1712597364394,42.0,I can hear the river down below the trees.,1441.0
1613,308,1712597365753,35.0,Then I hear the pickup coming back.,1358.0
1613,309,1712597367089,41.0,I lock the doors and roll up the windows.,1335.0
1613,310,1712597368128,30.0,"""You all right?"" the man says.",1039.0
1613,311,1712597368969,21.0,He raps on the glass.,841.0
1613,312,1712597369553,11.0,"""You okay?""",584.0
1613,313,1712597371513,64.0,He leans his arms on the door and brings his face to the window.,1960.0
1613,314,1712597372353,15.0,I stare at him.,840.0
1613,315,1712597373217,30.0,I can't think what else to do.,864.0
1613,316,1712597374249,34.0,"""Is everything all right in there?",1032.0
1613,317,1712597375425,31.0,"How come you're all locked up?""",1176.0
1613,318,1712597376155,16.0,I shake my head.,729.0
1613,319,1712597377200,24.0,"""Roll down your window.""",1045.0
1613,320,1712597379611,64.0,He shakes his head and looks at the highway and then back at me.,2411.0
1613,321,1712597380317,19.0,"""Roll it down now.""",705.0
1613,322,1712597381763,32.0,"""Please,"" I say, ""I have to go.""",1446.0
1613,323,1712597383076,50.0,"""Open the door,"" he says as if he isn't listening.",1312.0
1613,324,1712597385059,33.0,"""You're going to choke in there.""",1983.0
1613,325,1712597386531,32.0,"He looks at my breasts, my legs.",1472.0
1613,326,1712597388211,34.0,I can tell that's what he's doing.,1680.0
1613,327,1712597389116,22.0,"""Hey, sugar,"" he says.",905.0
1613,328,1712597390202,31.0,"""I'm just here to help is all.""",1086.0
1613,329,1712597390747,3.0,***,544.0
1613,330,1712597392628,52.0,The casket is closed and covered with floral sprays.,1880.0
1613,331,1712597394059,45.0,The organ starts up the minute I take a seat.,1431.0
1613,332,1712597395491,40.0,People are coming in and finding chairs.,1432.0
1613,333,1712597399851,63.0,There's a boy in flared pants and a yellow short-sleeved shirt.,4360.0
1613,334,1712597405267,100.0,A door opens and the family comes in in a group and moves over to a curtained place off to one side.,5416.0
1613,335,1712597406443,39.0,Chairs creak as everybody gets settled.,1176.0
1613,336,1712597408052,83.0,"Directly, a nice blond man in a nice dark suit stands and asks us to bow our heads.",1609.0
1613,337,1712597410779,105.0,"He says a prayer for us, the living, and when he finishes, he says a prayer for the soul of the departed.",2727.0
1613,338,1712597411899,43.0,Along with the others I go past the casket.,1120.0
1613,339,1712597413540,66.0,Then I move out onto the front steps and into the afternoon light.,1641.0
1613,340,1712597416251,66.0,There's a woman who limps as she goes down the stairs ahead of me.,2711.0
1613,341,1712597417204,33.0,On the sidewalk she looks around.,952.0
1613,342,1712597418291,31.0,"""Well, they got him,"" she says.",1087.0
1613,343,1712597419379,27.0,"""If that's any consolation.",1088.0
1613,344,1712597420477,31.0,They arrested him this morning.,1097.0
1613,345,1712597421396,38.0,I heard it on the radio before I come.,919.0
1613,346,1712597422402,26.0,"A boy right here in town.""",1005.0
1613,347,1712597423866,42.0,We move a few steps down the hot sidewalk.,1464.0
1613,348,1712597424563,25.0,People are starting cars.,697.0
1613,349,1712597426827,49.0,I put out my hand and hold on to a parking meter.,2264.0
1613,350,1712597428187,36.0,Polished hoods and polished fenders.,1359.0
1613,351,1712597428901,14.0,My head swims.,714.0
1613,352,1712597430667,41.0,"I say, ""They have friends, these killers.",1766.0
1613,353,1712597431292,16.0,"You can't tell.""",625.0
1613,354,1712597433971,70.0,"""I have known that child since she was a little girl,"" the woman says.",2679.0
1613,355,1712597435835,93.0,"""She used to come over and I'd bake cookies for her and let her eat them in front of the TV.""",1864.0
1613,356,1712597436451,3.0,***,616.0
1613,357,1712597439123,76.0,"Back home, Stuart sits at the table with a drink of whiskey in front of him.",2672.0
1613,358,1712597441346,57.0,For a crazy instant I think something's happened to Dean.,2222.0
1613,359,1712597441978,14.0,"""Where is he?""",631.0
1613,360,1712597442578,6.0,I say.,600.0
1613,361,1712597443211,16.0,"""Where is Dean?""",633.0
1613,362,1712597444146,27.0,"""Outside,"" my husband says.",935.0
1613,363,1712597444931,34.0,He drains his glass and stands up.,785.0
1613,364,1712597447186,40.0,"He says, ""I think I know what you need.""",2255.0
1613,365,1712597451396,138.0,He reaches an arm around my waist and with his other hand he begins to unbutton my jacket and then he goes on to the buttons of my blouse.,4209.0
1613,366,1712597452570,30.0,"""First things first,"" he says.",1174.0
1613,367,1712597453260,23.0,He says something else.,690.0
1613,368,1712597454322,27.0,But I don't need to listen.,1062.0
1613,369,1712597456266,46.0,I can't hear a thing with so much water going.,1944.0
1613,370,1712597456852,3.0,***,586.0
1657,100,1712614484743,3.0,***,2570.0
1657,101,1712614487888,37.0,My husband eats with a good appetite.,3144.0
1657,102,1712614490308,37.0,But I don't think he's really hungry.,2419.0
1657,103,1712614495172,69.0,"He chews, arms on the table, and stares at something across the room.",4864.0
1657,104,1712614498297,30.0,He looks at me and looks away.,3124.0
1657,105,1712614501468,33.0,He wipes his mouth on the napkin.,3171.0
1657,106,1712614504081,30.0,"He shrugs, and goes on eating.",2613.0
1657,107,1712614507071,42.0,"""What are you staring at me for?"" he says.",2989.0
1657,108,1712614510341,45.0,"""What is it?"" he says and lays down his fork.",3270.0
1657,109,1712614514145,42.0,"""Was I staring?"" I say, and shake my head.",3803.0
1657,110,1712614515703,20.0,The telephone rings.,1558.0
1657,111,1712614517178,27.0,"""Don't answer it,"" he says.",1475.0
1657,112,1712614518794,33.0,"""It might be your mother,"" I say.",1616.0
1657,113,1712614521263,25.0,"""Watch and see,"" he says.",2469.0
1657,114,1712614523323,34.0,I pick up the receiver and listen.,2060.0
1657,115,1712614525576,24.0,My husband stops eating.,2253.0
1657,116,1712614529285,46.0,"""What did I tell you?"" he says when I hang up.",3709.0
1657,117,1712614531022,23.0,He starts to eat again.,1737.0
1657,118,1712614533389,36.0,Then throws his napkin on his plate.,2367.0
1657,119,1712614536663,63.0,"He says, ""Goddamn it, why can't people mind their own business?",3274.0
1657,120,1712614539593,41.0,Tell me what I did wrong and I'll listen!,2930.0
1657,121,1712614541648,28.0,I wasn't the only man there.,2055.0
1657,122,1712614544072,37.0,We talked it over and we all decided.,2424.0
1657,123,1712614545883,29.0,We couldn't just turn around.,1811.0
1657,124,1712614548072,32.0,We were five miles from the car.,2189.0
1657,125,1712614549744,34.0,I won't have you passing judgment.,1672.0
1657,126,1712614551463,13.0,"Do you hear?""",1719.0
1657,127,1712614552888,18.0,"""You know,"" I say.",1425.0
1657,128,1712614555857,33.0,"He says, ""What do I know, Claire?",2969.0
1657,129,1712614557425,34.0,Tell me what I'm supposed to know.,1568.0
1657,130,1712614559510,40.0,"I don't know anything except one thing?""",2085.0
1657,131,1712614562724,48.0,He gives me what he thinks is a meaningful look.,3214.0
1657,132,1712614564895,24.0,"""She was dead,"" he says.",2171.0
1657,133,1712614567369,33.0,"""And I'm as sorry as anyone else.",2474.0
1657,134,1712614568683,18.0,"But she was dead.""",1314.0
1657,135,1712614570037,26.0,"""That's the point,"" I say.",1354.0
1657,136,1712614571103,20.0,He raises his hands.,1066.0
1657,137,1712614574864,40.0,He pushes his chair away from the table.,3761.0
1657,138,1712614578055,72.0,He takes out his cigarettes and goes out to the back with a can of beer.,3191.0
1657,139,1712614581665,64.0,I see him sit in the lawn chair and pick up the newspaper again.,3610.0
1657,140,1712614585342,39.0,His name is in there on the first page.,3677.0
1657,141,1712614587157,36.0,Along with the names of his friends.,1813.0
1657,142,1712614589970,40.0,I close my eyes and hold on to the sink.,2812.0
1657,143,1712614594081,74.0,Then I rake my arm across the drainboard and send the dishes to the floor.,4111.0
1657,144,1712614595710,16.0,He doesn't move.,1628.0
1657,145,1712614596692,18.0,I know he's heard.,981.0
1657,146,1712614599987,40.0,He lifts his head as if still listening.,3295.0
1657,147,1712614601410,30.0,But he doesn't move otherwise.,1423.0
1657,148,1712614602752,23.0,He doesn't turn around.,1342.0
1657,149,1712614603756,3.0,***,1004.0
1657,150,1712614613006,88.0,"He and Gordon Johnson and Mel Dorn and Vern Williams, they play poker and bowl and fish.",9250.0
1657,151,1712614618293,85.0,They fish every spring and early summer before visiting relatives can get in the way.,5286.0
1657,152,1712614622048,65.0,"They are decent men, family men, men who take care of their jobs.",3755.0
1657,153,1712614626686,65.0,"They have sons and daughters who go to school with our son, Dean.",4637.0
1657,154,1712614632821,55.0,Last Friday these family men left for the Naches River.,6135.0
1657,155,1712614637025,76.0,They parked the car in the mountains and hiked to where they wanted to fish.,4204.0
1657,156,1712614640779,76.0,"They carried their bedrolls, their food, their playing cards, their whiskey.",3754.0
1657,157,1712614643739,42.0,They saw the girl before they set up camp.,2959.0
1657,158,1712614645728,19.0,Mel Dorn found her.,1989.0
1657,159,1712614647479,25.0,No clothes on her at all.,1751.0
1657,160,1712614651784,64.0,She was wedged into some branches that stuck out over the water.,4305.0
1657,161,1712614654280,43.0,He called the others and they came to look.,2496.0
1657,162,1712614655848,29.0,They talked about what to do.,1568.0
1657,163,1712614660892,82.0,One of the men - my Stuart didn't say which - said they should start back at once.,5044.0
1657,164,1712614666579,86.0,"The others stirred the sand with their shoes, said they didn't feel inclined that way.",5686.0
1657,165,1712614671105,82.0,"They pleaded fatigue, the late hour, the fact that the girl wasn't going anywhere.",4526.0
1657,166,1712614673536,47.0,In the end they went ahead and set up the camp.,2431.0
1657,167,1712614675437,42.0,They built a fire and drank their whiskey.,1901.0
1657,168,1712614678294,50.0,"When the moon came up, they talked about the girl.",2857.0
1657,169,1712614682229,59.0,Someone said they should -keep the body from drifting away.,3935.0
1657,170,1712614684643,55.0,They took their flashlights and went back to the river.,2413.0
1657,171,1712614689306,66.0,One of the men - it might have been Stuart - waded in and got her.,4663.0
1657,172,1712614691907,53.0,He took her by the fingers and pulled her into shore.,2601.0
1657,173,1712614696966,87.0,He got some nylon cord and tied it to her wrist and then looped the rest around a tree.,5058.0
1657,174,1712614703787,99.0,"The next morning they cooked breakfast, drank coffee, and drank whiskey, and then split up to fish.",6821.0
1657,175,1712614708863,182.0,"That night they cooked fish, cooked potatoes, drank coffee, drank whiskey, then took their cooking things and eating things back down to the river and washed them where the girl was.",5075.0
1657,176,1712614709762,32.0,They played some cards later on.,899.0
1657,177,1712614711258,55.0,Maybe they played until they couldn't see them anymore.,1496.0
1657,178,1712614712129,28.0,Vern Williams went to sleep.,871.0
1657,179,1712614713212,28.0,But the others told stories.,1082.0
1657,180,1712614715646,100.0,Gordon Johnson said the trout they'd caught were hard because of the terrible coldness of the water.,2434.0
1657,181,1712614718873,154.0,"The next morning they got up late, drank whiskey, fished a little, took down their tents, rolled their sleeping bags, gathered their stuff, and hiked out.",3227.0
1657,182,1712614719855,41.0,They drove until they got to a telephone.,982.0
1657,183,1712614721638,86.0,It was Stuart who made the call while the others stood around in the sun and listened.,1783.0
1657,184,1712614722513,32.0,He gave the sheriff their names.,875.0
1657,185,1712614723184,25.0,They had nothing to hide.,671.0
1657,186,1712614723925,21.0,They weren't ashamed.,740.0
1657,187,1712614728357,100.0,They said they'd wait until someone could come for better directions and take down their statements.,4432.0
1657,188,1712614729091,3.0,***,734.0
1657,189,1712614729972,30.0,I was asleep when he got home.,881.0
1657,190,1712614731147,46.0,But I woke up when I heard him in the kitchen.,1174.0
1657,191,1712614732877,64.0,I found him leaning against the refrigerator with a can of beer.,1730.0
1657,192,1712614734391,68.0,He put his heavy arms around me and rubbed his big hands on my back.,1513.0
1657,193,1712614737943,85.0,In bed he put his hands on me again and then waited as if thinking of something else.,3552.0
1657,194,1712614738893,28.0,I turned and opened my legs.,950.0
1657,195,1712614740198,36.0,"Afterwards, I think he stayed awake.",1305.0
1657,196,1712614744652,53.0,He was up that morning before I could get out of bed.,4454.0
1657,197,1712614746648,54.0,"To see if there was something in the paper, I suppose.",1996.0
1657,198,1712614747769,46.0,The telephone began ringing right after eight.,1121.0
1657,199,1712614748499,13.0,"""Go to hell!""",730.0
1657,200,1712614749050,18.0,I heard him shout.,550.0
1657,201,1712614749729,31.0,The telephone rang right again.,679.0
1657,202,1712614750862,59.0,"""I have nothing to add to what I already told the sheriff!""",1133.0
1657,203,1712614751468,29.0,He slammed the receiver down.,606.0
1657,204,1712614752022,27.0,"""What is going on?"" I said.",554.0
1657,205,1712614753459,49.0,It was then that he told me what I just told you.,1437.0
1657,206,1712614754347,3.0,***,888.0
1657,207,1712614755682,44.0,I sweep up the broken dishes and go outside.,1335.0
1657,208,1712614758032,85.0,"He is lying on his back on the grass now, the newspaper and can of beer within reach.",2350.0
1657,209,1712614759483,41.0,"""Stuart, could we go for a drive?"" I say.",1451.0
1657,210,1712614760283,30.0,He rolls over and looks at me.,800.0
1657,211,1712614761198,37.0,"""We'll pick up some beer,"" he says...",915.0
1657,212,1712614763199,62.0,He gets to his feet and touches me on the hip as he goes past.,2001.0
1657,213,1712614764043,28.0,"""Give me a minute,"" he says.",844.0
1657,214,1712614764803,39.0,We drive through town without speaking.,760.0
1657,215,1712614765539,39.0,He stops at a roadside market for beer.,736.0
1657,216,1712614766912,54.0,I notice a great stack of papers just inside the door.,1373.0
1657,217,1712614769913,89.0,On the top step a fat woman in a print dress holds out a licorice stick to a little girl.,3001.0
1657,218,1712614772886,66.0,"Later on, we cross Everson Creek and turn into the picnic grounds.",2973.0
1657,219,1712614774904,79.0,The creek runs under the bridge and into a large pond a few hundred yards away.,2018.0
1657,220,1712614776129,28.0,I can see the men out there.,1225.0
1657,221,1712614777041,33.0,I can see them out there fishing.,912.0
1657,222,1712614778447,31.0,So much water so close to home.,1406.0
1657,223,1712614780641,43.0,"I say, ""Why did you have to go miles away?""",2194.0
1657,224,1712614781727,25.0,"""Don't rile me,"" he says.",1086.0
1657,225,1712614782695,29.0,We sit on a bench in the sun.,968.0
1657,226,1712614783783,25.0,He opens us cans of beer.,1088.0
1657,227,1712614784518,25.0,"He says, ""Relax, Claire.""",734.0
1657,228,1712614785201,30.0,"""They said they were innocent.",683.0
1657,229,1712614786118,27.0,"They said they were crazy.""",917.0
1657,230,1712614786827,15.0,"He says, ""Who?""",708.0
1657,231,1712614787903,38.0,"He says, ""What are you talking about?""",1076.0
1657,232,1712614788803,21.0,"""The Maddox brothers.",900.0
1657,233,1712614793678,54.0,They killed a girl named Arlene Hubly where I grew up.,4875.0
1657,234,1712614801922,60.0,They cut off her head and threw her into the Cle Elum River.,8244.0
1657,235,1712614803350,31.0,"It happened when I was a girl.""",1428.0
1657,236,1712614805192,40.0,"""You're going to get me riled,"" he says.",1842.0
1657,237,1712614805976,20.0,I look at the creek.,784.0
1657,238,1712614809404,79.0,"I'm right in it, eyes open, face down, staring at the moss on the bottom, dead.",3428.0
1657,239,1712614810839,62.0,"""I don't know what's wrong with you,"" he says on the way home.",1435.0
1657,240,1712614812080,45.0,"""You're getting me more riled by the minute.""",1241.0
1657,241,1712614812874,34.0,There is nothing I can say to him.,794.0
1657,242,1712614813776,36.0,He tries to concentrate on the road.,902.0
1657,243,1712614814794,47.0,But he keeps looking into the rear-view mirror.,1018.0
1657,244,1712614815423,9.0,He knows.,629.0
1657,245,1712614816173,3.0,***,750.0
1657,246,1712614818760,52.0,Stuart believes he is letting me sleep this morning.,2587.0
1657,247,1712614820043,47.0,But I was awake long before the alarm went off.,1283.0
1657,248,1712614822607,74.0,"I was thinking, lying on the far side of the bed away from his hairy legs.",2563.0
1657,249,1712614824577,78.0,"He gets Dean off for school, and then he shaves, dresses, and leaves for work.",1970.0
1657,250,1712614825730,40.0,Twice he looks in and clears his throat.,1153.0
1657,251,1712614826416,26.0,But I keep my eyes closed.,686.0
1657,252,1712614827348,38.0,In the kitchen I find a note from him.,932.0
1657,253,1712614828062,19.0,"It's signed ""Love.""",714.0
1657,254,1712614830937,74.0,I sit in the breakfast nook and drink coffee and leave a ring on the note.,2875.0
1657,255,1712614835909,67.0,I look at the newspaper and turn it this way and that on the table.,4972.0
1657,256,1712614838427,43.0,Then I skid it close and read what it says.,2518.0
1657,257,1712614839671,38.0,"The body has been identified, claimed.",1244.0
1657,258,1712614845377,155.0,"But it took some examining it, some putting things into it, some cutting, some weighing, some measuring, some putting things back again and sewing them in.",5706.0
1657,259,1712614846838,57.0,I sit for a long time holding the newspaper and thinking.,1461.0
1657,260,1712614848728,51.0,Then I call up to get a chair at the hairdresser's.,1890.0
1657,261,1712614849726,3.0,***,998.0
1657,262,1712614851999,75.0,I sit under the dryer with a magazine on my lap and let Marnie do my nails.,2273.0
1657,263,1712614853493,42.0,"""I am going to a funeral tomorrow,"" I say.",1494.0
1657,264,1712614854416,38.0,"""I'm sorry to hear that,"" Marnie says.",923.0
1657,265,1712614855224,25.0,"""It was a murder,"" I say.",808.0
1657,266,1712614856110,37.0,"""That's the worst kind,"" Marnie says.",885.0
1657,267,1712614857953,35.0,"""We weren't all that close,"" I say.",1843.0
1657,268,1712614858713,15.0,"""But you know?""",760.0
1657,269,1712614860339,45.0,"""We'll get you fixed up for it,"" Marnie says.",1626.0
1657,270,1712614863518,72.0,"That night I make my bed on the sofa, and in the morning I get up first.",3179.0
1657,271,1712614866332,50.0,I put on coffee and fix breakfast while he shaves.,2814.0
1657,272,1712614868331,76.0,"He appears in the kitchen doorway, towel over his bare shoulder, appraising.",1999.0
1657,273,1712614869243,23.0,"""Here's coffee,"" I say.",912.0
1657,274,1712614870064,31.0,"""Eggs'll be ready in a minute.”",821.0
1657,275,1712614871316,37.0,"I wake Dean, and the three of us eat.",1251.0
1657,276,1712614873335,79.0,"Whenever Stuart looks at me, I ask Dean if he wants more milk, more toast, etc.",2019.0
1657,277,1712614874890,56.0,"""I'll call you today,"" Stuart says as he opens the door.",1555.0
1657,278,1712614875822,42.0,"I say, ""I don't think I'll be home today.""",932.0
1657,279,1712614876613,21.0,"""All right,"" he says.",791.0
1657,280,1712614877469,7.0,"""Sure.""",856.0
1657,281,1712614878338,18.0,I dress carefully.,869.0
1657,282,1712614879758,48.0,I try on a hat and look at myself in the mirror.,1420.0
1657,283,1712614881084,28.0,I write out a note for Dean.,1325.0
1657,284,1712614883469,69.0,"Honey, Mommy has things to do this afternoon, but will be back later.",2385.0
1657,285,1712614885991,61.0,You stay in or be in the backyard until one of us comes home.,2522.0
1657,286,1712614886799,11.0,"Love, Mommy",808.0
1657,287,1712614888160,48.0,I look at the word Love and then I underline it.,1361.0
1657,288,1712614889258,29.0,Then I see the word backyard.,1098.0
1657,289,1712614890348,22.0,Is it one word or two?,1090.0
1657,290,1712614891158,3.0,***,810.0
1657,291,1712614906723,121.0,"I drive through farm country, through fields of oats and sugar beets and past apple orchards, cattle grazing in pastures.",15564.0
1657,292,1712614911300,99.0,"Then everything changes, more like shacks than farmhouses and stands of timber instead of orchards.",4576.0
1657,293,1712614914444,78.0,"Then mountains, and on the right, far below, I sometimes see the Naches River.",3144.0
1657,294,1712614916284,64.0,A green pickup comes up behind me and stays behind me for miles.,1840.0
1657,295,1712614917608,55.0,"I keep slowing at the wrong times, hoping he will pass.",1324.0
1657,296,1712614918248,16.0,Then I speed up.,640.0
1657,297,1712614919330,36.0,"But this is at the wrong times, too.",1082.0
1657,298,1712614920433,39.0,I grip the wheel until my fingers hurt.,1102.0
1657,299,1712614921450,37.0,On a long clear stretch he goes past.,1017.0
1657,300,1712614927120,73.0,"But he drives along beside for a bit, a crewcut man in a blue work shirt.",5670.0
1657,301,1712614928052,24.0,We look each other over.,932.0
1657,302,1712614930154,53.0,"Then he waves, toots his horn, and pulls on up ahead.",2102.0
1657,303,1712614931135,29.0,I slow down and find a place.,981.0
1657,304,1712614932315,35.0,I pull over and shut off the motor.,1180.0
1657,305,1712614933526,42.0,I can hear the river down below the trees.,1211.0
1657,306,1712614934667,35.0,Then I hear the pickup coming back.,1141.0
1657,307,1712614935705,41.0,I lock the doors and roll up the windows.,1038.0
1657,308,1712614936553,30.0,"""You all right?"" the man says.",847.0
1657,309,1712614937390,21.0,He raps on the glass.,837.0
1657,310,1712614937998,11.0,"""You okay?""",608.0
1657,311,1712614939654,64.0,He leans his arms on the door and brings his face to the window.,1656.0
1657,312,1712614940471,15.0,I stare at him.,817.0
1657,313,1712614941189,30.0,I can't think what else to do.,718.0
1657,314,1712614941981,34.0,"""Is everything all right in there?",792.0
1657,315,1712614942677,31.0,"How come you're all locked up?""",696.0
1657,316,1712614943359,16.0,I shake my head.,682.0
1657,317,1712614944057,24.0,"""Roll down your window.""",698.0
1657,318,1712614945660,64.0,He shakes his head and looks at the highway and then back at me.,1603.0
1657,319,1712614946335,19.0,"""Roll it down now.""",675.0
1657,320,1712614947327,32.0,"""Please,"" I say, ""I have to go.""",992.0
1657,321,1712614948550,50.0,"""Open the door,"" he says as if he isn't listening.",1223.0
1657,322,1712614949376,33.0,"""You're going to choke in there.""",826.0
1657,323,1712614950392,32.0,"He looks at my breasts, my legs.",1016.0
1657,324,1712614951660,34.0,I can tell that's what he's doing.,1268.0
1657,325,1712614952538,22.0,"""Hey, sugar,"" he says.",878.0
1657,326,1712614953403,31.0,"""I'm just here to help is all.""",865.0
1657,327,1712614954202,3.0,***,799.0
1657,328,1712614958078,52.0,The casket is closed and covered with floral sprays.,3876.0
1657,329,1712614959570,45.0,The organ starts up the minute I take a seat.,1492.0
1657,330,1712614960582,40.0,People are coming in and finding chairs.,1012.0
1657,331,1712614967010,63.0,There's a boy in flared pants and a yellow short-sleeved shirt.,6427.0
1657,332,1712614972418,100.0,A door opens and the family comes in in a group and moves over to a curtained place off to one side.,5408.0
1657,333,1712614973803,39.0,Chairs creak as everybody gets settled.,1385.0
1657,334,1712614978356,83.0,"Directly, a nice blond man in a nice dark suit stands and asks us to bow our heads.",4553.0
1657,335,1712614980839,105.0,"He says a prayer for us, the living, and when he finishes, he says a prayer for the soul of the departed.",2483.0
1657,336,1712614981910,43.0,Along with the others I go past the casket.,1071.0
1657,337,1712614984148,66.0,Then I move out onto the front steps and into the afternoon light.,2238.0
1657,338,1712614986130,66.0,There's a woman who limps as she goes down the stairs ahead of me.,1982.0
1657,339,1712614986985,33.0,On the sidewalk she looks around.,855.0
1657,340,1712614988127,31.0,"""Well, they got him,"" she says.",1142.0
1657,341,1712614988948,27.0,"""If that's any consolation.",821.0
1657,342,1712614989908,31.0,They arrested him this morning.,960.0
1657,343,1712614991050,38.0,I heard it on the radio before I come.,1140.0
1657,344,1712614991981,26.0,"A boy right here in town.""",931.0
1657,345,1712614993228,42.0,We move a few steps down the hot sidewalk.,1247.0
1657,346,1712614994107,25.0,People are starting cars.,879.0
1657,347,1712614995913,49.0,I put out my hand and hold on to a parking meter.,1806.0
1657,348,1712614996898,36.0,Polished hoods and polished fenders.,985.0
1657,349,1712614997571,14.0,My head swims.,673.0
1657,350,1712614999711,41.0,"I say, ""They have friends, these killers.",2140.0
1657,351,1712615000560,16.0,"You can't tell.""",849.0
1657,352,1712615004135,70.0,"""I have known that child since she was a little girl,"" the woman says.",3575.0
1657,353,1712615006665,93.0,"""She used to come over and I'd bake cookies for her and let her eat them in front of the TV.""",2530.0
1657,354,1712615007486,3.0,***,821.0
1657,355,1712615011112,76.0,"Back home, Stuart sits at the table with a drink of whiskey in front of him.",3626.0
1657,356,1712615012732,57.0,For a crazy instant I think something's happened to Dean.,1620.0
1657,357,1712615013341,14.0,"""Where is he?""",609.0
1657,358,1712615013981,6.0,I say.,640.0
1657,359,1712615014508,16.0,"""Where is Dean?""",527.0
1657,360,1712615015231,27.0,"""Outside,"" my husband says.",723.0
1657,361,1712615016025,34.0,He drains his glass and stands up.,794.0
1657,362,1712615017163,40.0,"He says, ""I think I know what you need.""",1138.0
1657,363,1712615020223,138.0,He reaches an arm around my waist and with his other hand he begins to unbutton my jacket and then he goes on to the buttons of my blouse.,3060.0
1657,364,1712615021064,30.0,"""First things first,"" he says.",841.0
1657,365,1712615021643,23.0,He says something else.,578.0
1657,366,1712615022391,27.0,But I don't need to listen.,748.0
1657,367,1712615023829,46.0,I can't hear a thing with so much water going.,1438.0
1657,368,1712615024626,3.0,***,797.0
1652,112,1712590113976,3.0,***,8176.0
1652,113,1712590116914,37.0,My husband eats with a good appetite.,2938.0
1652,114,1712590118971,37.0,But I don't think he's really hungry.,2057.0
1652,115,1712590122875,69.0,"He chews, arms on the table, and stares at something across the room.",3904.0
1652,116,1712590125333,30.0,He looks at me and looks away.,2458.0
1652,117,1712590127065,33.0,He wipes his mouth on the napkin.,1732.0
1652,118,1712590129066,30.0,"He shrugs, and goes on eating.",2001.0
1652,119,1712590131434,42.0,"""What are you staring at me for?"" he says.",2367.0
1652,120,1712590133757,45.0,"""What is it?"" he says and lays down his fork.",2323.0
1652,121,1712590136239,42.0,"""Was I staring?"" I say, and shake my head.",2482.0
1652,122,1712590137756,20.0,The telephone rings.,1517.0
1652,123,1712590139878,27.0,"""Don't answer it,"" he says.",2122.0
1652,124,1712590141725,33.0,"""It might be your mother,"" I say.",1847.0
1652,125,1712590143726,25.0,"""Watch and see,"" he says.",2001.0
1652,126,1712590145875,34.0,I pick up the receiver and listen.,2149.0
1652,127,1712590147526,24.0,My husband stops eating.,1651.0
1652,128,1712590149604,46.0,"""What did I tell you?"" he says when I hang up.",2078.0
1652,129,1712590152055,23.0,He starts to eat again.,2451.0
1652,130,1712590153853,36.0,Then throws his napkin on his plate.,1797.0
1652,131,1712590156896,63.0,"He says, ""Goddamn it, why can't people mind their own business?",3043.0
1652,132,1712590159039,41.0,Tell me what I did wrong and I'll listen!,2142.0
1652,133,1712590160776,28.0,I wasn't the only man there.,1737.0
1652,134,1712590162793,37.0,We talked it over and we all decided.,2017.0
1652,135,1712590164640,29.0,We couldn't just turn around.,1846.0
1652,136,1712590166181,32.0,We were five miles from the car.,1541.0
1652,137,1712590168464,34.0,I won't have you passing judgment.,2283.0
1652,138,1712590169645,13.0,"Do you hear?""",1181.0
1652,139,1712590171215,18.0,"""You know,"" I say.",1570.0
1652,140,1712590173161,33.0,"He says, ""What do I know, Claire?",1946.0
1652,141,1712590174478,34.0,Tell me what I'm supposed to know.,1317.0
1652,142,1712590176374,40.0,"I don't know anything except one thing?""",1896.0
1652,143,1712590178877,48.0,He gives me what he thinks is a meaningful look.,2503.0
1652,144,1712590180954,24.0,"""She was dead,"" he says.",2076.0
1652,145,1712590182649,33.0,"""And I'm as sorry as anyone else.",1694.0
1652,146,1712590186706,18.0,"But she was dead.""",4057.0
1652,147,1712590189999,26.0,"""That's the point,"" I say.",3293.0
1652,148,1712590192192,20.0,He raises his hands.,2193.0
1652,149,1712590194655,40.0,He pushes his chair away from the table.,2463.0
1652,150,1712590200267,72.0,He takes out his cigarettes and goes out to the back with a can of beer.,5612.0
1652,151,1712590205603,64.0,I see him sit in the lawn chair and pick up the newspaper again.,5336.0
1652,152,1712590207665,39.0,His name is in there on the first page.,2062.0
1652,153,1712590208981,36.0,Along with the names of his friends.,1316.0
1652,154,1712590211614,40.0,I close my eyes and hold on to the sink.,2633.0
1652,155,1712590216153,74.0,Then I rake my arm across the drainboard and send the dishes to the floor.,4539.0
1652,156,1712590219171,16.0,He doesn't move.,3018.0
1652,157,1712590220627,18.0,I know he's heard.,1456.0
1652,158,1712590223165,40.0,He lifts his head as if still listening.,2538.0
1652,159,1712590225773,30.0,But he doesn't move otherwise.,2608.0
1652,160,1712590226866,23.0,He doesn't turn around.,1092.0
1652,161,1712590228561,3.0,***,1695.0
1652,162,1712590233029,88.0,"He and Gordon Johnson and Mel Dorn and Vern Williams, they play poker and bowl and fish.",4468.0
1652,163,1712590236794,85.0,They fish every spring and early summer before visiting relatives can get in the way.,3765.0
1652,164,1712590239417,65.0,"They are decent men, family men, men who take care of their jobs.",2623.0
1652,165,1712590243832,65.0,"They have sons and daughters who go to school with our son, Dean.",4415.0
1652,166,1712590246816,55.0,Last Friday these family men left for the Naches River.,2984.0
1652,167,1712590248703,76.0,They parked the car in the mountains and hiked to where they wanted to fish.,1887.0
1652,168,1712590251907,76.0,"They carried their bedrolls, their food, their playing cards, their whiskey.",3204.0
1652,169,1712590253949,42.0,They saw the girl before they set up camp.,2042.0
1652,170,1712590255726,19.0,Mel Dorn found her.,1777.0
1652,171,1712590257313,25.0,No clothes on her at all.,1587.0
1652,172,1712590260422,64.0,She was wedged into some branches that stuck out over the water.,3109.0
1652,173,1712590261748,43.0,He called the others and they came to look.,1326.0
1652,174,1712590262846,29.0,They talked about what to do.,1098.0
1652,175,1712590266924,82.0,One of the men - my Stuart didn't say which - said they should start back at once.,4077.0
1652,176,1712590271068,86.0,"The others stirred the sand with their shoes, said they didn't feel inclined that way.",4144.0
1652,177,1712590274257,82.0,"They pleaded fatigue, the late hour, the fact that the girl wasn't going anywhere.",3189.0
1652,178,1712590276374,47.0,In the end they went ahead and set up the camp.,2117.0
1652,179,1712590279397,42.0,They built a fire and drank their whiskey.,3023.0
1652,180,1712590280960,50.0,"When the moon came up, they talked about the girl.",1562.0
1652,181,1712590283412,59.0,Someone said they should -keep the body from drifting away.,2452.0
1652,182,1712590285295,55.0,They took their flashlights and went back to the river.,1883.0
1652,183,1712590288057,66.0,One of the men - it might have been Stuart - waded in and got her.,2762.0
1652,184,1712590290225,53.0,He took her by the fingers and pulled her into shore.,2167.0
1652,185,1712590294663,87.0,He got some nylon cord and tied it to her wrist and then looped the rest around a tree.,4438.0
1652,186,1712590299189,99.0,"The next morning they cooked breakfast, drank coffee, and drank whiskey, and then split up to fish.",4526.0
1652,187,1712590307953,182.0,"That night they cooked fish, cooked potatoes, drank coffee, drank whiskey, then took their cooking things and eating things back down to the river and washed them where the girl was.",8764.0
1652,188,1712590310557,32.0,They played some cards later on.,2603.0
1652,189,1712590314261,55.0,Maybe they played until they couldn't see them anymore.,3704.0
1652,190,1712590315528,28.0,Vern Williams went to sleep.,1267.0
1652,191,1712590316819,28.0,But the others told stories.,1291.0
1652,192,1712590324108,100.0,Gordon Johnson said the trout they'd caught were hard because of the terrible coldness of the water.,7289.0
1652,193,1712590331516,154.0,"The next morning they got up late, drank whiskey, fished a little, took down their tents, rolled their sleeping bags, gathered their stuff, and hiked out.",7408.0
1652,194,1712590334410,41.0,They drove until they got to a telephone.,2893.0
1652,195,1712590338510,86.0,It was Stuart who made the call while the others stood around in the sun and listened.,4100.0
1652,196,1712590341593,32.0,He gave the sheriff their names.,3083.0
1652,197,1712590343351,25.0,They had nothing to hide.,1758.0
1652,198,1712590344277,21.0,They weren't ashamed.,926.0
1652,199,1712590347671,100.0,They said they'd wait until someone could come for better directions and take down their statements.,3394.0
1652,200,1712590348703,3.0,***,1032.0
1652,201,1712590350064,30.0,I was asleep when he got home.,1361.0
1652,202,1712590352086,46.0,But I woke up when I heard him in the kitchen.,2022.0
1652,203,1712590353944,64.0,I found him leaning against the refrigerator with a can of beer.,1858.0
1652,204,1712590357824,68.0,He put his heavy arms around me and rubbed his big hands on my back.,3880.0
1652,205,1712590363420,85.0,In bed he put his hands on me again and then waited as if thinking of something else.,5596.0
1652,206,1712590364762,28.0,I turned and opened my legs.,1342.0
1652,207,1712590366819,36.0,"Afterwards, I think he stayed awake.",2057.0
1652,208,1712590369258,53.0,He was up that morning before I could get out of bed.,2439.0
1652,209,1712590371914,54.0,"To see if there was something in the paper, I suppose.",2656.0
1652,210,1712590374193,46.0,The telephone began ringing right after eight.,2278.0
1652,211,1712590375554,13.0,"""Go to hell!""",1360.0
1652,212,1712590376400,18.0,I heard him shout.,846.0
1652,213,1712590377557,31.0,The telephone rang right again.,1156.0
1652,214,1712590379303,59.0,"""I have nothing to add to what I already told the sheriff!""",1746.0
1652,215,1712590381441,29.0,He slammed the receiver down.,2138.0
1652,216,1712590382443,27.0,"""What is going on?"" I said.",1002.0
1652,217,1712590385266,49.0,It was then that he told me what I just told you.,2823.0
1652,218,1712590386367,3.0,***,1101.0
1652,219,1712590388265,44.0,I sweep up the broken dishes and go outside.,1898.0
1652,220,1712590391313,85.0,"He is lying on his back on the grass now, the newspaper and can of beer within reach.",3048.0
1652,221,1712590393771,41.0,"""Stuart, could we go for a drive?"" I say.",2458.0
1652,222,1712590394712,30.0,He rolls over and looks at me.,941.0
1652,223,1712590396655,37.0,"""We'll pick up some beer,"" he says...",1943.0
1652,224,1712590399598,62.0,He gets to his feet and touches me on the hip as he goes past.,2943.0
1652,225,1712590400599,28.0,"""Give me a minute,"" he says.",1001.0
1652,226,1712590402026,39.0,We drive through town without speaking.,1427.0
1652,227,1712590404114,39.0,He stops at a roadside market for beer.,2088.0
1652,228,1712590406105,54.0,I notice a great stack of papers just inside the door.,1991.0
1652,229,1712590411226,89.0,On the top step a fat woman in a print dress holds out a licorice stick to a little girl.,5120.0
1652,230,1712590414391,66.0,"Later on, we cross Everson Creek and turn into the picnic grounds.",3165.0
1652,231,1712590417314,79.0,The creek runs under the bridge and into a large pond a few hundred yards away.,2923.0
1652,232,1712590418535,28.0,I can see the men out there.,1221.0
1652,233,1712590419503,33.0,I can see them out there fishing.,968.0
1652,234,1712590421291,31.0,So much water so close to home.,1788.0
1652,235,1712590424705,43.0,"I say, ""Why did you have to go miles away?""",3414.0
1652,236,1712590426597,25.0,"""Don't rile me,"" he says.",1892.0
1652,237,1712590428244,29.0,We sit on a bench in the sun.,1647.0
1652,238,1712590430317,25.0,He opens us cans of beer.,2072.0
1652,239,1712590432384,25.0,"He says, ""Relax, Claire.""",2067.0
1652,240,1712590434267,30.0,"""They said they were innocent.",1883.0
1652,241,1712590435148,27.0,"They said they were crazy.""",881.0
1652,242,1712590435849,15.0,"He says, ""Who?""",701.0
1652,243,1712590437525,38.0,"He says, ""What are you talking about?""",1676.0
1652,244,1712590438777,21.0,"""The Maddox brothers.",1252.0
1652,245,1712590441825,54.0,They killed a girl named Arlene Hubly where I grew up.,3048.0
1652,246,1712590444589,60.0,They cut off her head and threw her into the Cle Elum River.,2763.0
1652,247,1712590446938,31.0,"It happened when I was a girl.""",2349.0
1652,248,1712590448879,40.0,"""You're going to get me riled,"" he says.",1941.0
1652,249,1712590449784,20.0,I look at the creek.,905.0
1652,250,1712590452984,79.0,"I'm right in it, eyes open, face down, staring at the moss on the bottom, dead.",3200.0
1652,251,1712590455692,62.0,"""I don't know what's wrong with you,"" he says on the way home.",2708.0
1652,252,1712590457514,45.0,"""You're getting me more riled by the minute.""",1822.0
1652,253,1712590458395,34.0,There is nothing I can say to him.,881.0
1652,254,1712590459637,36.0,He tries to concentrate on the road.,1242.0
1652,255,1712590461183,47.0,But he keeps looking into the rear-view mirror.,1546.0
1652,256,1712590461850,9.0,He knows.,666.0
1652,257,1712590462495,3.0,***,645.0
1652,258,1712590464492,52.0,Stuart believes he is letting me sleep this morning.,1997.0
1652,259,1712590466671,47.0,But I was awake long before the alarm went off.,2178.0
1652,260,1712590469019,74.0,"I was thinking, lying on the far side of the bed away from his hairy legs.",2348.0
1652,261,1712590475096,78.0,"He gets Dean off for school, and then he shaves, dresses, and leaves for work.",6077.0
1652,262,1712590476988,40.0,Twice he looks in and clears his throat.,1892.0
1652,263,1712590478270,26.0,But I keep my eyes closed.,1282.0
1652,264,1712590479817,38.0,In the kitchen I find a note from him.,1547.0
1652,265,1712590481104,19.0,"It's signed ""Love.""",1286.0
1652,266,1712590483547,74.0,I sit in the breakfast nook and drink coffee and leave a ring on the note.,2443.0
1652,267,1712590485679,67.0,I look at the newspaper and turn it this way and that on the table.,2132.0
1652,268,1712590488527,43.0,Then I skid it close and read what it says.,2848.0
1652,269,1712590489969,38.0,"The body has been identified, claimed.",1442.0
1652,270,1712590496206,155.0,"But it took some examining it, some putting things into it, some cutting, some weighing, some measuring, some putting things back again and sewing them in.",6236.0
1652,271,1712590498214,57.0,I sit for a long time holding the newspaper and thinking.,2008.0
1652,272,1712590501117,51.0,Then I call up to get a chair at the hairdresser's.,2903.0
1652,273,1712590501723,3.0,***,606.0
1652,274,1712590504832,75.0,I sit under the dryer with a magazine on my lap and let Marnie do my nails.,3109.0
1652,275,1712590506869,42.0,"""I am going to a funeral tomorrow,"" I say.",2037.0
1652,276,1712590507660,38.0,"""I'm sorry to hear that,"" Marnie says.",791.0
1652,277,1712590508751,25.0,"""It was a murder,"" I say.",1091.0
1652,278,1712590509983,37.0,"""That's the worst kind,"" Marnie says.",1231.0
1652,279,1712590511039,35.0,"""We weren't all that close,"" I say.",1056.0
1652,280,1712590511615,15.0,"""But you know?""",574.0
1652,281,1712590512861,45.0,"""We'll get you fixed up for it,"" Marnie says.",1246.0
1652,282,1712590515815,72.0,"That night I make my bed on the sofa, and in the morning I get up first.",2954.0
1652,283,1712590517176,50.0,I put on coffee and fix breakfast while he shaves.,1361.0
1652,284,1712590519444,76.0,"He appears in the kitchen doorway, towel over his bare shoulder, appraising.",2268.0
1652,285,1712590520316,23.0,"""Here's coffee,"" I say.",872.0
1652,286,1712590522352,31.0,"""Eggs'll be ready in a minute.”",2036.0
1652,287,1712590524184,37.0,"I wake Dean, and the three of us eat.",1832.0
1652,288,1712590526862,79.0,"Whenever Stuart looks at me, I ask Dean if he wants more milk, more toast, etc.",2678.0
1652,289,1712590528544,56.0,"""I'll call you today,"" Stuart says as he opens the door.",1682.0
1652,290,1712590530427,42.0,"I say, ""I don't think I'll be home today.""",1883.0
1652,291,1712590531292,21.0,"""All right,"" he says.",865.0
1652,292,1712590531743,7.0,"""Sure.""",451.0
1652,293,1712590532423,18.0,I dress carefully.,680.0
1652,294,1712590533474,48.0,I try on a hat and look at myself in the mirror.,1051.0
1652,295,1712590534621,28.0,I write out a note for Dean.,1147.0
1652,296,1712590537018,69.0,"Honey, Mommy has things to do this afternoon, but will be back later.",2397.0
1652,297,1712590539622,61.0,You stay in or be in the backyard until one of us comes home.,2604.0
1652,298,1712590540299,11.0,"Love, Mommy",677.0
1652,299,1712590542050,48.0,I look at the word Love and then I underline it.,1751.0
1652,300,1712590543532,29.0,Then I see the word backyard.,1482.0
1652,301,1712590544674,22.0,Is it one word or two?,1142.0
1652,302,1712590545144,3.0,***,470.0
1652,303,1712590549830,121.0,"I drive through farm country, through fields of oats and sugar beets and past apple orchards, cattle grazing in pastures.",4686.0
1652,304,1712590555056,99.0,"Then everything changes, more like shacks than farmhouses and stands of timber instead of orchards.",5226.0
1652,305,1712590557439,78.0,"Then mountains, and on the right, far below, I sometimes see the Naches River.",2382.0
1652,306,1712590559996,64.0,A green pickup comes up behind me and stays behind me for miles.,2557.0
1652,307,1712590561913,55.0,"I keep slowing at the wrong times, hoping he will pass.",1917.0
1652,308,1712590562595,16.0,Then I speed up.,682.0
1652,309,1712590564066,36.0,"But this is at the wrong times, too.",1471.0
1652,310,1712590565564,39.0,I grip the wheel until my fingers hurt.,1498.0
1652,311,1712590567066,37.0,On a long clear stretch he goes past.,1501.0
1652,312,1712590570659,73.0,"But he drives along beside for a bit, a crewcut man in a blue work shirt.",3593.0
1652,313,1712590571474,24.0,We look each other over.,815.0
1652,314,1712590574003,53.0,"Then he waves, toots his horn, and pulls on up ahead.",2529.0
1652,315,1712590575114,29.0,I slow down and find a place.,1111.0
1652,316,1712590576636,35.0,I pull over and shut off the motor.,1522.0
1652,317,1712590577817,42.0,I can hear the river down below the trees.,1181.0
1652,318,1712590578963,35.0,Then I hear the pickup coming back.,1146.0
1652,319,1712590580295,41.0,I lock the doors and roll up the windows.,1332.0
1652,320,1712590581306,30.0,"""You all right?"" the man says.",1011.0
1652,321,1712590582323,21.0,He raps on the glass.,1017.0
1652,322,1712590582884,11.0,"""You okay?""",561.0
1652,323,1712590585341,64.0,He leans his arms on the door and brings his face to the window.,2457.0
1652,324,1712590586637,15.0,I stare at him.,1296.0
1652,325,1712590591138,30.0,I can't think what else to do.,4501.0
1652,326,1712590592019,34.0,"""Is everything all right in there?",881.0
1652,327,1712590593140,31.0,"How come you're all locked up?""",1121.0
1652,328,1712590593840,16.0,I shake my head.,700.0
1652,329,1712590594366,24.0,"""Roll down your window.""",526.0
1652,330,1712590596750,64.0,He shakes his head and looks at the highway and then back at me.,2384.0
1652,331,1712590597490,19.0,"""Roll it down now.""",740.0
1652,332,1712590598972,32.0,"""Please,"" I say, ""I have to go.""",1482.0
1652,333,1712590600343,50.0,"""Open the door,"" he says as if he isn't listening.",1370.0
1652,334,1712590602099,33.0,"""You're going to choke in there.""",1756.0
1652,335,1712590603261,32.0,"He looks at my breasts, my legs.",1162.0
1652,336,1712590604602,34.0,I can tell that's what he's doing.,1341.0
1652,337,1712590605823,22.0,"""Hey, sugar,"" he says.",1221.0
1652,338,1712590607310,31.0,"""I'm just here to help is all.""",1487.0
1652,339,1712590607871,3.0,***,561.0
1652,340,1712590609738,52.0,The casket is closed and covered with floral sprays.,1867.0
1652,341,1712590611775,45.0,The organ starts up the minute I take a seat.,2037.0
1652,342,1712590614359,40.0,People are coming in and finding chairs.,2584.0
1652,343,1712590617091,63.0,There's a boy in flared pants and a yellow short-sleeved shirt.,2732.0
1652,344,1712590621257,100.0,A door opens and the family comes in in a group and moves over to a curtained place off to one side.,4166.0
1652,345,1712590622892,39.0,Chairs creak as everybody gets settled.,1635.0
1652,346,1712590627814,83.0,"Directly, a nice blond man in a nice dark suit stands and asks us to bow our heads.",4922.0
1652,347,1712590635122,105.0,"He says a prayer for us, the living, and when he finishes, he says a prayer for the soul of the departed.",7308.0
1652,348,1712590636234,43.0,Along with the others I go past the casket.,1111.0
1652,349,1712590638155,66.0,Then I move out onto the front steps and into the afternoon light.,1921.0
1652,350,1712590644138,66.0,There's a woman who limps as she goes down the stairs ahead of me.,5982.0
1652,351,1712590645394,33.0,On the sidewalk she looks around.,1256.0
1652,352,1712590646405,31.0,"""Well, they got him,"" she says.",1011.0
1652,353,1712590647356,27.0,"""If that's any consolation.",951.0
1652,354,1712590648264,31.0,They arrested him this morning.,908.0
1652,355,1712590649389,38.0,I heard it on the radio before I come.,1125.0
1652,356,1712590652457,26.0,"A boy right here in town.""",3068.0
1652,357,1712590653404,42.0,We move a few steps down the hot sidewalk.,946.0
1652,358,1712590654189,25.0,People are starting cars.,785.0
1652,359,1712590655646,49.0,I put out my hand and hold on to a parking meter.,1457.0
1652,360,1712590657348,36.0,Polished hoods and polished fenders.,1702.0
1652,361,1712590658029,14.0,My head swims.,681.0
1652,362,1712590659831,41.0,"I say, ""They have friends, these killers.",1802.0
1652,363,1712590660934,16.0,"You can't tell.""",1103.0
1652,364,1712590663438,70.0,"""I have known that child since she was a little girl,"" the woman says.",2503.0
1652,365,1712590666766,93.0,"""She used to come over and I'd bake cookies for her and let her eat them in front of the TV.""",3328.0
1652,366,1712590667723,3.0,***,957.0
1652,367,1712590670751,76.0,"Back home, Stuart sits at the table with a drink of whiskey in front of him.",3028.0
1652,368,1712590673014,57.0,For a crazy instant I think something's happened to Dean.,2262.0
1652,369,1712590673734,14.0,"""Where is he?""",720.0
1652,370,1712590674296,6.0,I say.,561.0
1652,371,1712590674860,16.0,"""Where is Dean?""",564.0
1652,372,1712590675916,27.0,"""Outside,"" my husband says.",1056.0
1652,373,1712590678566,34.0,He drains his glass and stands up.,2650.0
1652,374,1712590680132,40.0,"He says, ""I think I know what you need.""",1566.0
1652,375,1712590686094,138.0,He reaches an arm around my waist and with his other hand he begins to unbutton my jacket and then he goes on to the buttons of my blouse.,5962.0
1652,376,1712590687566,30.0,"""First things first,"" he says.",1472.0
1652,377,1712590688477,23.0,He says something else.,911.0
1652,378,1712590689248,27.0,But I don't need to listen.,771.0
1652,379,1712590690839,46.0,I can't hear a thing with so much water going.,1591.0
1652,380,1712590691365,3.0,***,526.0
1696,126,1712614157968,3.0,***,3714.0
1696,127,1712614160377,37.0,My husband eats with a good appetite.,2409.0
1696,128,1712614162485,37.0,But I don't think he's really hungry.,2108.0
1696,129,1712614166655,69.0,"He chews, arms on the table, and stares at something across the room.",4170.0
1696,130,1712614168378,30.0,He looks at me and looks away.,1723.0
1696,131,1712614170321,33.0,He wipes his mouth on the napkin.,1943.0
1696,132,1712614172444,30.0,"He shrugs, and goes on eating.",2123.0
1696,133,1712614174711,42.0,"""What are you staring at me for?"" he says.",2266.0
1696,134,1712614177059,45.0,"""What is it?"" he says and lays down his fork.",2348.0
1696,135,1712614179569,42.0,"""Was I staring?"" I say, and shake my head.",2509.0
1696,136,1712614181478,20.0,The telephone rings.,1909.0
1696,137,1712614183011,27.0,"""Don't answer it,"" he says.",1533.0
1696,138,1712614184840,33.0,"""It might be your mother,"" I say.",1829.0
1696,139,1712614186407,25.0,"""Watch and see,"" he says.",1566.0
1696,140,1712614188484,34.0,I pick up the receiver and listen.,2077.0
1696,141,1712614190100,24.0,My husband stops eating.,1616.0
1696,142,1712614192264,46.0,"""What did I tell you?"" he says when I hang up.",2163.0
1696,143,1712614193830,23.0,He starts to eat again.,1566.0
1696,144,1712614195574,36.0,Then throws his napkin on his plate.,1743.0
1696,145,1712614198364,63.0,"He says, ""Goddamn it, why can't people mind their own business?",2790.0
1696,146,1712614200831,41.0,Tell me what I did wrong and I'll listen!,2467.0
1696,147,1712614202592,28.0,I wasn't the only man there.,1761.0
1696,148,1712614204593,37.0,We talked it over and we all decided.,2001.0
1696,149,1712614206589,29.0,We couldn't just turn around.,1996.0
1696,150,1712614208406,32.0,We were five miles from the car.,1817.0
1696,151,1712614210461,34.0,I won't have you passing judgment.,2055.0
1696,152,1712614211661,13.0,"Do you hear?""",1200.0
1696,153,1712614212872,18.0,"""You know,"" I say.",1211.0
1696,154,1712614214847,33.0,"He says, ""What do I know, Claire?",1975.0
1696,155,1712614216473,34.0,Tell me what I'm supposed to know.,1626.0
1696,156,1712614218677,40.0,"I don't know anything except one thing?""",2203.0
1696,157,1712614220898,48.0,He gives me what he thinks is a meaningful look.,2221.0
1696,158,1712614223016,24.0,"""She was dead,"" he says.",2117.0
1696,159,1712614224685,33.0,"""And I'm as sorry as anyone else.",1669.0
1696,160,1712614225965,18.0,"But she was dead.""",1280.0
1696,161,1712614226805,26.0,"""That's the point,"" I say.",839.0
1696,162,1712614228109,20.0,He raises his hands.,1304.0
1696,163,1712614230122,40.0,He pushes his chair away from the table.,2013.0
1696,164,1712614233296,72.0,He takes out his cigarettes and goes out to the back with a can of beer.,3174.0
1696,165,1712614236694,64.0,I see him sit in the lawn chair and pick up the newspaper again.,3398.0
1696,166,1712614238848,39.0,His name is in there on the first page.,2153.0
1696,167,1712614240601,36.0,Along with the names of his friends.,1753.0
1696,168,1712614242479,40.0,I close my eyes and hold on to the sink.,1878.0
1696,169,1712614245906,74.0,Then I rake my arm across the drainboard and send the dishes to the floor.,3427.0
1696,170,1712614247126,16.0,He doesn't move.,1219.0
1696,171,1712614248387,18.0,I know he's heard.,1261.0
1696,172,1712614251650,40.0,He lifts his head as if still listening.,3263.0
1696,173,1712614252959,30.0,But he doesn't move otherwise.,1308.0
1696,174,1712614254022,23.0,He doesn't turn around.,1063.0
1696,175,1712614254710,3.0,***,688.0
1696,176,1712614259376,88.0,"He and Gordon Johnson and Mel Dorn and Vern Williams, they play poker and bowl and fish.",4666.0
1696,177,1712614263859,85.0,They fish every spring and early summer before visiting relatives can get in the way.,4483.0
1696,178,1712614267163,65.0,"They are decent men, family men, men who take care of their jobs.",3304.0
1696,179,1712614270149,65.0,"They have sons and daughters who go to school with our son, Dean.",2985.0
1696,180,1712614272962,55.0,Last Friday these family men left for the Naches River.,2813.0
1696,181,1712614276216,76.0,They parked the car in the mountains and hiked to where they wanted to fish.,3254.0
1696,182,1712614279388,76.0,"They carried their bedrolls, their food, their playing cards, their whiskey.",3171.0
1696,183,1712614281247,42.0,They saw the girl before they set up camp.,1859.0
1696,184,1712614283109,19.0,Mel Dorn found her.,1862.0
1696,185,1712614284390,25.0,No clothes on her at all.,1281.0
1696,186,1712614287495,64.0,She was wedged into some branches that stuck out over the water.,3105.0
1696,187,1712614289876,43.0,He called the others and they came to look.,2381.0
1696,188,1712614291221,29.0,They talked about what to do.,1345.0
1696,189,1712614295025,82.0,One of the men - my Stuart didn't say which - said they should start back at once.,3803.0
1696,190,1712614295259,86.0,"The others stirred the sand with their shoes, said they didn't feel inclined that way.",234.0
1696,191,1712614300284,82.0,"They pleaded fatigue, the late hour, the fact that the girl wasn't going anywhere.",5025.0
1696,192,1712614302629,47.0,In the end they went ahead and set up the camp.,2345.0
1696,193,1712614304264,42.0,They built a fire and drank their whiskey.,1635.0
1696,194,1712614306482,50.0,"When the moon came up, they talked about the girl.",2218.0
1696,195,1712614309979,59.0,Someone said they should -keep the body from drifting away.,3497.0
1696,196,1712614311784,55.0,They took their flashlights and went back to the river.,1805.0
1696,197,1712614314247,66.0,One of the men - it might have been Stuart - waded in and got her.,2463.0
1696,198,1712614316668,53.0,He took her by the fingers and pulled her into shore.,2421.0
1696,199,1712614321098,87.0,He got some nylon cord and tied it to her wrist and then looped the rest around a tree.,4430.0
1696,200,1712614325710,99.0,"The next morning they cooked breakfast, drank coffee, and drank whiskey, and then split up to fish.",4612.0
1696,201,1712614332550,182.0,"That night they cooked fish, cooked potatoes, drank coffee, drank whiskey, then took their cooking things and eating things back down to the river and washed them where the girl was.",6840.0
1696,202,1712614333980,32.0,They played some cards later on.,1430.0
1696,203,1712614337086,55.0,Maybe they played until they couldn't see them anymore.,3106.0
1696,204,1712614338471,28.0,Vern Williams went to sleep.,1385.0
1696,205,1712614339653,28.0,But the others told stories.,1182.0
1696,206,1712614343913,100.0,Gordon Johnson said the trout they'd caught were hard because of the terrible coldness of the water.,4260.0
1696,207,1712614349966,154.0,"The next morning they got up late, drank whiskey, fished a little, took down their tents, rolled their sleeping bags, gathered their stuff, and hiked out.",6053.0
1696,208,1712614352597,41.0,They drove until they got to a telephone.,2631.0
1696,209,1712614356167,86.0,It was Stuart who made the call while the others stood around in the sun and listened.,3570.0
1696,210,1712614357661,32.0,He gave the sheriff their names.,1493.0
1696,211,1712614358597,25.0,They had nothing to hide.,936.0
1696,212,1712614359508,21.0,They weren't ashamed.,911.0
1696,213,1712614363593,100.0,They said they'd wait until someone could come for better directions and take down their statements.,4085.0
1696,214,1712614364404,3.0,***,811.0
1696,215,1712614365789,30.0,I was asleep when he got home.,1385.0
1696,216,1712614367550,46.0,But I woke up when I heard him in the kitchen.,1761.0
1696,217,1712614370035,64.0,I found him leaning against the refrigerator with a can of beer.,2485.0
1696,218,1712614370275,68.0,He put his heavy arms around me and rubbed his big hands on my back.,240.0
1696,219,1712614375095,85.0,In bed he put his hands on me again and then waited as if thinking of something else.,4820.0
1696,220,1712614376433,28.0,I turned and opened my legs.,1338.0
1696,221,1712614378136,36.0,"Afterwards, I think he stayed awake.",1703.0
1696,222,1712614380522,53.0,He was up that morning before I could get out of bed.,2386.0
1696,223,1712614382804,54.0,"To see if there was something in the paper, I suppose.",2282.0
1696,224,1712614384974,46.0,The telephone began ringing right after eight.,2170.0
1696,225,1712614385704,13.0,"""Go to hell!""",730.0
1696,226,1712614386674,18.0,I heard him shout.,970.0
1696,227,1712614388674,31.0,The telephone rang right again.,2000.0
1696,228,1712614390945,59.0,"""I have nothing to add to what I already told the sheriff!""",2271.0
1696,229,1712614392159,29.0,He slammed the receiver down.,1214.0
1696,230,1712614393351,27.0,"""What is going on?"" I said.",1192.0
1696,231,1712614395628,49.0,It was then that he told me what I just told you.,2277.0
1696,232,1712614396206,3.0,***,578.0
1696,233,1712614398205,44.0,I sweep up the broken dishes and go outside.,1999.0
1696,234,1712614402002,85.0,"He is lying on his back on the grass now, the newspaper and can of beer within reach.",3797.0
1696,235,1712614404515,41.0,"""Stuart, could we go for a drive?"" I say.",2513.0
1696,236,1712614405936,30.0,He rolls over and looks at me.,1421.0
1696,237,1712614407507,37.0,"""We'll pick up some beer,"" he says...",1570.0
1696,238,1712614410205,62.0,He gets to his feet and touches me on the hip as he goes past.,2698.0
1696,239,1712614411763,28.0,"""Give me a minute,"" he says.",1558.0
1696,240,1712614413742,39.0,We drive through town without speaking.,1979.0
1696,241,1712614415727,39.0,He stops at a roadside market for beer.,1985.0
1696,242,1712614418136,54.0,I notice a great stack of papers just inside the door.,2409.0
1696,243,1712614422723,89.0,On the top step a fat woman in a print dress holds out a licorice stick to a little girl.,4587.0
1696,244,1712614426244,66.0,"Later on, we cross Everson Creek and turn into the picnic grounds.",3521.0
1696,245,1712614429646,79.0,The creek runs under the bridge and into a large pond a few hundred yards away.,3402.0
1696,246,1712614430973,28.0,I can see the men out there.,1327.0
1696,247,1712614432172,33.0,I can see them out there fishing.,1199.0
1696,248,1712614435602,31.0,So much water so close to home.,3430.0
1696,249,1712614438556,43.0,"I say, ""Why did you have to go miles away?""",2954.0
1696,250,1712614440187,25.0,"""Don't rile me,"" he says.",1631.0
1696,251,1712614441390,29.0,We sit on a bench in the sun.,1203.0
1696,252,1712614442286,25.0,He opens us cans of beer.,896.0
1696,253,1712614443253,25.0,"He says, ""Relax, Claire.""",966.0
1696,254,1712614444464,30.0,"""They said they were innocent.",1210.0
1696,255,1712614445947,27.0,"They said they were crazy.""",1483.0
1696,256,1712614447274,15.0,"He says, ""Who?""",1327.0
1696,257,1712614448468,38.0,"He says, ""What are you talking about?""",1194.0
1696,258,1712614449287,21.0,"""The Maddox brothers.",819.0
1696,259,1712614450984,54.0,They killed a girl named Arlene Hubly where I grew up.,1697.0
1696,260,1712614452641,60.0,They cut off her head and threw her into the Cle Elum River.,1657.0
1696,261,1712614453486,31.0,"It happened when I was a girl.""",845.0
1696,262,1712614454563,40.0,"""You're going to get me riled,"" he says.",1077.0
1696,263,1712614455617,20.0,I look at the creek.,1054.0
1696,264,1712614458627,79.0,"I'm right in it, eyes open, face down, staring at the moss on the bottom, dead.",3010.0
1696,265,1712614460381,62.0,"""I don't know what's wrong with you,"" he says on the way home.",1754.0
1696,266,1712614461665,45.0,"""You're getting me more riled by the minute.""",1284.0
1696,267,1712614462536,34.0,There is nothing I can say to him.,871.0
1696,268,1712614463300,36.0,He tries to concentrate on the road.,764.0
1696,269,1712614464110,47.0,But he keeps looking into the rear-view mirror.,809.0
1696,270,1712614464642,9.0,He knows.,532.0
1696,271,1712614465101,3.0,***,459.0
1696,272,1712614466539,52.0,Stuart believes he is letting me sleep this morning.,1438.0
1696,273,1712614467828,47.0,But I was awake long before the alarm went off.,1289.0
1696,274,1712614469506,74.0,"I was thinking, lying on the far side of the bed away from his hairy legs.",1678.0
1696,275,1712614472051,78.0,"He gets Dean off for school, and then he shaves, dresses, and leaves for work.",2545.0
1696,276,1712614473799,40.0,Twice he looks in and clears his throat.,1747.0
1696,277,1712614474647,26.0,But I keep my eyes closed.,848.0
1696,278,1712614475857,38.0,In the kitchen I find a note from him.,1210.0
1696,279,1712614476668,19.0,"It's signed ""Love.""",811.0
1696,280,1712614480379,74.0,I sit in the breakfast nook and drink coffee and leave a ring on the note.,3711.0
1696,281,1712614482179,67.0,I look at the newspaper and turn it this way and that on the table.,1800.0
1696,282,1712614483702,43.0,Then I skid it close and read what it says.,1522.0
1696,283,1712614484961,38.0,"The body has been identified, claimed.",1259.0
1696,284,1712614489051,155.0,"But it took some examining it, some putting things into it, some cutting, some weighing, some measuring, some putting things back again and sewing them in.",4090.0
1696,285,1712614490545,57.0,I sit for a long time holding the newspaper and thinking.,1494.0
1696,286,1712614493180,51.0,Then I call up to get a chair at the hairdresser's.,2635.0
1696,287,1712614493633,3.0,***,453.0
1696,288,1712614496916,75.0,I sit under the dryer with a magazine on my lap and let Marnie do my nails.,3283.0
1696,289,1712614497811,42.0,"""I am going to a funeral tomorrow,"" I say.",895.0
1696,290,1712614498654,38.0,"""I'm sorry to hear that,"" Marnie says.",843.0
1696,291,1712614499368,25.0,"""It was a murder,"" I say.",714.0
1696,292,1712614500066,37.0,"""That's the worst kind,"" Marnie says.",698.0
1696,293,1712614500994,35.0,"""We weren't all that close,"" I say.",928.0
1696,294,1712614501592,15.0,"""But you know?""",598.0
1696,295,1712614502493,45.0,"""We'll get you fixed up for it,"" Marnie says.",900.0
1696,296,1712614504894,72.0,"That night I make my bed on the sofa, and in the morning I get up first.",2401.0
1696,297,1712614506952,50.0,I put on coffee and fix breakfast while he shaves.,2058.0
1696,298,1712614510674,76.0,"He appears in the kitchen doorway, towel over his bare shoulder, appraising.",3722.0
1696,299,1712614511273,23.0,"""Here's coffee,"" I say.",599.0
1696,300,1712614512104,31.0,"""Eggs'll be ready in a minute.”",831.0
1696,301,1712614513110,37.0,"I wake Dean, and the three of us eat.",1006.0
1696,302,1712614514842,79.0,"Whenever Stuart looks at me, I ask Dean if he wants more milk, more toast, etc.",1732.0
1696,303,1712614516034,56.0,"""I'll call you today,"" Stuart says as he opens the door.",1192.0
1696,304,1712614516821,42.0,"I say, ""I don't think I'll be home today.""",787.0
1696,305,1712614517350,21.0,"""All right,"" he says.",528.0
1696,306,1712614517860,7.0,"""Sure.""",510.0
1696,307,1712614518249,18.0,I dress carefully.,389.0
1696,308,1712614519309,48.0,I try on a hat and look at myself in the mirror.,1060.0
1696,309,1712614520279,28.0,I write out a note for Dean.,970.0
1696,310,1712614521877,69.0,"Honey, Mommy has things to do this afternoon, but will be back later.",1598.0
1696,311,1712614523764,61.0,You stay in or be in the backyard until one of us comes home.,1887.0
1696,312,1712614524488,11.0,"Love, Mommy",724.0
1696,313,1712614525972,48.0,I look at the word Love and then I underline it.,1484.0
1696,314,1712614527521,29.0,Then I see the word backyard.,1549.0
1696,315,1712614528452,22.0,Is it one word or two?,931.0
1696,316,1712614528974,3.0,***,522.0
1696,317,1712614533607,121.0,"I drive through farm country, through fields of oats and sugar beets and past apple orchards, cattle grazing in pastures.",4633.0
1696,318,1712614537073,99.0,"Then everything changes, more like shacks than farmhouses and stands of timber instead of orchards.",3466.0
1696,319,1712614540266,78.0,"Then mountains, and on the right, far below, I sometimes see the Naches River.",3193.0
1696,320,1712614541851,64.0,A green pickup comes up behind me and stays behind me for miles.,1585.0
1696,321,1712614542931,55.0,"I keep slowing at the wrong times, hoping he will pass.",1080.0
1696,322,1712614543658,16.0,Then I speed up.,727.0
1696,323,1712614544748,36.0,"But this is at the wrong times, too.",1089.0
1696,324,1712614545694,39.0,I grip the wheel until my fingers hurt.,946.0
1696,325,1712614546570,37.0,On a long clear stretch he goes past.,876.0
1696,326,1712614548907,73.0,"But he drives along beside for a bit, a crewcut man in a blue work shirt.",2337.0
1696,327,1712614549553,24.0,We look each other over.,646.0
1696,328,1712614551446,53.0,"Then he waves, toots his horn, and pulls on up ahead.",1893.0
1696,329,1712614552315,29.0,I slow down and find a place.,869.0
1696,330,1712614553362,35.0,I pull over and shut off the motor.,1047.0
1696,331,1712614554183,42.0,I can hear the river down below the trees.,821.0
1696,332,1712614555414,35.0,Then I hear the pickup coming back.,1231.0
1696,333,1712614556427,41.0,I lock the doors and roll up the windows.,1013.0
1696,334,1712614557285,30.0,"""You all right?"" the man says.",858.0
1696,335,1712614557943,21.0,He raps on the glass.,658.0
1696,336,1712614558576,11.0,"""You okay?""",633.0
1696,337,1712614560034,64.0,He leans his arms on the door and brings his face to the window.,1458.0
1696,338,1712614560636,15.0,I stare at him.,602.0
1696,339,1712614561280,30.0,I can't think what else to do.,644.0
1696,340,1712614562007,34.0,"""Is everything all right in there?",726.0
1696,341,1712614563297,31.0,"How come you're all locked up?""",1290.0
1696,342,1712614563935,16.0,I shake my head.,638.0
1696,343,1712614564668,24.0,"""Roll down your window.""",733.0
1696,344,1712614566433,64.0,He shakes his head and looks at the highway and then back at me.,1764.0
1696,345,1712614567069,19.0,"""Roll it down now.""",636.0
1696,346,1712614567845,32.0,"""Please,"" I say, ""I have to go.""",776.0
1696,347,1712614568941,50.0,"""Open the door,"" he says as if he isn't listening.",1096.0
1696,348,1712614570597,33.0,"""You're going to choke in there.""",1656.0
1696,349,1712614572264,32.0,"He looks at my breasts, my legs.",1667.0
1696,350,1712614573242,34.0,I can tell that's what he's doing.,978.0
1696,351,1712614574021,22.0,"""Hey, sugar,"" he says.",779.0
1696,352,1712614574663,31.0,"""I'm just here to help is all.""",642.0
1696,353,1712614575150,3.0,***,486.0
1696,354,1712614576667,52.0,The casket is closed and covered with floral sprays.,1517.0
1696,355,1712614578090,45.0,The organ starts up the minute I take a seat.,1423.0
1696,356,1712614578978,40.0,People are coming in and finding chairs.,888.0
1696,357,1712614580614,63.0,There's a boy in flared pants and a yellow short-sleeved shirt.,1636.0
1696,358,1712614584581,100.0,A door opens and the family comes in in a group and moves over to a curtained place off to one side.,3967.0
1696,359,1712614586142,39.0,Chairs creak as everybody gets settled.,1561.0
1696,360,1712614589786,83.0,"Directly, a nice blond man in a nice dark suit stands and asks us to bow our heads.",3644.0
1696,361,1712614593412,105.0,"He says a prayer for us, the living, and when he finishes, he says a prayer for the soul of the departed.",3626.0
1696,362,1712614595551,43.0,Along with the others I go past the casket.,2139.0
1696,363,1712614596847,66.0,Then I move out onto the front steps and into the afternoon light.,1296.0
1696,364,1712614598282,66.0,There's a woman who limps as she goes down the stairs ahead of me.,1435.0
1696,365,1712614598997,33.0,On the sidewalk she looks around.,715.0
1696,366,1712614599707,31.0,"""Well, they got him,"" she says.",710.0
1696,367,1712614600546,27.0,"""If that's any consolation.",838.0
1696,368,1712614601232,31.0,They arrested him this morning.,686.0
1696,369,1712614602017,38.0,I heard it on the radio before I come.,784.0
1696,370,1712614603090,26.0,"A boy right here in town.""",1073.0
1696,371,1712614603847,42.0,We move a few steps down the hot sidewalk.,757.0
1696,372,1712614604595,25.0,People are starting cars.,748.0
1696,373,1712614605843,49.0,I put out my hand and hold on to a parking meter.,1248.0
1696,374,1712614608036,36.0,Polished hoods and polished fenders.,2193.0
1696,375,1712614608561,14.0,My head swims.,525.0
1696,376,1712614609342,41.0,"I say, ""They have friends, these killers.",781.0
1696,377,1712614609873,16.0,"You can't tell.""",531.0
1696,378,1712614611481,70.0,"""I have known that child since she was a little girl,"" the woman says.",1608.0
1696,379,1712614613240,93.0,"""She used to come over and I'd bake cookies for her and let her eat them in front of the TV.""",1759.0
1696,380,1712614613711,3.0,***,471.0
1696,381,1712614615248,76.0,"Back home, Stuart sits at the table with a drink of whiskey in front of him.",1537.0
1696,382,1712614616473,57.0,For a crazy instant I think something's happened to Dean.,1225.0
1696,383,1712614617021,14.0,"""Where is he?""",548.0
1696,384,1712614617392,6.0,I say.,371.0
1696,385,1712614617759,16.0,"""Where is Dean?""",365.0
1696,386,1712614618177,27.0,"""Outside,"" my husband says.",418.0
1696,387,1712614619296,34.0,He drains his glass and stands up.,1118.0
1696,388,1712614620430,40.0,"He says, ""I think I know what you need.""",1134.0
1696,389,1712614623325,138.0,He reaches an arm around my waist and with his other hand he begins to unbutton my jacket and then he goes on to the buttons of my blouse.,2895.0
1696,390,1712614624089,30.0,"""First things first,"" he says.",763.0
1696,391,1712614624558,23.0,He says something else.,469.0
1696,392,1712614625185,27.0,But I don't need to listen.,627.0
1696,393,1712614626285,46.0,I can't hear a thing with so much water going.,1100.0
1696,394,1712614626732,3.0,***,447.0
1680,79,1712428476267,3.0,***,2593.0
1680,80,1712428479089,37.0,My husband eats with a good appetite.,2822.0
1680,81,1712428482061,37.0,But I don't think he's really hungry.,2972.0
1680,82,1712428487211,69.0,"He chews, arms on the table, and stares at something across the room.",5150.0
1680,83,1712428489880,30.0,He looks at me and looks away.,2668.0
1680,84,1712428492360,33.0,He wipes his mouth on the napkin.,2480.0
1680,85,1712428494825,30.0,"He shrugs, and goes on eating.",2465.0
1680,86,1712428497924,42.0,"""What are you staring at me for?"" he says.",3099.0
1680,87,1712428502513,45.0,"""What is it?"" he says and lays down his fork.",4588.0
1680,88,1712428505754,42.0,"""Was I staring?"" I say, and shake my head.",3241.0
1680,89,1712428507766,20.0,The telephone rings.,2012.0
1680,90,1712428509735,27.0,"""Don't answer it,"" he says.",1969.0
1680,91,1712428511939,33.0,"""It might be your mother,"" I say.",2203.0
1680,92,1712428514073,25.0,"""Watch and see,"" he says.",2134.0
1680,93,1712428516363,34.0,I pick up the receiver and listen.,2289.0
1680,94,1712428518284,24.0,My husband stops eating.,1921.0
1680,95,1712428521659,46.0,"""What did I tell you?"" he says when I hang up.",3375.0
1680,96,1712428523347,23.0,He starts to eat again.,1688.0
1680,97,1712428526013,36.0,Then throws his napkin on his plate.,2665.0
1680,98,1712428530013,63.0,"He says, ""Goddamn it, why can't people mind their own business?",3999.0
1680,99,1712428532802,41.0,Tell me what I did wrong and I'll listen!,2789.0
1680,100,1712428535576,28.0,I wasn't the only man there.,2773.0
1680,101,1712428538389,37.0,We talked it over and we all decided.,2812.0
1680,102,1712428540699,29.0,We couldn't just turn around.,2309.0
1680,103,1712428543381,32.0,We were five miles from the car.,2682.0
1680,104,1712428545787,34.0,I won't have you passing judgment.,2405.0
1680,105,1712428547485,13.0,"Do you hear?""",1697.0
1680,106,1712428549391,18.0,"""You know,"" I say.",1906.0
1680,107,1712428552403,33.0,"He says, ""What do I know, Claire?",3012.0
1680,108,1712428555016,34.0,Tell me what I'm supposed to know.,2613.0
1680,109,1712428558034,40.0,"I don't know anything except one thing?""",3017.0
1680,110,1712428561488,48.0,He gives me what he thinks is a meaningful look.,3454.0
1680,111,1712428563826,24.0,"""She was dead,"" he says.",2337.0
1680,112,1712428566487,33.0,"""And I'm as sorry as anyone else.",2661.0
1680,113,1712428568709,18.0,"But she was dead.""",2221.0
1680,114,1712428570624,26.0,"""That's the point,"" I say.",1915.0
1680,115,1712428572353,20.0,He raises his hands.,1729.0
1680,116,1712428575134,40.0,He pushes his chair away from the table.,2780.0
1680,117,1712428581747,72.0,He takes out his cigarettes and goes out to the back with a can of beer.,6613.0
1680,118,1712428586187,64.0,I see him sit in the lawn chair and pick up the newspaper again.,4440.0
1680,119,1712428589664,39.0,His name is in there on the first page.,3476.0
1680,120,1712428592347,36.0,Along with the names of his friends.,2683.0
1680,121,1712428595531,40.0,I close my eyes and hold on to the sink.,3184.0
1680,122,1712428601340,74.0,Then I rake my arm across the drainboard and send the dishes to the floor.,5809.0
1680,123,1712428603270,16.0,He doesn't move.,1930.0
1680,124,1712428605305,18.0,I know he's heard.,2034.0
1680,125,1712428608444,40.0,He lifts his head as if still listening.,3138.0
1680,126,1712428610897,30.0,But he doesn't move otherwise.,2452.0
1680,127,1712428613350,23.0,He doesn't turn around.,2452.0
1680,128,1712428615404,3.0,***,2054.0
1680,129,1712428622408,88.0,"He and Gordon Johnson and Mel Dorn and Vern Williams, they play poker and bowl and fish.",7003.0
1680,130,1712428630194,85.0,They fish every spring and early summer before visiting relatives can get in the way.,7786.0
1680,131,1712428634269,65.0,"They are decent men, family men, men who take care of their jobs.",4074.0
1680,132,1712428638536,65.0,"They have sons and daughters who go to school with our son, Dean.",4267.0
1680,133,1712428642939,55.0,Last Friday these family men left for the Naches River.,4402.0
1680,134,1712428647389,76.0,They parked the car in the mountains and hiked to where they wanted to fish.,4450.0
1680,135,1712428651538,76.0,"They carried their bedrolls, their food, their playing cards, their whiskey.",4147.0
1680,136,1712428654906,42.0,They saw the girl before they set up camp.,3368.0
1680,137,1712428657489,19.0,Mel Dorn found her.,2582.0
1680,138,1712428659804,25.0,No clothes on her at all.,2315.0
1680,139,1712428664247,64.0,She was wedged into some branches that stuck out over the water.,4442.0
1680,140,1712428667632,43.0,He called the others and they came to look.,3384.0
1680,141,1712428669986,29.0,They talked about what to do.,2352.0
1680,142,1712428677217,82.0,One of the men - my Stuart didn't say which - said they should start back at once.,7231.0
1680,143,1712428682917,86.0,"The others stirred the sand with their shoes, said they didn't feel inclined that way.",5699.0
1680,144,1712428688825,82.0,"They pleaded fatigue, the late hour, the fact that the girl wasn't going anywhere.",5907.0
1680,145,1712428692441,47.0,In the end they went ahead and set up the camp.,3616.0
1680,146,1712428694997,42.0,They built a fire and drank their whiskey.,2556.0
1680,147,1712428698181,50.0,"When the moon came up, they talked about the girl.",3183.0
1680,148,1712428703165,59.0,Someone said they should -keep the body from drifting away.,4983.0
1680,149,1712428706127,55.0,They took their flashlights and went back to the river.,2962.0
1680,150,1712428710413,66.0,One of the men - it might have been Stuart - waded in and got her.,4286.0
1680,151,1712428715540,53.0,He took her by the fingers and pulled her into shore.,5126.0
1680,152,1712428722497,87.0,He got some nylon cord and tied it to her wrist and then looped the rest around a tree.,6957.0
1680,153,1712428730429,99.0,"The next morning they cooked breakfast, drank coffee, and drank whiskey, and then split up to fish.",7931.0
1680,154,1712428740327,182.0,"That night they cooked fish, cooked potatoes, drank coffee, drank whiskey, then took their cooking things and eating things back down to the river and washed them where the girl was.",9898.0
1680,155,1712428742833,32.0,They played some cards later on.,2505.0
1680,156,1712428746520,55.0,Maybe they played until they couldn't see them anymore.,3687.0
1680,157,1712428748939,28.0,Vern Williams went to sleep.,2419.0
1680,158,1712428750910,28.0,But the others told stories.,1970.0
1680,159,1712428757034,100.0,Gordon Johnson said the trout they'd caught were hard because of the terrible coldness of the water.,6123.0
1680,160,1712428764925,154.0,"The next morning they got up late, drank whiskey, fished a little, took down their tents, rolled their sleeping bags, gathered their stuff, and hiked out.",7891.0
1680,161,1712428768274,41.0,They drove until they got to a telephone.,3348.0
1680,162,1712428773179,86.0,It was Stuart who made the call while the others stood around in the sun and listened.,4905.0
1680,163,1712428776524,32.0,He gave the sheriff their names.,3345.0
1680,164,1712428778561,25.0,They had nothing to hide.,2037.0
1680,165,1712428780722,21.0,They weren't ashamed.,2160.0
1680,166,1712428788050,100.0,They said they'd wait until someone could come for better directions and take down their statements.,7328.0
1680,167,1712428789288,3.0,***,1238.0
1680,168,1712428791596,30.0,I was asleep when he got home.,2308.0
1680,169,1712428794266,46.0,But I woke up when I heard him in the kitchen.,2670.0
1680,170,1712428797806,64.0,I found him leaning against the refrigerator with a can of beer.,3540.0
1680,171,1712428803929,68.0,He put his heavy arms around me and rubbed his big hands on my back.,6123.0
1680,172,1712428809941,85.0,In bed he put his hands on me again and then waited as if thinking of something else.,6012.0
1680,173,1712428812618,28.0,I turned and opened my legs.,2676.0
1680,174,1712428815363,36.0,"Afterwards, I think he stayed awake.",2744.0
1680,175,1712428819999,53.0,He was up that morning before I could get out of bed.,4636.0
1680,176,1712428823396,54.0,"To see if there was something in the paper, I suppose.",3397.0
1680,177,1712428826345,46.0,The telephone began ringing right after eight.,2949.0
1680,178,1712428827852,13.0,"""Go to hell!""",1507.0
1680,179,1712428829521,18.0,I heard him shout.,1667.0
1680,180,1712428831513,31.0,The telephone rang right again.,1992.0
1680,181,1712428835465,59.0,"""I have nothing to add to what I already told the sheriff!""",3951.0
1680,182,1712428837112,29.0,He slammed the receiver down.,1647.0
1680,183,1712428838729,27.0,"""What is going on?"" I said.",1617.0
1680,184,1712428842905,49.0,It was then that he told me what I just told you.,4176.0
1680,185,1712428844060,3.0,***,1155.0
1680,186,1712428846639,44.0,I sweep up the broken dishes and go outside.,2579.0
1680,187,1712428851993,85.0,"He is lying on his back on the grass now, the newspaper and can of beer within reach.",5354.0
1680,188,1712428855405,41.0,"""Stuart, could we go for a drive?"" I say.",3412.0
1680,189,1712428857177,30.0,He rolls over and looks at me.,1771.0
1680,190,1712428859393,37.0,"""We'll pick up some beer,"" he says...",2216.0
1680,191,1712428863317,62.0,He gets to his feet and touches me on the hip as he goes past.,3924.0
1680,192,1712428864928,28.0,"""Give me a minute,"" he says.",1610.0
1680,193,1712428868877,39.0,We drive through town without speaking.,3949.0
1680,194,1712428871173,39.0,He stops at a roadside market for beer.,2295.0
1680,195,1712428874058,54.0,I notice a great stack of papers just inside the door.,2885.0
1680,196,1712428880273,89.0,On the top step a fat woman in a print dress holds out a licorice stick to a little girl.,6215.0
1680,197,1712428883995,66.0,"Later on, we cross Everson Creek and turn into the picnic grounds.",3722.0
1680,198,1712428889262,79.0,The creek runs under the bridge and into a large pond a few hundred yards away.,5267.0
1680,199,1712428891471,28.0,I can see the men out there.,2208.0
1680,200,1712428893463,33.0,I can see them out there fishing.,1991.0
1680,201,1712428895488,31.0,So much water so close to home.,2025.0
1680,202,1712428898816,43.0,"I say, ""Why did you have to go miles away?""",3328.0
1680,203,1712428900443,25.0,"""Don't rile me,"" he says.",1627.0
1680,204,1712428902688,29.0,We sit on a bench in the sun.,2245.0
1680,205,1712428904718,25.0,He opens us cans of beer.,2029.0
1680,206,1712428906443,25.0,"He says, ""Relax, Claire.""",1725.0
1680,207,1712428909534,30.0,"""They said they were innocent.",3091.0
1680,208,1712428911158,27.0,"They said they were crazy.""",1623.0
1680,209,1712428914307,15.0,"He says, ""Who?""",3149.0
1680,210,1712428917699,38.0,"He says, ""What are you talking about?""",3392.0
1680,211,1712428919291,21.0,"""The Maddox brothers.",1592.0
1680,212,1712428923503,54.0,They killed a girl named Arlene Hubly where I grew up.,4212.0
1680,213,1712428926845,60.0,They cut off her head and threw her into the Cle Elum River.,3342.0
1680,214,1712428928824,31.0,"It happened when I was a girl.""",1978.0
1680,215,1712428931099,40.0,"""You're going to get me riled,"" he says.",2274.0
1680,216,1712428932941,20.0,I look at the creek.,1842.0
1680,217,1712428938576,79.0,"I'm right in it, eyes open, face down, staring at the moss on the bottom, dead.",5634.0
1680,218,1712428941732,62.0,"""I don't know what's wrong with you,"" he says on the way home.",3156.0
1680,219,1712428944034,45.0,"""You're getting me more riled by the minute.""",2302.0
1680,220,1712428945992,34.0,There is nothing I can say to him.,1957.0
1680,221,1712428947871,36.0,He tries to concentrate on the road.,1878.0
1680,222,1712428950786,47.0,But he keeps looking into the rear-view mirror.,2915.0
1680,223,1712428952342,9.0,He knows.,1556.0
1680,224,1712428953606,3.0,***,1263.0
1680,225,1712428958132,52.0,Stuart believes he is letting me sleep this morning.,4526.0
1680,226,1712428960580,47.0,But I was awake long before the alarm went off.,2448.0
1680,227,1712428964393,74.0,"I was thinking, lying on the far side of the bed away from his hairy legs.",3813.0
1680,228,1712428969005,78.0,"He gets Dean off for school, and then he shaves, dresses, and leaves for work.",4611.0
1680,229,1712428971737,40.0,Twice he looks in and clears his throat.,2732.0
1680,230,1712428973555,26.0,But I keep my eyes closed.,1816.0
1680,231,1712428975744,38.0,In the kitchen I find a note from him.,2189.0
1680,232,1712428977583,19.0,"It's signed ""Love.""",1839.0
1680,233,1712428983004,74.0,I sit in the breakfast nook and drink coffee and leave a ring on the note.,5421.0
1680,234,1712428987185,67.0,I look at the newspaper and turn it this way and that on the table.,4181.0
1680,235,1712428990800,43.0,Then I skid it close and read what it says.,3615.0
1680,236,1712428993368,38.0,"The body has been identified, claimed.",2567.0
1680,237,1712429003658,155.0,"But it took some examining it, some putting things into it, some cutting, some weighing, some measuring, some putting things back again and sewing them in.",10290.0
1680,238,1712429006464,57.0,I sit for a long time holding the newspaper and thinking.,2806.0
1680,239,1712429010323,51.0,Then I call up to get a chair at the hairdresser's.,3859.0
1680,240,1712429011503,3.0,***,1180.0
1680,241,1712429016428,75.0,I sit under the dryer with a magazine on my lap and let Marnie do my nails.,4924.0
1680,242,1712429018616,42.0,"""I am going to a funeral tomorrow,"" I say.",2188.0
1680,243,1712429020843,38.0,"""I'm sorry to hear that,"" Marnie says.",2227.0
1680,244,1712429022545,25.0,"""It was a murder,"" I say.",1702.0
1680,245,1712429024336,37.0,"""That's the worst kind,"" Marnie says.",1790.0
1680,246,1712429026717,35.0,"""We weren't all that close,"" I say.",2380.0
1680,247,1712429028146,15.0,"""But you know?""",1429.0
1680,248,1712429031077,45.0,"""We'll get you fixed up for it,"" Marnie says.",2931.0
1680,249,1712429034925,72.0,"That night I make my bed on the sofa, and in the morning I get up first.",3847.0
1680,250,1712429037246,50.0,I put on coffee and fix breakfast while he shaves.,2321.0
1680,251,1712429041569,76.0,"He appears in the kitchen doorway, towel over his bare shoulder, appraising.",4323.0
1680,252,1712429043219,23.0,"""Here's coffee,"" I say.",1650.0
1680,253,1712429045687,31.0,"""Eggs'll be ready in a minute.”",2467.0
1680,254,1712429047690,37.0,"I wake Dean, and the three of us eat.",2003.0
1680,255,1712429051895,79.0,"Whenever Stuart looks at me, I ask Dean if he wants more milk, more toast, etc.",4204.0
1680,256,1712429055642,56.0,"""I'll call you today,"" Stuart says as he opens the door.",3746.0
1680,257,1712429058014,42.0,"I say, ""I don't think I'll be home today.""",2371.0
1680,258,1712429059458,21.0,"""All right,"" he says.",1444.0
1680,259,1712429060630,7.0,"""Sure.""",1172.0
1680,260,1712429062241,18.0,I dress carefully.,1611.0
1680,261,1712429065022,48.0,I try on a hat and look at myself in the mirror.,2781.0
1680,262,1712429067032,28.0,I write out a note for Dean.,2009.0
1680,263,1712429071187,69.0,"Honey, Mommy has things to do this afternoon, but will be back later.",4155.0
1680,264,1712429075174,61.0,You stay in or be in the backyard until one of us comes home.,3986.0
1680,265,1712429076641,11.0,"Love, Mommy",1466.0
1680,266,1712429080793,48.0,I look at the word Love and then I underline it.,4152.0
1680,267,1712429083278,29.0,Then I see the word backyard.,2484.0
1680,268,1712429085917,22.0,Is it one word or two?,2639.0
1680,269,1712429087064,3.0,***,1147.0
1680,270,1712429094125,121.0,"I drive through farm country, through fields of oats and sugar beets and past apple orchards, cattle grazing in pastures.",7060.0
1680,271,1712429099897,99.0,"Then everything changes, more like shacks than farmhouses and stands of timber instead of orchards.",5771.0
1680,272,1712429104043,78.0,"Then mountains, and on the right, far below, I sometimes see the Naches River.",4146.0
1680,273,1712429108476,64.0,A green pickup comes up behind me and stays behind me for miles.,4433.0
1680,274,1712429111707,55.0,"I keep slowing at the wrong times, hoping he will pass.",3231.0
1680,275,1712429112892,16.0,Then I speed up.,1185.0
1680,276,1712429115218,36.0,"But this is at the wrong times, too.",2326.0
1680,277,1712429118091,39.0,I grip the wheel until my fingers hurt.,2872.0
1680,278,1712429121029,37.0,On a long clear stretch he goes past.,2938.0
1680,279,1712429125764,73.0,"But he drives along beside for a bit, a crewcut man in a blue work shirt.",4734.0
1680,280,1712429127183,24.0,We look each other over.,1418.0
1680,281,1712429131210,53.0,"Then he waves, toots his horn, and pulls on up ahead.",4027.0
1680,282,1712429133134,29.0,I slow down and find a place.,1923.0
1680,283,1712429134773,35.0,I pull over and shut off the motor.,1639.0
1680,284,1712429137400,42.0,I can hear the river down below the trees.,2627.0
1680,285,1712429139687,35.0,Then I hear the pickup coming back.,2287.0
1680,286,1712429141710,41.0,I lock the doors and roll up the windows.,2023.0
1680,287,1712429143578,30.0,"""You all right?"" the man says.",1868.0
1680,288,1712429145295,21.0,He raps on the glass.,1717.0
1680,289,1712429146583,11.0,"""You okay?""",1287.0
1680,290,1712429150252,64.0,He leans his arms on the door and brings his face to the window.,3669.0
1680,291,1712429151630,15.0,I stare at him.,1377.0
1680,292,1712429153241,30.0,I can't think what else to do.,1610.0
1680,293,1712429154990,34.0,"""Is everything all right in there?",1749.0
1680,294,1712429157036,31.0,"How come you're all locked up?""",2046.0
1680,295,1712429158427,16.0,I shake my head.,1391.0
1680,296,1712429160088,24.0,"""Roll down your window.""",1661.0
1680,297,1712429163665,64.0,He shakes his head and looks at the highway and then back at me.,3577.0
1680,298,1712429165359,19.0,"""Roll it down now.""",1693.0
1680,299,1712429167690,32.0,"""Please,"" I say, ""I have to go.""",2331.0
1680,300,1712429170463,50.0,"""Open the door,"" he says as if he isn't listening.",2772.0
1680,301,1712429172840,33.0,"""You're going to choke in there.""",2376.0
1680,302,1712429174842,32.0,"He looks at my breasts, my legs.",2002.0
1680,303,1712429179776,34.0,I can tell that's what he's doing.,4934.0
1680,304,1712429181413,22.0,"""Hey, sugar,"" he says.",1637.0
1680,305,1712429184247,31.0,"""I'm just here to help is all.""",2834.0
1680,306,1712429185393,3.0,***,1146.0
1680,307,1712429188817,52.0,The casket is closed and covered with floral sprays.,3422.0
1680,308,1712429191742,45.0,The organ starts up the minute I take a seat.,2924.0
1680,309,1712429193424,40.0,People are coming in and finding chairs.,1682.0
1680,310,1712429197271,63.0,There's a boy in flared pants and a yellow short-sleeved shirt.,3847.0
1680,311,1712429203549,100.0,A door opens and the family comes in in a group and moves over to a curtained place off to one side.,6277.0
1680,312,1712429205971,39.0,Chairs creak as everybody gets settled.,2422.0
1680,313,1712429212834,83.0,"Directly, a nice blond man in a nice dark suit stands and asks us to bow our heads.",6863.0
1680,314,1712429217938,105.0,"He says a prayer for us, the living, and when he finishes, he says a prayer for the soul of the departed.",5104.0
1680,315,1712429220287,43.0,Along with the others I go past the casket.,2349.0
1680,316,1712429224551,66.0,Then I move out onto the front steps and into the afternoon light.,4263.0
1680,317,1712429227885,66.0,There's a woman who limps as she goes down the stairs ahead of me.,3334.0
1680,318,1712429229727,33.0,On the sidewalk she looks around.,1842.0
1680,319,1712429231462,31.0,"""Well, they got him,"" she says.",1735.0
1680,320,1712429233874,27.0,"""If that's any consolation.",2412.0
1680,321,1712429235596,31.0,They arrested him this morning.,1722.0
1680,322,1712429237484,38.0,I heard it on the radio before I come.,1888.0
1680,323,1712429239229,26.0,"A boy right here in town.""",1745.0
1680,324,1712429243119,42.0,We move a few steps down the hot sidewalk.,3890.0
1680,325,1712429245087,25.0,People are starting cars.,1967.0
1680,326,1712429249019,49.0,I put out my hand and hold on to a parking meter.,3930.0
1680,327,1712429251498,36.0,Polished hoods and polished fenders.,2478.0
1680,328,1712429252859,14.0,My head swims.,1361.0
1680,329,1712429255325,41.0,"I say, ""They have friends, these killers.",2466.0
1680,330,1712429256816,16.0,"You can't tell.""",1491.0
1680,331,1712429261615,70.0,"""I have known that child since she was a little girl,"" the woman says.",4797.0
1680,332,1712429266935,93.0,"""She used to come over and I'd bake cookies for her and let her eat them in front of the TV.""",5320.0
1680,333,1712429267994,3.0,***,1058.0
1680,334,1712429271165,76.0,"Back home, Stuart sits at the table with a drink of whiskey in front of him.",3171.0
1680,335,1712429274486,57.0,For a crazy instant I think something's happened to Dean.,3320.0
1680,336,1712429275826,14.0,"""Where is he?""",1340.0
1680,337,1712429276938,6.0,I say.,1112.0
1680,338,1712429278025,16.0,"""Where is Dean?""",1086.0
1680,339,1712429279437,27.0,"""Outside,"" my husband says.",1411.0
1680,340,1712429281523,34.0,He drains his glass and stands up.,2086.0
1680,341,1712429283974,40.0,"He says, ""I think I know what you need.""",2451.0
1680,342,1712429294461,138.0,He reaches an arm around my waist and with his other hand he begins to unbutton my jacket and then he goes on to the buttons of my blouse.,10485.0
1680,343,1712429297110,30.0,"""First things first,"" he says.",2649.0
1680,344,1712429298559,23.0,He says something else.,1449.0
1680,345,1712429299996,27.0,But I don't need to listen.,1436.0
1680,346,1712429302526,46.0,I can't hear a thing with so much water going.,2530.0
1680,347,1712429303934,3.0,***,1408.0
1622,123,1712422576332,3.0,***,2275.0
1622,124,1712422578231,37.0,My husband eats with a good appetite.,1899.0
1622,125,1712422579791,37.0,But I don't think he's really hungry.,1560.0
1622,126,1712422584858,69.0,"He chews, arms on the table, and stares at something across the room.",5067.0
1622,127,1712422586465,30.0,He looks at me and looks away.,1607.0
1622,128,1712422588005,33.0,He wipes his mouth on the napkin.,1540.0
1622,129,1712422589240,30.0,"He shrugs, and goes on eating.",1235.0
1622,130,1712422591053,42.0,"""What are you staring at me for?"" he says.",1813.0
1622,131,1712422593319,45.0,"""What is it?"" he says and lays down his fork.",2266.0
1622,132,1712422595060,42.0,"""Was I staring?"" I say, and shake my head.",1741.0
1622,133,1712422596403,20.0,The telephone rings.,1343.0
1622,134,1712422597454,27.0,"""Don't answer it,"" he says.",1051.0
1622,135,1712422599337,33.0,"""It might be your mother,"" I say.",1883.0
1622,136,1712422600720,25.0,"""Watch and see,"" he says.",1383.0
1622,137,1712422602134,34.0,I pick up the receiver and listen.,1414.0
1622,138,1712422604236,24.0,My husband stops eating.,2102.0
1622,139,1712422606358,46.0,"""What did I tell you?"" he says when I hang up.",2122.0
1622,140,1712422607156,23.0,He starts to eat again.,798.0
1622,141,1712422608324,36.0,Then throws his napkin on his plate.,1168.0
1622,142,1712422610203,63.0,"He says, ""Goddamn it, why can't people mind their own business?",1879.0
1622,143,1712422612403,41.0,Tell me what I did wrong and I'll listen!,2200.0
1622,144,1712422614393,28.0,I wasn't the only man there.,1990.0
1622,145,1712422615989,37.0,We talked it over and we all decided.,1596.0
1622,146,1712422617397,29.0,We couldn't just turn around.,1408.0
1622,147,1712422619200,32.0,We were five miles from the car.,1802.0
1622,148,1712422620670,34.0,I won't have you passing judgment.,1470.0
1622,149,1712422621313,13.0,"Do you hear?""",643.0
1622,150,1712422621746,18.0,"""You know,"" I say.",433.0
1622,151,1712422622927,33.0,"He says, ""What do I know, Claire?",1181.0
1622,152,1712422623970,34.0,Tell me what I'm supposed to know.,1043.0
1622,153,1712422626041,40.0,"I don't know anything except one thing?""",2071.0
1622,154,1712422627375,48.0,He gives me what he thinks is a meaningful look.,1334.0
1622,155,1712422628304,24.0,"""She was dead,"" he says.",929.0
1622,156,1712422629366,33.0,"""And I'm as sorry as anyone else.",1062.0
1622,157,1712422629988,18.0,"But she was dead.""",622.0
1622,158,1712422630540,26.0,"""That's the point,"" I say.",552.0
1622,159,1712422631169,20.0,He raises his hands.,629.0
1622,160,1712422632409,40.0,He pushes his chair away from the table.,1240.0
1622,161,1712422634732,72.0,He takes out his cigarettes and goes out to the back with a can of beer.,2323.0
1622,162,1712422637902,64.0,I see him sit in the lawn chair and pick up the newspaper again.,3170.0
1622,163,1712422640000,39.0,His name is in there on the first page.,2098.0
1622,164,1712422641132,36.0,Along with the names of his friends.,1132.0
1622,165,1712422642108,40.0,I close my eyes and hold on to the sink.,975.0
1622,166,1712422645248,74.0,Then I rake my arm across the drainboard and send the dishes to the floor.,3140.0
1622,167,1712422645930,16.0,He doesn't move.,681.0
1622,168,1712422646575,18.0,I know he's heard.,645.0
1622,169,1712422648059,40.0,He lifts his head as if still listening.,1484.0
1622,170,1712422648790,30.0,But he doesn't move otherwise.,731.0
1622,171,1712422649858,23.0,He doesn't turn around.,1068.0
1622,172,1712422650718,3.0,***,860.0
1622,173,1712422654043,88.0,"He and Gordon Johnson and Mel Dorn and Vern Williams, they play poker and bowl and fish.",3325.0
1622,174,1712422656910,85.0,They fish every spring and early summer before visiting relatives can get in the way.,2866.0
1622,175,1712422658823,65.0,"They are decent men, family men, men who take care of their jobs.",1913.0
1622,176,1712422661060,65.0,"They have sons and daughters who go to school with our son, Dean.",2237.0
1622,177,1712422663546,55.0,Last Friday these family men left for the Naches River.,2486.0
1622,178,1712422665745,76.0,They parked the car in the mountains and hiked to where they wanted to fish.,2199.0
1622,179,1712422667801,76.0,"They carried their bedrolls, their food, their playing cards, their whiskey.",2056.0
1622,180,1712422670888,42.0,They saw the girl before they set up camp.,3087.0
1622,181,1712422671868,19.0,Mel Dorn found her.,980.0
1622,182,1712422672840,25.0,No clothes on her at all.,972.0
1622,183,1712422674420,64.0,She was wedged into some branches that stuck out over the water.,1580.0
1622,184,1712422675825,43.0,He called the others and they came to look.,1405.0
1622,185,1712422677113,29.0,They talked about what to do.,1288.0
1622,186,1712422681419,82.0,One of the men - my Stuart didn't say which - said they should start back at once.,4305.0
1622,187,1712422685056,86.0,"The others stirred the sand with their shoes, said they didn't feel inclined that way.",3637.0
1622,188,1712422687736,82.0,"They pleaded fatigue, the late hour, the fact that the girl wasn't going anywhere.",2680.0
1622,189,1712422689296,47.0,In the end they went ahead and set up the camp.,1560.0
1622,190,1712422690642,42.0,They built a fire and drank their whiskey.,1346.0
1622,191,1712422691671,50.0,"When the moon came up, they talked about the girl.",1028.0
1622,192,1712422694195,59.0,Someone said they should -keep the body from drifting away.,2524.0
1622,193,1712422695344,55.0,They took their flashlights and went back to the river.,1149.0
1622,194,1712422697109,66.0,One of the men - it might have been Stuart - waded in and got her.,1765.0
1622,195,1712422698491,53.0,He took her by the fingers and pulled her into shore.,1382.0
1622,196,1712422700779,87.0,He got some nylon cord and tied it to her wrist and then looped the rest around a tree.,2288.0
1622,197,1712422703731,99.0,"The next morning they cooked breakfast, drank coffee, and drank whiskey, and then split up to fish.",2952.0
1622,198,1712422708337,182.0,"That night they cooked fish, cooked potatoes, drank coffee, drank whiskey, then took their cooking things and eating things back down to the river and washed them where the girl was.",4606.0
1622,199,1712422709234,32.0,They played some cards later on.,897.0
1622,200,1712422711110,55.0,Maybe they played until they couldn't see them anymore.,1876.0
1622,201,1712422712081,28.0,Vern Williams went to sleep.,971.0
1622,202,1712422712852,28.0,But the others told stories.,771.0
1622,203,1712422716922,100.0,Gordon Johnson said the trout they'd caught were hard because of the terrible coldness of the water.,4070.0
1622,204,1712422721109,154.0,"The next morning they got up late, drank whiskey, fished a little, took down their tents, rolled their sleeping bags, gathered their stuff, and hiked out.",4187.0
1622,205,1712422722310,41.0,They drove until they got to a telephone.,1201.0
1622,206,1712422725046,86.0,It was Stuart who made the call while the others stood around in the sun and listened.,2736.0
1622,207,1712422725989,32.0,He gave the sheriff their names.,943.0
1622,208,1712422726870,25.0,They had nothing to hide.,881.0
1622,209,1712422727513,21.0,They weren't ashamed.,643.0
1622,210,1712422730062,100.0,They said they'd wait until someone could come for better directions and take down their statements.,2549.0
1622,211,1712422730562,3.0,***,500.0
1622,212,1712422732637,30.0,I was asleep when he got home.,2075.0
1622,213,1712422733943,46.0,But I woke up when I heard him in the kitchen.,1306.0
1622,214,1712422736004,64.0,I found him leaning against the refrigerator with a can of beer.,2060.0
1622,215,1712422738274,68.0,He put his heavy arms around me and rubbed his big hands on my back.,2269.0
1622,216,1712422740844,85.0,In bed he put his hands on me again and then waited as if thinking of something else.,2570.0
1622,217,1712422742053,28.0,I turned and opened my legs.,1209.0
1622,218,1712422743275,36.0,"Afterwards, I think he stayed awake.",1222.0
1622,219,1712422745487,53.0,He was up that morning before I could get out of bed.,2212.0
1622,220,1712422746808,54.0,"To see if there was something in the paper, I suppose.",1321.0
1622,221,1712422747917,46.0,The telephone began ringing right after eight.,1109.0
1622,222,1712422748532,13.0,"""Go to hell!""",615.0
1622,223,1712422749129,18.0,I heard him shout.,597.0
1622,224,1712422749736,31.0,The telephone rang right again.,607.0
1622,225,1712422751318,59.0,"""I have nothing to add to what I already told the sheriff!""",1582.0
1622,226,1712422751918,29.0,He slammed the receiver down.,600.0
1622,227,1712422752388,27.0,"""What is going on?"" I said.",470.0
1622,228,1712422754016,49.0,It was then that he told me what I just told you.,1628.0
1622,229,1712422754825,3.0,***,809.0
1622,230,1712422756595,44.0,I sweep up the broken dishes and go outside.,1770.0
1622,231,1712422758839,85.0,"He is lying on his back on the grass now, the newspaper and can of beer within reach.",2244.0
1622,232,1712422760342,41.0,"""Stuart, could we go for a drive?"" I say.",1503.0
1622,233,1712422761120,30.0,He rolls over and looks at me.,778.0
1622,234,1712422762091,37.0,"""We'll pick up some beer,"" he says...",971.0
1622,235,1712422764905,62.0,He gets to his feet and touches me on the hip as he goes past.,2814.0
1622,236,1712422766059,28.0,"""Give me a minute,"" he says.",1154.0
1622,237,1712422766910,39.0,We drive through town without speaking.,851.0
1622,238,1712422768418,39.0,He stops at a roadside market for beer.,1508.0
1622,239,1712422769946,54.0,I notice a great stack of papers just inside the door.,1528.0
1622,240,1712422773160,89.0,On the top step a fat woman in a print dress holds out a licorice stick to a little girl.,3214.0
1622,241,1712422775024,66.0,"Later on, we cross Everson Creek and turn into the picnic grounds.",1864.0
1622,242,1712422777047,79.0,The creek runs under the bridge and into a large pond a few hundred yards away.,2023.0
1622,243,1712422777979,28.0,I can see the men out there.,932.0
1622,244,1712422778900,33.0,I can see them out there fishing.,921.0
1622,245,1712422780341,31.0,So much water so close to home.,1441.0
1622,246,1712422782356,43.0,"I say, ""Why did you have to go miles away?""",2014.0
1622,247,1712422783439,25.0,"""Don't rile me,"" he says.",1083.0
1622,248,1712422784224,29.0,We sit on a bench in the sun.,785.0
1622,249,1712422784862,25.0,He opens us cans of beer.,638.0
1622,250,1712422785442,25.0,"He says, ""Relax, Claire.""",580.0
1622,251,1712422786074,30.0,"""They said they were innocent.",632.0
1622,252,1712422786986,27.0,"They said they were crazy.""",912.0
1622,253,1712422787457,15.0,"He says, ""Who?""",471.0
1622,254,1712422788297,38.0,"He says, ""What are you talking about?""",840.0
1622,255,1712422788945,21.0,"""The Maddox brothers.",648.0
1622,256,1712422790355,54.0,They killed a girl named Arlene Hubly where I grew up.,1410.0
1622,257,1712422792044,60.0,They cut off her head and threw her into the Cle Elum River.,1689.0
1622,258,1712422793178,31.0,"It happened when I was a girl.""",1134.0
1622,259,1712422794652,40.0,"""You're going to get me riled,"" he says.",1474.0
1622,260,1712422795451,20.0,I look at the creek.,799.0
1622,261,1712422797860,79.0,"I'm right in it, eyes open, face down, staring at the moss on the bottom, dead.",2409.0
1622,262,1712422799021,62.0,"""I don't know what's wrong with you,"" he says on the way home.",1161.0
1622,263,1712422799996,45.0,"""You're getting me more riled by the minute.""",974.0
1622,264,1712422800862,34.0,There is nothing I can say to him.,866.0
1622,265,1712422801698,36.0,He tries to concentrate on the road.,836.0
1622,266,1712422803201,47.0,But he keeps looking into the rear-view mirror.,1503.0
1622,267,1712422804032,9.0,He knows.,831.0
1622,268,1712422804516,3.0,***,484.0
1622,269,1712422806308,52.0,Stuart believes he is letting me sleep this morning.,1792.0
1622,270,1712422807735,47.0,But I was awake long before the alarm went off.,1427.0
1622,271,1712422809630,74.0,"I was thinking, lying on the far side of the bed away from his hairy legs.",1895.0
1622,272,1712422811697,78.0,"He gets Dean off for school, and then he shaves, dresses, and leaves for work.",2067.0
1622,273,1712422812985,40.0,Twice he looks in and clears his throat.,1288.0
1622,274,1712422813806,26.0,But I keep my eyes closed.,820.0
1622,275,1712422814961,38.0,In the kitchen I find a note from him.,1155.0
1622,276,1712422815933,19.0,"It's signed ""Love.""",972.0
1622,277,1712422819831,74.0,I sit in the breakfast nook and drink coffee and leave a ring on the note.,3897.0
1622,278,1712422821523,67.0,I look at the newspaper and turn it this way and that on the table.,1692.0
1622,279,1712422822613,43.0,Then I skid it close and read what it says.,1090.0
1622,280,1712422823785,38.0,"The body has been identified, claimed.",1172.0
1622,281,1712422827334,155.0,"But it took some examining it, some putting things into it, some cutting, some weighing, some measuring, some putting things back again and sewing them in.",3549.0
1622,282,1712422828871,57.0,I sit for a long time holding the newspaper and thinking.,1537.0
1622,283,1712422830322,51.0,Then I call up to get a chair at the hairdresser's.,1451.0
1622,284,1712422830751,3.0,***,429.0
1622,285,1712422833011,75.0,I sit under the dryer with a magazine on my lap and let Marnie do my nails.,2260.0
1622,286,1712422834439,42.0,"""I am going to a funeral tomorrow,"" I say.",1428.0
1622,287,1712422835359,38.0,"""I'm sorry to hear that,"" Marnie says.",920.0
1622,288,1712422836009,25.0,"""It was a murder,"" I say.",650.0
1622,289,1712422836889,37.0,"""That's the worst kind,"" Marnie says.",880.0
1622,290,1712422838205,35.0,"""We weren't all that close,"" I say.",1316.0
1622,291,1712422838721,15.0,"""But you know?""",516.0
1622,292,1712422841033,45.0,"""We'll get you fixed up for it,"" Marnie says.",2312.0
1622,293,1712422842737,72.0,"That night I make my bed on the sofa, and in the morning I get up first.",1704.0
1622,294,1712422844036,50.0,I put on coffee and fix breakfast while he shaves.,1299.0
1622,295,1712422846747,76.0,"He appears in the kitchen doorway, towel over his bare shoulder, appraising.",2711.0
1622,296,1712422847617,23.0,"""Here's coffee,"" I say.",870.0
1622,297,1712422848432,31.0,"""Eggs'll be ready in a minute.”",815.0
1622,298,1712422849537,37.0,"I wake Dean, and the three of us eat.",1105.0
1622,299,1712422851843,79.0,"Whenever Stuart looks at me, I ask Dean if he wants more milk, more toast, etc.",2306.0
1622,300,1712422853114,56.0,"""I'll call you today,"" Stuart says as he opens the door.",1271.0
1622,301,1712422854456,42.0,"I say, ""I don't think I'll be home today.""",1342.0
1622,302,1712422854908,21.0,"""All right,"" he says.",452.0
1622,303,1712422855281,7.0,"""Sure.""",373.0
1622,304,1712422855672,18.0,I dress carefully.,391.0
1622,305,1712422856777,48.0,I try on a hat and look at myself in the mirror.,1105.0
1622,306,1712422858606,28.0,I write out a note for Dean.,1829.0
1622,307,1712422860446,69.0,"Honey, Mommy has things to do this afternoon, but will be back later.",1840.0
1622,308,1712422862040,61.0,You stay in or be in the backyard until one of us comes home.,1594.0
1622,309,1712422862635,11.0,"Love, Mommy",595.0
1622,310,1712422863980,48.0,I look at the word Love and then I underline it.,1345.0
1622,311,1712422864888,29.0,Then I see the word backyard.,908.0
1622,312,1712422865808,22.0,Is it one word or two?,920.0
1622,313,1712422866443,3.0,***,635.0
1622,314,1712422870097,121.0,"I drive through farm country, through fields of oats and sugar beets and past apple orchards, cattle grazing in pastures.",3654.0
1622,315,1712422874479,99.0,"Then everything changes, more like shacks than farmhouses and stands of timber instead of orchards.",4382.0
1622,316,1712422876850,78.0,"Then mountains, and on the right, far below, I sometimes see the Naches River.",2371.0
1622,317,1712422879765,64.0,A green pickup comes up behind me and stays behind me for miles.,2915.0
1622,318,1712422881624,55.0,"I keep slowing at the wrong times, hoping he will pass.",1859.0
1622,319,1712422882167,16.0,Then I speed up.,543.0
1622,320,1712422882885,36.0,"But this is at the wrong times, too.",718.0
1622,321,1712422884444,39.0,I grip the wheel until my fingers hurt.,1559.0
1622,322,1712422885517,37.0,On a long clear stretch he goes past.,1073.0
1622,323,1712422887851,73.0,"But he drives along beside for a bit, a crewcut man in a blue work shirt.",2334.0
1622,324,1712422888667,24.0,We look each other over.,816.0
1622,325,1712422889855,53.0,"Then he waves, toots his horn, and pulls on up ahead.",1188.0
1622,326,1712422890642,29.0,I slow down and find a place.,787.0
1622,327,1712422891565,35.0,I pull over and shut off the motor.,922.0
1622,328,1712422892486,42.0,I can hear the river down below the trees.,921.0
1622,329,1712422893346,35.0,Then I hear the pickup coming back.,859.0
1622,330,1712422894289,41.0,I lock the doors and roll up the windows.,943.0
1622,331,1712422894987,30.0,"""You all right?"" the man says.",697.0
1622,332,1712422895585,21.0,He raps on the glass.,598.0
1622,333,1712422896015,11.0,"""You okay?""",430.0
1622,334,1712422898390,64.0,He leans his arms on the door and brings his face to the window.,2375.0
1622,335,1712422898814,15.0,I stare at him.,424.0
1622,336,1712422899651,30.0,I can't think what else to do.,837.0
1622,337,1712422900312,34.0,"""Is everything all right in there?",661.0
1622,338,1712422901209,31.0,"How come you're all locked up?""",897.0
1622,339,1712422901780,16.0,I shake my head.,571.0
1622,340,1712422902516,24.0,"""Roll down your window.""",736.0
1622,341,1712422904232,64.0,He shakes his head and looks at the highway and then back at me.,1716.0
1622,342,1712422905000,19.0,"""Roll it down now.""",768.0
1622,343,1712422905818,32.0,"""Please,"" I say, ""I have to go.""",817.0
1622,344,1712422906873,50.0,"""Open the door,"" he says as if he isn't listening.",1055.0
1622,345,1712422908318,33.0,"""You're going to choke in there.""",1445.0
1622,346,1712422909021,32.0,"He looks at my breasts, my legs.",703.0
1622,347,1712422910249,34.0,I can tell that's what he's doing.,1228.0
1622,348,1712422911023,22.0,"""Hey, sugar,"" he says.",774.0
1622,349,1712422911922,31.0,"""I'm just here to help is all.""",899.0
1622,350,1712422912351,3.0,***,429.0
1622,351,1712422914511,52.0,The casket is closed and covered with floral sprays.,2160.0
1622,352,1712422915907,45.0,The organ starts up the minute I take a seat.,1395.0
1622,353,1712422917214,40.0,People are coming in and finding chairs.,1307.0
1622,354,1712422919067,63.0,There's a boy in flared pants and a yellow short-sleeved shirt.,1853.0
1622,355,1712422921937,100.0,A door opens and the family comes in in a group and moves over to a curtained place off to one side.,2870.0
1622,356,1712422923469,39.0,Chairs creak as everybody gets settled.,1532.0
1622,357,1712422927233,83.0,"Directly, a nice blond man in a nice dark suit stands and asks us to bow our heads.",3763.0
1622,358,1712422930348,105.0,"He says a prayer for us, the living, and when he finishes, he says a prayer for the soul of the departed.",3114.0
1622,359,1712422931693,43.0,Along with the others I go past the casket.,1345.0
1622,360,1712422933505,66.0,Then I move out onto the front steps and into the afternoon light.,1812.0
1622,361,1712422935652,66.0,There's a woman who limps as she goes down the stairs ahead of me.,2147.0
1622,362,1712422937105,33.0,On the sidewalk she looks around.,1453.0
1622,363,1712422938046,31.0,"""Well, they got him,"" she says.",941.0
1622,364,1712422938492,27.0,"""If that's any consolation.",445.0
1622,365,1712422939172,31.0,They arrested him this morning.,680.0
1622,366,1712422939882,38.0,I heard it on the radio before I come.,710.0
1622,367,1712422940912,26.0,"A boy right here in town.""",1030.0
1622,368,1712422941712,42.0,We move a few steps down the hot sidewalk.,799.0
1622,369,1712422942368,25.0,People are starting cars.,656.0
1622,370,1712422944393,49.0,I put out my hand and hold on to a parking meter.,2025.0
1622,371,1712422946364,36.0,Polished hoods and polished fenders.,1971.0
1622,372,1712422946984,14.0,My head swims.,620.0
1622,373,1712422948612,41.0,"I say, ""They have friends, these killers.",1628.0
1622,374,1712422949117,16.0,"You can't tell.""",505.0
1622,375,1712422950731,70.0,"""I have known that child since she was a little girl,"" the woman says.",1614.0
1622,376,1712422952837,93.0,"""She used to come over and I'd bake cookies for her and let her eat them in front of the TV.""",2106.0
1622,377,1712422953333,3.0,***,496.0
1622,378,1712422955771,76.0,"Back home, Stuart sits at the table with a drink of whiskey in front of him.",2438.0
1622,379,1712422957468,57.0,For a crazy instant I think something's happened to Dean.,1697.0
1622,380,1712422957924,14.0,"""Where is he?""",456.0
1622,381,1712422958330,6.0,I say.,406.0
1622,382,1712422958740,16.0,"""Where is Dean?""",409.0
1622,383,1712422959343,27.0,"""Outside,"" my husband says.",603.0
1622,384,1712422960128,34.0,He drains his glass and stands up.,785.0
1622,385,1712422961587,40.0,"He says, ""I think I know what you need.""",1459.0
1622,386,1712422970571,138.0,He reaches an arm around my waist and with his other hand he begins to unbutton my jacket and then he goes on to the buttons of my blouse.,8984.0
1622,387,1712422971264,30.0,"""First things first,"" he says.",693.0
1622,388,1712422971877,23.0,He says something else.,613.0
1622,389,1712422972656,27.0,But I don't need to listen.,779.0
1622,390,1712422974234,46.0,I can't hear a thing with so much water going.,1578.0
1622,391,1712422974695,3.0,***,460.0
1714,120,1712424943269,3.0,***,6153.0
1714,121,1712424946070,37.0,My husband eats with a good appetite.,2801.0
1714,122,1712424948743,37.0,But I don't think he's really hungry.,2672.0
1714,123,1712424951474,69.0,"He chews, arms on the table, and stares at something across the room.",2731.0
1714,124,1712424953025,30.0,He looks at me and looks away.,1551.0
1714,125,1712424954397,33.0,He wipes his mouth on the napkin.,1372.0
1714,126,1712424956102,30.0,"He shrugs, and goes on eating.",1705.0
1714,127,1712424957773,42.0,"""What are you staring at me for?"" he says.",1671.0
1714,128,1712424960069,45.0,"""What is it?"" he says and lays down his fork.",2295.0
1714,129,1712424962183,42.0,"""Was I staring?"" I say, and shake my head.",2113.0
1714,130,1712424963574,20.0,The telephone rings.,1390.0
1714,131,1712424964868,27.0,"""Don't answer it,"" he says.",1294.0
1714,132,1712424965991,33.0,"""It might be your mother,"" I say.",1122.0
1714,133,1712424967259,25.0,"""Watch and see,"" he says.",1267.0
1714,134,1712424968711,34.0,I pick up the receiver and listen.,1452.0
1714,135,1712424969720,24.0,My husband stops eating.,1009.0
1714,136,1712424972370,46.0,"""What did I tell you?"" he says when I hang up.",2650.0
1714,137,1712424973494,23.0,He starts to eat again.,1124.0
1714,138,1712424976772,36.0,Then throws his napkin on his plate.,3277.0
1714,139,1712424981912,63.0,"He says, ""Goddamn it, why can't people mind their own business?",5140.0
1714,140,1712424990040,41.0,Tell me what I did wrong and I'll listen!,8128.0
1714,141,1712424991201,28.0,I wasn't the only man there.,1161.0
1714,142,1712424993721,37.0,We talked it over and we all decided.,2520.0
1714,143,1712424994997,29.0,We couldn't just turn around.,1276.0
1714,144,1712424997107,32.0,We were five miles from the car.,2110.0
1714,145,1712424999002,34.0,I won't have you passing judgment.,1895.0
1714,146,1712425001167,13.0,"Do you hear?""",2164.0
1714,147,1712425005137,18.0,"""You know,"" I say.",3969.0
1714,148,1712425007472,33.0,"He says, ""What do I know, Claire?",2335.0
1714,149,1712425008596,34.0,Tell me what I'm supposed to know.,1124.0
1714,150,1712425011333,40.0,"I don't know anything except one thing?""",2736.0
1714,151,1712425012940,48.0,He gives me what he thinks is a meaningful look.,1607.0
1714,152,1712425015049,24.0,"""She was dead,"" he says.",2109.0
1714,153,1712425017862,33.0,"""And I'm as sorry as anyone else.",2812.0
1714,154,1712425018813,18.0,"But she was dead.""",951.0
1714,155,1712425020004,26.0,"""That's the point,"" I say.",1191.0
1714,156,1712425021110,20.0,He raises his hands.,1105.0
1714,157,1712425022662,40.0,He pushes his chair away from the table.,1552.0
1714,158,1712425025834,72.0,He takes out his cigarettes and goes out to the back with a can of beer.,3171.0
1714,159,1712425028461,64.0,I see him sit in the lawn chair and pick up the newspaper again.,2626.0
1714,160,1712425031094,39.0,His name is in there on the first page.,2633.0
1714,161,1712425032261,36.0,Along with the names of his friends.,1166.0
1714,162,1712425034509,40.0,I close my eyes and hold on to the sink.,2248.0
1714,163,1712425037876,74.0,Then I rake my arm across the drainboard and send the dishes to the floor.,3366.0
1714,164,1712425038611,16.0,He doesn't move.,734.0
1714,165,1712425040554,18.0,I know he's heard.,1943.0
1714,166,1712425044200,40.0,He lifts his head as if still listening.,3646.0
1714,167,1712425045179,30.0,But he doesn't move otherwise.,979.0
1714,168,1712425046008,23.0,He doesn't turn around.,829.0
1714,169,1712425047378,3.0,***,1370.0
1714,170,1712425055716,88.0,"He and Gordon Johnson and Mel Dorn and Vern Williams, they play poker and bowl and fish.",8338.0
1714,171,1712425058311,85.0,They fish every spring and early summer before visiting relatives can get in the way.,2595.0
1714,172,1712425060973,65.0,"They are decent men, family men, men who take care of their jobs.",2661.0
1714,173,1712425063982,65.0,"They have sons and daughters who go to school with our son, Dean.",3009.0
1714,174,1712425066594,55.0,Last Friday these family men left for the Naches River.,2612.0
1714,175,1712425070095,76.0,They parked the car in the mountains and hiked to where they wanted to fish.,3501.0
1714,176,1712425074504,76.0,"They carried their bedrolls, their food, their playing cards, their whiskey.",4409.0
1714,177,1712425077887,42.0,They saw the girl before they set up camp.,3383.0
1714,178,1712425079601,19.0,Mel Dorn found her.,1714.0
1714,179,1712425080911,25.0,No clothes on her at all.,1310.0
1714,180,1712425084602,64.0,She was wedged into some branches that stuck out over the water.,3691.0
1714,181,1712425086565,43.0,He called the others and they came to look.,1963.0
1714,182,1712425087818,29.0,They talked about what to do.,1252.0
1714,183,1712425096147,82.0,One of the men - my Stuart didn't say which - said they should start back at once.,8328.0
1714,184,1712425100625,86.0,"The others stirred the sand with their shoes, said they didn't feel inclined that way.",4478.0
1714,185,1712425105642,82.0,"They pleaded fatigue, the late hour, the fact that the girl wasn't going anywhere.",5017.0
1714,186,1712425107804,47.0,In the end they went ahead and set up the camp.,2162.0
1714,187,1712425108935,42.0,They built a fire and drank their whiskey.,1130.0
1714,188,1712425110402,50.0,"When the moon came up, they talked about the girl.",1467.0
1714,189,1712425113093,59.0,Someone said they should -keep the body from drifting away.,2691.0
1714,190,1712425115093,55.0,They took their flashlights and went back to the river.,2000.0
1714,191,1712425117558,66.0,One of the men - it might have been Stuart - waded in and got her.,2465.0
1714,192,1712425119640,53.0,He took her by the fingers and pulled her into shore.,2082.0
1714,193,1712425123639,87.0,He got some nylon cord and tied it to her wrist and then looped the rest around a tree.,3999.0
1714,194,1712425126888,99.0,"The next morning they cooked breakfast, drank coffee, and drank whiskey, and then split up to fish.",3248.0
1714,195,1712425137879,182.0,"That night they cooked fish, cooked potatoes, drank coffee, drank whiskey, then took their cooking things and eating things back down to the river and washed them where the girl was.",10990.0
1714,196,1712425140481,32.0,They played some cards later on.,2602.0
1714,197,1712425143536,55.0,Maybe they played until they couldn't see them anymore.,3055.0
1714,198,1712425144764,28.0,Vern Williams went to sleep.,1227.0
1714,199,1712425145723,28.0,But the others told stories.,958.0
1714,200,1712425149675,100.0,Gordon Johnson said the trout they'd caught were hard because of the terrible coldness of the water.,3951.0
1714,201,1712425155621,154.0,"The next morning they got up late, drank whiskey, fished a little, took down their tents, rolled their sleeping bags, gathered their stuff, and hiked out.",5946.0
1714,202,1712425158288,41.0,They drove until they got to a telephone.,2667.0
1714,203,1712425161024,86.0,It was Stuart who made the call while the others stood around in the sun and listened.,2736.0
1714,204,1712425162528,32.0,He gave the sheriff their names.,1504.0
1714,205,1712425163479,25.0,They had nothing to hide.,951.0
1714,206,1712425164041,21.0,They weren't ashamed.,562.0
1714,207,1712425169909,100.0,They said they'd wait until someone could come for better directions and take down their statements.,5868.0
1714,208,1712425170507,3.0,***,598.0
1714,209,1712425171703,30.0,I was asleep when he got home.,1196.0
1714,210,1712425173130,46.0,But I woke up when I heard him in the kitchen.,1427.0
1714,211,1712425175046,64.0,I found him leaning against the refrigerator with a can of beer.,1916.0
1714,212,1712425178455,68.0,He put his heavy arms around me and rubbed his big hands on my back.,3409.0
1714,213,1712425184329,85.0,In bed he put his hands on me again and then waited as if thinking of something else.,5874.0
1714,214,1712425187244,28.0,I turned and opened my legs.,2915.0
1714,215,1712425190101,36.0,"Afterwards, I think he stayed awake.",2857.0
1714,216,1712425196214,53.0,He was up that morning before I could get out of bed.,6113.0
1714,217,1712425197799,54.0,"To see if there was something in the paper, I suppose.",1584.0
1714,218,1712425200349,46.0,The telephone began ringing right after eight.,2550.0
1714,219,1712425201118,13.0,"""Go to hell!""",769.0
1714,220,1712425201993,18.0,I heard him shout.,874.0
1714,221,1712425203612,31.0,The telephone rang right again.,1619.0
1714,222,1712425208462,59.0,"""I have nothing to add to what I already told the sheriff!""",4850.0
1714,223,1712425209301,29.0,He slammed the receiver down.,838.0
1714,224,1712425210362,27.0,"""What is going on?"" I said.",1061.0
1714,225,1712425213429,49.0,It was then that he told me what I just told you.,3066.0
1714,226,1712425214034,3.0,***,605.0
1714,227,1712425215633,44.0,I sweep up the broken dishes and go outside.,1599.0
1714,228,1712425219076,85.0,"He is lying on his back on the grass now, the newspaper and can of beer within reach.",3443.0
1714,229,1712425221336,41.0,"""Stuart, could we go for a drive?"" I say.",2260.0
1714,230,1712425222376,30.0,He rolls over and looks at me.,1040.0
1714,231,1712425224153,37.0,"""We'll pick up some beer,"" he says...",1777.0
1714,232,1712425227973,62.0,He gets to his feet and touches me on the hip as he goes past.,3820.0
1714,233,1712425228900,28.0,"""Give me a minute,"" he says.",927.0
1714,234,1712425230897,39.0,We drive through town without speaking.,1997.0
1714,235,1712425232667,39.0,He stops at a roadside market for beer.,1769.0
1714,236,1712425235545,54.0,I notice a great stack of papers just inside the door.,2877.0
1714,237,1712425241218,89.0,On the top step a fat woman in a print dress holds out a licorice stick to a little girl.,5673.0
1714,238,1712425243872,66.0,"Later on, we cross Everson Creek and turn into the picnic grounds.",2654.0
1714,239,1712425247053,79.0,The creek runs under the bridge and into a large pond a few hundred yards away.,3181.0
1714,240,1712425248228,28.0,I can see the men out there.,1174.0
1714,241,1712425249459,33.0,I can see them out there fishing.,1231.0
1714,242,1712425252273,31.0,So much water so close to home.,2814.0
1714,243,1712425255475,43.0,"I say, ""Why did you have to go miles away?""",3202.0
1714,244,1712425257015,25.0,"""Don't rile me,"" he says.",1540.0
1714,245,1712425258152,29.0,We sit on a bench in the sun.,1136.0
1714,246,1712425261146,25.0,He opens us cans of beer.,2994.0
1714,247,1712425262207,25.0,"He says, ""Relax, Claire.""",1060.0
1714,248,1712425263754,30.0,"""They said they were innocent.",1547.0
1714,249,1712425265934,27.0,"They said they were crazy.""",2180.0
1714,250,1712425267439,15.0,"He says, ""Who?""",1505.0
1714,251,1712425269110,38.0,"He says, ""What are you talking about?""",1671.0
1714,252,1712425270370,21.0,"""The Maddox brothers.",1260.0
1714,253,1712425276200,54.0,They killed a girl named Arlene Hubly where I grew up.,5830.0
1714,254,1712425278270,60.0,They cut off her head and threw her into the Cle Elum River.,2070.0
1714,255,1712425280483,31.0,"It happened when I was a girl.""",2213.0
1714,256,1712425282145,40.0,"""You're going to get me riled,"" he says.",1660.0
1714,257,1712425283370,20.0,I look at the creek.,1225.0
1714,258,1712425289291,79.0,"I'm right in it, eyes open, face down, staring at the moss on the bottom, dead.",5921.0
1714,259,1712425292696,62.0,"""I don't know what's wrong with you,"" he says on the way home.",3405.0
1714,260,1712425294505,45.0,"""You're getting me more riled by the minute.""",1809.0
1714,261,1712425295871,34.0,There is nothing I can say to him.,1365.0
1714,262,1712425297306,36.0,He tries to concentrate on the road.,1435.0
1714,263,1712425299909,47.0,But he keeps looking into the rear-view mirror.,2602.0
1714,264,1712425300632,9.0,He knows.,722.0
1714,265,1712425301490,3.0,***,857.0
1714,266,1712425304891,52.0,Stuart believes he is letting me sleep this morning.,3400.0
1714,267,1712425306728,47.0,But I was awake long before the alarm went off.,1837.0
1714,268,1712425318259,74.0,"I was thinking, lying on the far side of the bed away from his hairy legs.",11531.0
1714,269,1712425320961,78.0,"He gets Dean off for school, and then he shaves, dresses, and leaves for work.",2702.0
1714,270,1712425324502,40.0,Twice he looks in and clears his throat.,3541.0
1714,271,1712425325539,26.0,But I keep my eyes closed.,1037.0
1714,272,1712425326887,38.0,In the kitchen I find a note from him.,1348.0
1714,273,1712425328035,19.0,"It's signed ""Love.""",1148.0
1714,274,1712425330577,74.0,I sit in the breakfast nook and drink coffee and leave a ring on the note.,2542.0
1714,275,1712425337491,67.0,I look at the newspaper and turn it this way and that on the table.,6914.0
1714,276,1712425338861,43.0,Then I skid it close and read what it says.,1369.0
1714,277,1712425340143,38.0,"The body has been identified, claimed.",1282.0
1714,278,1712425352373,155.0,"But it took some examining it, some putting things into it, some cutting, some weighing, some measuring, some putting things back again and sewing them in.",12230.0
1714,279,1712425357809,57.0,I sit for a long time holding the newspaper and thinking.,5435.0
1714,280,1712425362637,51.0,Then I call up to get a chair at the hairdresser's.,4827.0
1714,281,1712425363250,3.0,***,613.0
1714,282,1712425368639,75.0,I sit under the dryer with a magazine on my lap and let Marnie do my nails.,5389.0
1714,283,1712425370661,42.0,"""I am going to a funeral tomorrow,"" I say.",2022.0
1714,284,1712425373640,38.0,"""I'm sorry to hear that,"" Marnie says.",2979.0
1714,285,1712425374973,25.0,"""It was a murder,"" I say.",1331.0
1714,286,1712425375888,37.0,"""That's the worst kind,"" Marnie says.",915.0
1714,287,1712425376968,35.0,"""We weren't all that close,"" I say.",1080.0
1714,288,1712425377588,15.0,"""But you know?""",620.0
1714,289,1712425379608,45.0,"""We'll get you fixed up for it,"" Marnie says.",2020.0
1714,290,1712425388553,72.0,"That night I make my bed on the sofa, and in the morning I get up first.",8945.0
1714,291,1712425390711,50.0,I put on coffee and fix breakfast while he shaves.,2158.0
1714,292,1712425394652,76.0,"He appears in the kitchen doorway, towel over his bare shoulder, appraising.",3941.0
1714,293,1712425395835,23.0,"""Here's coffee,"" I say.",1183.0
1714,294,1712425397283,31.0,"""Eggs'll be ready in a minute.”",1447.0
1714,295,1712425399411,37.0,"I wake Dean, and the three of us eat.",2128.0
1714,296,1712425403047,79.0,"Whenever Stuart looks at me, I ask Dean if he wants more milk, more toast, etc.",3636.0
1714,297,1712425408914,56.0,"""I'll call you today,"" Stuart says as he opens the door.",5867.0
1714,298,1712425410779,42.0,"I say, ""I don't think I'll be home today.""",1865.0
1714,299,1712425411442,21.0,"""All right,"" he says.",663.0
1714,300,1712425412047,7.0,"""Sure.""",604.0
1714,301,1712425412813,18.0,I dress carefully.,765.0
1714,302,1712425414724,48.0,I try on a hat and look at myself in the mirror.,1911.0
1714,303,1712425416361,28.0,I write out a note for Dean.,1636.0
1714,304,1712425418826,69.0,"Honey, Mommy has things to do this afternoon, but will be back later.",2465.0
1714,305,1712425421786,61.0,You stay in or be in the backyard until one of us comes home.,2960.0
1714,306,1712425422671,11.0,"Love, Mommy",884.0
1714,307,1712425424456,48.0,I look at the word Love and then I underline it.,1785.0
1714,308,1712425426251,29.0,Then I see the word backyard.,1795.0
1714,309,1712425427601,22.0,Is it one word or two?,1349.0
1714,310,1712425428130,3.0,***,528.0
1714,311,1712425433116,121.0,"I drive through farm country, through fields of oats and sugar beets and past apple orchards, cattle grazing in pastures.",4986.0
1714,312,1712425442718,99.0,"Then everything changes, more like shacks than farmhouses and stands of timber instead of orchards.",9602.0
1714,313,1712425449720,78.0,"Then mountains, and on the right, far below, I sometimes see the Naches River.",7002.0
1714,314,1712425452639,64.0,A green pickup comes up behind me and stays behind me for miles.,2917.0
1714,315,1712425457690,55.0,"I keep slowing at the wrong times, hoping he will pass.",5051.0
1714,316,1712425458464,16.0,Then I speed up.,774.0
1714,317,1712425461658,36.0,"But this is at the wrong times, too.",3194.0
1714,318,1712425463286,39.0,I grip the wheel until my fingers hurt.,1626.0
1714,319,1712425465067,37.0,On a long clear stretch he goes past.,1781.0
1714,320,1712425468751,73.0,"But he drives along beside for a bit, a crewcut man in a blue work shirt.",3684.0
1714,321,1712425470158,24.0,We look each other over.,1407.0
1714,322,1712425472572,53.0,"Then he waves, toots his horn, and pulls on up ahead.",2413.0
1714,323,1712425473808,29.0,I slow down and find a place.,1236.0
1714,324,1712425476255,35.0,I pull over and shut off the motor.,2447.0
1714,325,1712425478571,42.0,I can hear the river down below the trees.,2315.0
1714,326,1712425480499,35.0,Then I hear the pickup coming back.,1928.0
1714,327,1712425482048,41.0,I lock the doors and roll up the windows.,1548.0
1714,328,1712425483381,30.0,"""You all right?"" the man says.",1333.0
1714,329,1712425485674,21.0,He raps on the glass.,2293.0
1714,330,1712425486186,11.0,"""You okay?""",512.0
1714,331,1712425489223,64.0,He leans his arms on the door and brings his face to the window.,3037.0
1714,332,1712425489993,15.0,I stare at him.,770.0
1714,333,1712425490912,30.0,I can't think what else to do.,918.0
1714,334,1712425491864,34.0,"""Is everything all right in there?",952.0
1714,335,1712425493158,31.0,"How come you're all locked up?""",1294.0
1714,336,1712425493930,16.0,I shake my head.,771.0
1714,337,1712425494827,24.0,"""Roll down your window.""",897.0
1714,338,1712425497004,64.0,He shakes his head and looks at the highway and then back at me.,2176.0
1714,339,1712425497828,19.0,"""Roll it down now.""",824.0
1714,340,1712425500504,32.0,"""Please,"" I say, ""I have to go.""",2676.0
1714,341,1712425502583,50.0,"""Open the door,"" he says as if he isn't listening.",2078.0
1714,342,1712425504892,33.0,"""You're going to choke in there.""",2308.0
1714,343,1712425509438,32.0,"He looks at my breasts, my legs.",4546.0
1714,344,1712425511586,34.0,I can tell that's what he's doing.,2148.0
1714,345,1712425512958,22.0,"""Hey, sugar,"" he says.",1372.0
1714,346,1712425514251,31.0,"""I'm just here to help is all.""",1293.0
1714,347,1712425515139,3.0,***,888.0
1714,348,1712425517537,52.0,The casket is closed and covered with floral sprays.,2398.0
1714,349,1712425519666,45.0,The organ starts up the minute I take a seat.,2129.0
1714,350,1712425521689,40.0,People are coming in and finding chairs.,2023.0
1714,351,1712425526316,63.0,There's a boy in flared pants and a yellow short-sleeved shirt.,4627.0
1714,352,1712425532730,100.0,A door opens and the family comes in in a group and moves over to a curtained place off to one side.,6414.0
1714,353,1712425534763,39.0,Chairs creak as everybody gets settled.,2032.0
1714,354,1712425538128,83.0,"Directly, a nice blond man in a nice dark suit stands and asks us to bow our heads.",3365.0
1714,355,1712425540792,105.0,"He says a prayer for us, the living, and when he finishes, he says a prayer for the soul of the departed.",2664.0
1714,356,1712425542369,43.0,Along with the others I go past the casket.,1576.0
1714,357,1712425544423,66.0,Then I move out onto the front steps and into the afternoon light.,2054.0
1714,358,1712425547069,66.0,There's a woman who limps as she goes down the stairs ahead of me.,2646.0
1714,359,1712425548554,33.0,On the sidewalk she looks around.,1485.0
1714,360,1712425550265,31.0,"""Well, they got him,"" she says.",1711.0
1714,361,1712425552829,27.0,"""If that's any consolation.",2564.0
1714,362,1712425553975,31.0,They arrested him this morning.,1145.0
1714,363,1712425555022,38.0,I heard it on the radio before I come.,1047.0
1714,364,1712425556462,26.0,"A boy right here in town.""",1440.0
1714,365,1712425558704,42.0,We move a few steps down the hot sidewalk.,2241.0
1714,366,1712425560389,25.0,People are starting cars.,1685.0
1714,367,1712425562772,49.0,I put out my hand and hold on to a parking meter.,2383.0
1714,368,1712425565355,36.0,Polished hoods and polished fenders.,2582.0
1714,369,1712425566403,14.0,My head swims.,1048.0
1714,370,1712425570998,41.0,"I say, ""They have friends, these killers.",4595.0
1714,371,1712425571843,16.0,"You can't tell.""",844.0
1714,372,1712425573903,70.0,"""I have known that child since she was a little girl,"" the woman says.",2060.0
1714,373,1712425577500,93.0,"""She used to come over and I'd bake cookies for her and let her eat them in front of the TV.""",3596.0
1714,374,1712425578040,3.0,***,540.0
1714,375,1712425580796,76.0,"Back home, Stuart sits at the table with a drink of whiskey in front of him.",2756.0
1714,376,1712425584781,57.0,For a crazy instant I think something's happened to Dean.,3985.0
1714,377,1712425585659,14.0,"""Where is he?""",878.0
1714,378,1712425586545,6.0,I say.,886.0
1714,379,1712425587236,16.0,"""Where is Dean?""",691.0
1714,380,1712425588729,27.0,"""Outside,"" my husband says.",1493.0
1714,381,1712425590929,34.0,He drains his glass and stands up.,2200.0
1714,382,1712425593990,40.0,"He says, ""I think I know what you need.""",3060.0
1714,383,1712425600262,138.0,He reaches an arm around my waist and with his other hand he begins to unbutton my jacket and then he goes on to the buttons of my blouse.,6272.0
1714,384,1712425602083,30.0,"""First things first,"" he says.",1820.0
1714,385,1712425604244,23.0,He says something else.,2161.0
1714,386,1712425607165,27.0,But I don't need to listen.,2920.0
1714,387,1712425610593,46.0,I can't hear a thing with so much water going.,3428.0
1714,388,1712425612312,3.0,***,1719.0
1620,89,1712589985662,3.0,***,2924.0
1620,90,1712589988612,37.0,My husband eats with a good appetite.,2950.0
1620,91,1712589990442,37.0,But I don't think he's really hungry.,1830.0
1620,92,1712589994502,69.0,"He chews, arms on the table, and stares at something across the room.",4060.0
1620,93,1712589996972,30.0,He looks at me and looks away.,2470.0
1620,94,1712589998902,33.0,He wipes his mouth on the napkin.,1929.0
1620,95,1712590000122,30.0,"He shrugs, and goes on eating.",1220.0
1620,96,1712590003982,42.0,"""What are you staring at me for?"" he says.",3860.0
1620,97,1712590005712,45.0,"""What is it?"" he says and lays down his fork.",1730.0
1620,98,1712590007822,42.0,"""Was I staring?"" I say, and shake my head.",2110.0
1620,99,1712590008682,20.0,The telephone rings.,860.0
1620,100,1712590009653,27.0,"""Don't answer it,"" he says.",971.0
1620,101,1712590010682,33.0,"""It might be your mother,"" I say.",1029.0
1620,102,1712590012272,25.0,"""Watch and see,"" he says.",1590.0
1620,103,1712590013202,34.0,I pick up the receiver and listen.,930.0
1620,104,1712590014122,24.0,My husband stops eating.,920.0
1620,105,1712590015462,46.0,"""What did I tell you?"" he says when I hang up.",1340.0
1620,106,1712590016543,23.0,He starts to eat again.,1080.0
1620,107,1712590017522,36.0,Then throws his napkin on his plate.,979.0
1620,108,1712590019742,63.0,"He says, ""Goddamn it, why can't people mind their own business?",2220.0
1620,109,1712590021862,41.0,Tell me what I did wrong and I'll listen!,2120.0
1620,110,1712590023192,28.0,I wasn't the only man there.,1330.0
1620,111,1712590024752,37.0,We talked it over and we all decided.,1560.0
1620,112,1712590026152,29.0,We couldn't just turn around.,1400.0
1620,113,1712590028062,32.0,We were five miles from the car.,1910.0
1620,114,1712590029252,34.0,I won't have you passing judgment.,1190.0
1620,115,1712590030092,13.0,"Do you hear?""",840.0
1620,116,1712590030852,18.0,"""You know,"" I say.",760.0
1620,117,1712590032882,33.0,"He says, ""What do I know, Claire?",2030.0
1620,118,1712590034792,34.0,Tell me what I'm supposed to know.,1910.0
1620,119,1712590036902,40.0,"I don't know anything except one thing?""",2110.0
1620,120,1712590038672,48.0,He gives me what he thinks is a meaningful look.,1770.0
1620,121,1712590040042,24.0,"""She was dead,"" he says.",1370.0
1620,122,1712590041542,33.0,"""And I'm as sorry as anyone else.",1500.0
1620,123,1712590043432,18.0,"But she was dead.""",1890.0
1620,124,1712590044642,26.0,"""That's the point,"" I say.",1210.0
1620,125,1712590046192,20.0,He raises his hands.,1550.0
1620,126,1712590051872,40.0,He pushes his chair away from the table.,5680.0
1620,127,1712590055432,72.0,He takes out his cigarettes and goes out to the back with a can of beer.,3560.0
1620,128,1712590057002,64.0,I see him sit in the lawn chair and pick up the newspaper again.,1570.0
1620,129,1712590059942,39.0,His name is in there on the first page.,2940.0
1620,130,1712590060962,36.0,Along with the names of his friends.,1020.0
1620,131,1712590061992,40.0,I close my eyes and hold on to the sink.,1030.0
1620,132,1712590065772,74.0,Then I rake my arm across the drainboard and send the dishes to the floor.,3780.0
1620,133,1712590066472,16.0,He doesn't move.,700.0
1620,134,1712590067052,18.0,I know he's heard.,580.0
1620,135,1712590068422,40.0,He lifts his head as if still listening.,1370.0
1620,136,1712590069502,30.0,But he doesn't move otherwise.,1080.0
1620,137,1712590070682,23.0,He doesn't turn around.,1180.0
1620,138,1712590072752,3.0,***,2070.0
1620,139,1712590076762,88.0,"He and Gordon Johnson and Mel Dorn and Vern Williams, they play poker and bowl and fish.",4010.0
1620,140,1712590081592,85.0,They fish every spring and early summer before visiting relatives can get in the way.,4830.0
1620,141,1712590083632,65.0,"They are decent men, family men, men who take care of their jobs.",2040.0
1620,142,1712590086402,65.0,"They have sons and daughters who go to school with our son, Dean.",2770.0
1620,143,1712590094892,55.0,Last Friday these family men left for the Naches River.,8490.0
1620,144,1712590096322,76.0,They parked the car in the mountains and hiked to where they wanted to fish.,1430.0
1620,145,1712590099352,76.0,"They carried their bedrolls, their food, their playing cards, their whiskey.",3030.0
1620,146,1712590102102,42.0,They saw the girl before they set up camp.,2750.0
1620,147,1712590103272,19.0,Mel Dorn found her.,1170.0
1620,148,1712590104232,25.0,No clothes on her at all.,960.0
1620,149,1712590106033,64.0,She was wedged into some branches that stuck out over the water.,1800.0
1620,150,1712590108352,43.0,He called the others and they came to look.,2319.0
1620,151,1712590111942,29.0,They talked about what to do.,3590.0
1620,152,1712590117182,82.0,One of the men - my Stuart didn't say which - said they should start back at once.,5240.0
1620,153,1712590119982,86.0,"The others stirred the sand with their shoes, said they didn't feel inclined that way.",2800.0
1620,154,1712590122602,82.0,"They pleaded fatigue, the late hour, the fact that the girl wasn't going anywhere.",2619.0
1620,155,1712590124762,47.0,In the end they went ahead and set up the camp.,2160.0
1620,156,1712590125902,42.0,They built a fire and drank their whiskey.,1140.0
1620,157,1712590127282,50.0,"When the moon came up, they talked about the girl.",1380.0
1620,158,1712590129972,59.0,Someone said they should -keep the body from drifting away.,2690.0
1620,159,1712590131252,55.0,They took their flashlights and went back to the river.,1280.0
1620,160,1712590133782,66.0,One of the men - it might have been Stuart - waded in and got her.,2530.0
1620,161,1712590135442,53.0,He took her by the fingers and pulled her into shore.,1660.0
1620,162,1712590139862,87.0,He got some nylon cord and tied it to her wrist and then looped the rest around a tree.,4420.0
1620,163,1712590145172,99.0,"The next morning they cooked breakfast, drank coffee, and drank whiskey, and then split up to fish.",5310.0
1620,164,1712590153852,182.0,"That night they cooked fish, cooked potatoes, drank coffee, drank whiskey, then took their cooking things and eating things back down to the river and washed them where the girl was.",8680.0
1620,165,1712590155062,32.0,They played some cards later on.,1210.0
1620,166,1712590157072,55.0,Maybe they played until they couldn't see them anymore.,2010.0
1620,167,1712590158202,28.0,Vern Williams went to sleep.,1130.0
1620,168,1712590159492,28.0,But the others told stories.,1290.0
1620,169,1712590169112,100.0,Gordon Johnson said the trout they'd caught were hard because of the terrible coldness of the water.,9620.0
1620,170,1712590174922,154.0,"The next morning they got up late, drank whiskey, fished a little, took down their tents, rolled their sleeping bags, gathered their stuff, and hiked out.",5810.0
1620,171,1712590176172,41.0,They drove until they got to a telephone.,1250.0
1620,172,1712590178792,86.0,It was Stuart who made the call while the others stood around in the sun and listened.,2620.0
1620,173,1712590180022,32.0,He gave the sheriff their names.,1230.0
1620,174,1712590180972,25.0,They had nothing to hide.,949.0
1620,175,1712590181732,21.0,They weren't ashamed.,760.0
1620,176,1712590186472,100.0,They said they'd wait until someone could come for better directions and take down their statements.,4740.0
1620,177,1712590187072,3.0,***,600.0
1620,178,1712590187952,30.0,I was asleep when he got home.,880.0
1620,179,1712590189342,46.0,But I woke up when I heard him in the kitchen.,1390.0
1620,180,1712590191102,64.0,I found him leaning against the refrigerator with a can of beer.,1760.0
1620,181,1712590194882,68.0,He put his heavy arms around me and rubbed his big hands on my back.,3780.0
1620,182,1712590199362,85.0,In bed he put his hands on me again and then waited as if thinking of something else.,4480.0
1620,183,1712590200922,28.0,I turned and opened my legs.,1560.0
1620,184,1712590201922,36.0,"Afterwards, I think he stayed awake.",1000.0
1620,185,1712590205762,53.0,He was up that morning before I could get out of bed.,3840.0
1620,186,1712590208782,54.0,"To see if there was something in the paper, I suppose.",3020.0
1620,187,1712590212443,46.0,The telephone began ringing right after eight.,3661.0
1620,188,1712590213852,13.0,"""Go to hell!""",1409.0
1620,189,1712590221462,18.0,I heard him shout.,7610.0
1620,190,1712590222782,31.0,The telephone rang right again.,1320.0
1620,191,1712590225422,59.0,"""I have nothing to add to what I already told the sheriff!""",2640.0
1620,192,1712590226172,29.0,He slammed the receiver down.,750.0
1620,193,1712590226862,27.0,"""What is going on?"" I said.",690.0
1620,194,1712590230712,49.0,It was then that he told me what I just told you.,3850.0
1620,195,1712590231343,3.0,***,630.0
1620,196,1712590233023,44.0,I sweep up the broken dishes and go outside.,1680.0
1620,197,1712590236622,85.0,"He is lying on his back on the grass now, the newspaper and can of beer within reach.",3599.0
1620,198,1712590238262,41.0,"""Stuart, could we go for a drive?"" I say.",1639.0
1620,199,1712590239632,30.0,He rolls over and looks at me.,1370.0
1620,200,1712590240452,37.0,"""We'll pick up some beer,"" he says...",820.0
1620,201,1712590242762,62.0,He gets to his feet and touches me on the hip as he goes past.,2310.0
1620,202,1712590243732,28.0,"""Give me a minute,"" he says.",970.0
1620,203,1712590245433,39.0,We drive through town without speaking.,1700.0
1620,204,1712590253863,39.0,He stops at a roadside market for beer.,8430.0
1620,205,1712590256822,54.0,I notice a great stack of papers just inside the door.,2959.0
1620,206,1712590265213,89.0,On the top step a fat woman in a print dress holds out a licorice stick to a little girl.,8391.0
1620,207,1712590267502,66.0,"Later on, we cross Everson Creek and turn into the picnic grounds.",2289.0
1620,208,1712590270532,79.0,The creek runs under the bridge and into a large pond a few hundred yards away.,3030.0
1620,209,1712590277982,28.0,I can see the men out there.,7450.0
1620,210,1712590286962,33.0,I can see them out there fishing.,8980.0
1620,211,1712590296132,31.0,So much water so close to home.,9170.0
1620,212,1712590305782,43.0,"I say, ""Why did you have to go miles away?""",9650.0
1620,213,1712590309072,25.0,"""Don't rile me,"" he says.",3290.0
1620,214,1712590310032,29.0,We sit on a bench in the sun.,960.0
1620,215,1712590310282,25.0,He opens us cans of beer.,249.0
1620,216,1712590311472,25.0,"He says, ""Relax, Claire.""",1189.0
1620,217,1712590313102,30.0,"""They said they were innocent.",1630.0
1620,218,1712590314262,27.0,"They said they were crazy.""",1160.0
1620,219,1712590315112,15.0,"He says, ""Who?""",850.0
1620,220,1712590317062,38.0,"He says, ""What are you talking about?""",1950.0
1620,221,1712590317862,21.0,"""The Maddox brothers.",800.0
1620,222,1712590320682,54.0,They killed a girl named Arlene Hubly where I grew up.,2820.0
1620,223,1712590322652,60.0,They cut off her head and threw her into the Cle Elum River.,1970.0
1620,224,1712590323992,31.0,"It happened when I was a girl.""",1340.0
1620,225,1712590327752,40.0,"""You're going to get me riled,"" he says.",3760.0
1620,226,1712590328723,20.0,I look at the creek.,971.0
1620,227,1712590333162,79.0,"I'm right in it, eyes open, face down, staring at the moss on the bottom, dead.",4439.0
1620,228,1712590337812,62.0,"""I don't know what's wrong with you,"" he says on the way home.",4649.0
1620,229,1712590339202,45.0,"""You're getting me more riled by the minute.""",1390.0
1620,230,1712590340062,34.0,There is nothing I can say to him.,860.0
1620,231,1712590341782,36.0,He tries to concentrate on the road.,1720.0
1620,232,1712590342812,47.0,But he keeps looking into the rear-view mirror.,1030.0
1620,233,1712590343462,9.0,He knows.,650.0
1620,234,1712590344032,3.0,***,570.0
1620,235,1712590345762,52.0,Stuart believes he is letting me sleep this morning.,1730.0
1620,236,1712590347622,47.0,But I was awake long before the alarm went off.,1860.0
1620,237,1712590351212,74.0,"I was thinking, lying on the far side of the bed away from his hairy legs.",3590.0
1620,238,1712590354833,78.0,"He gets Dean off for school, and then he shaves, dresses, and leaves for work.",3620.0
1620,239,1712590356272,40.0,Twice he looks in and clears his throat.,1439.0
1620,240,1712590357442,26.0,But I keep my eyes closed.,1170.0
1620,241,1712590358672,38.0,In the kitchen I find a note from him.,1230.0
1620,242,1712590359392,19.0,"It's signed ""Love.""",720.0
1620,243,1712590362202,74.0,I sit in the breakfast nook and drink coffee and leave a ring on the note.,2810.0
1620,244,1712590365472,67.0,I look at the newspaper and turn it this way and that on the table.,3270.0
1620,245,1712590367132,43.0,Then I skid it close and read what it says.,1660.0
1620,246,1712590369182,38.0,"The body has been identified, claimed.",2050.0
1620,247,1712590379242,155.0,"But it took some examining it, some putting things into it, some cutting, some weighing, some measuring, some putting things back again and sewing them in.",10060.0
1620,248,1712590380882,57.0,I sit for a long time holding the newspaper and thinking.,1640.0
1620,249,1712590384162,51.0,Then I call up to get a chair at the hairdresser's.,3280.0
1620,250,1712590384732,3.0,***,570.0
1620,251,1712590387092,75.0,I sit under the dryer with a magazine on my lap and let Marnie do my nails.,2360.0
1620,252,1712590390042,42.0,"""I am going to a funeral tomorrow,"" I say.",2950.0
1620,253,1712590391172,38.0,"""I'm sorry to hear that,"" Marnie says.",1130.0
1620,254,1712590392152,25.0,"""It was a murder,"" I say.",979.0
1620,255,1712590393372,37.0,"""That's the worst kind,"" Marnie says.",1220.0
1620,256,1712590393942,35.0,"""We weren't all that close,"" I say.",570.0
1620,257,1712590394972,15.0,"""But you know?""",1030.0
1620,258,1712590397002,45.0,"""We'll get you fixed up for it,"" Marnie says.",2030.0
1620,259,1712590400453,72.0,"That night I make my bed on the sofa, and in the morning I get up first.",3450.0
1620,260,1712590402992,50.0,I put on coffee and fix breakfast while he shaves.,2539.0
1620,261,1712590407102,76.0,"He appears in the kitchen doorway, towel over his bare shoulder, appraising.",4110.0
1620,262,1712590408812,23.0,"""Here's coffee,"" I say.",1709.0
1620,263,1712590409712,31.0,"""Eggs'll be ready in a minute.”",900.0
1620,264,1712590410882,37.0,"I wake Dean, and the three of us eat.",1170.0
1620,265,1712590459172,79.0,"Whenever Stuart looks at me, I ask Dean if he wants more milk, more toast, etc.",48290.0
1620,266,1712590461223,56.0,"""I'll call you today,"" Stuart says as he opens the door.",2051.0
1620,267,1712590463512,42.0,"I say, ""I don't think I'll be home today.""",2289.0
1620,268,1712590464502,21.0,"""All right,"" he says.",990.0
1620,269,1712590465152,7.0,"""Sure.""",650.0
1620,270,1712590465762,18.0,I dress carefully.,609.0
1620,271,1712590468362,48.0,I try on a hat and look at myself in the mirror.,2600.0
1620,272,1712590469462,28.0,I write out a note for Dean.,1100.0
1620,273,1712590472542,69.0,"Honey, Mommy has things to do this afternoon, but will be back later.",3080.0
1620,274,1712590475842,61.0,You stay in or be in the backyard until one of us comes home.,3300.0
1620,275,1712590476592,11.0,"Love, Mommy",750.0
1620,276,1712590480112,48.0,I look at the word Love and then I underline it.,3520.0
1620,277,1712590481012,29.0,Then I see the word backyard.,900.0
1620,278,1712590484952,22.0,Is it one word or two?,3940.0
1620,279,1712590485682,3.0,***,730.0
1620,280,1712590491063,121.0,"I drive through farm country, through fields of oats and sugar beets and past apple orchards, cattle grazing in pastures.",5381.0
1620,281,1712590501763,99.0,"Then everything changes, more like shacks than farmhouses and stands of timber instead of orchards.",10700.0
1620,282,1712590504042,78.0,"Then mountains, and on the right, far below, I sometimes see the Naches River.",2279.0
1620,283,1712590507062,64.0,A green pickup comes up behind me and stays behind me for miles.,3020.0
1620,284,1712590510162,55.0,"I keep slowing at the wrong times, hoping he will pass.",3100.0
1620,285,1712590510852,16.0,Then I speed up.,690.0
1620,286,1712590512052,36.0,"But this is at the wrong times, too.",1200.0
1620,287,1712590513372,39.0,I grip the wheel until my fingers hurt.,1320.0
1620,288,1712590514362,37.0,On a long clear stretch he goes past.,990.0
1620,289,1712590517892,73.0,"But he drives along beside for a bit, a crewcut man in a blue work shirt.",3530.0
1620,290,1712590518882,24.0,We look each other over.,990.0
1620,291,1712590521903,53.0,"Then he waves, toots his horn, and pulls on up ahead.",3020.0
1620,292,1712590522882,29.0,I slow down and find a place.,979.0
1620,293,1712590523902,35.0,I pull over and shut off the motor.,1019.0
1620,294,1712590524862,42.0,I can hear the river down below the trees.,960.0
1620,295,1712590525723,35.0,Then I hear the pickup coming back.,859.0
1620,296,1712590527052,41.0,I lock the doors and roll up the windows.,1329.0
1620,297,1712590527852,30.0,"""You all right?"" the man says.",800.0
1620,298,1712590528452,21.0,He raps on the glass.,599.0
1620,299,1712590528973,11.0,"""You okay?""",521.0
1620,300,1712590533603,64.0,He leans his arms on the door and brings his face to the window.,4630.0
1620,301,1712590534322,15.0,I stare at him.,719.0
1620,302,1712590535392,30.0,I can't think what else to do.,1070.0
1620,303,1712590536682,34.0,"""Is everything all right in there?",1290.0
1620,304,1712590537952,31.0,"How come you're all locked up?""",1270.0
1620,305,1712590538802,16.0,I shake my head.,850.0
1620,306,1712590539472,24.0,"""Roll down your window.""",670.0
1620,307,1712590541492,64.0,He shakes his head and looks at the highway and then back at me.,2020.0
1620,308,1712590542522,19.0,"""Roll it down now.""",1030.0
1620,309,1712590543572,32.0,"""Please,"" I say, ""I have to go.""",1050.0
1620,310,1712590544802,50.0,"""Open the door,"" he says as if he isn't listening.",1230.0
1620,311,1712590546632,33.0,"""You're going to choke in there.""",1830.0
1620,312,1712590547962,32.0,"He looks at my breasts, my legs.",1330.0
1620,313,1712590549053,34.0,I can tell that's what he's doing.,1091.0
1620,314,1712590549652,22.0,"""Hey, sugar,"" he says.",599.0
1620,315,1712590551462,31.0,"""I'm just here to help is all.""",1810.0
1620,316,1712590552012,3.0,***,549.0
1620,317,1712590554322,52.0,The casket is closed and covered with floral sprays.,2310.0
1620,318,1712590555872,45.0,The organ starts up the minute I take a seat.,1550.0
1620,319,1712590557742,40.0,People are coming in and finding chairs.,1870.0
1620,320,1712590559752,63.0,There's a boy in flared pants and a yellow short-sleeved shirt.,2010.0
1620,321,1712590562032,100.0,A door opens and the family comes in in a group and moves over to a curtained place off to one side.,2280.0
1620,322,1712590564022,39.0,Chairs creak as everybody gets settled.,1990.0
1620,323,1712590567693,83.0,"Directly, a nice blond man in a nice dark suit stands and asks us to bow our heads.",3671.0
1620,324,1712590572292,105.0,"He says a prayer for us, the living, and when he finishes, he says a prayer for the soul of the departed.",4599.0
1620,325,1712590574062,43.0,Along with the others I go past the casket.,1770.0
1620,326,1712590577122,66.0,Then I move out onto the front steps and into the afternoon light.,3060.0
1620,327,1712590580302,66.0,There's a woman who limps as she goes down the stairs ahead of me.,3180.0
1620,328,1712590583342,33.0,On the sidewalk she looks around.,3040.0
1620,329,1712590583600,31.0,"""Well, they got him,"" she says.",258.0
1620,330,1712590585242,27.0,"""If that's any consolation.",1642.0
1620,331,1712590586832,31.0,They arrested him this morning.,1590.0
1620,332,1712590587932,38.0,I heard it on the radio before I come.,1100.0
1620,333,1712590588922,26.0,"A boy right here in town.""",990.0
1620,334,1712590590272,42.0,We move a few steps down the hot sidewalk.,1350.0
1620,335,1712590591222,25.0,People are starting cars.,950.0
1620,336,1712590593562,49.0,I put out my hand and hold on to a parking meter.,2340.0
1620,337,1712590596142,36.0,Polished hoods and polished fenders.,2580.0
1620,338,1712590610452,14.0,My head swims.,14310.0
1620,339,1712590612622,41.0,"I say, ""They have friends, these killers.",2170.0
1620,340,1712590614092,16.0,"You can't tell.""",1470.0
1620,341,1712590626232,70.0,"""I have known that child since she was a little girl,"" the woman says.",12140.0
1620,342,1712590655403,93.0,"""She used to come over and I'd bake cookies for her and let her eat them in front of the TV.""",29170.0
1620,343,1712590656122,3.0,***,719.0
1620,344,1712590658022,76.0,"Back home, Stuart sits at the table with a drink of whiskey in front of him.",1900.0
1620,345,1712590660642,57.0,For a crazy instant I think something's happened to Dean.,2620.0
1620,346,1712590661342,14.0,"""Where is he?""",700.0
1620,347,1712590661852,6.0,I say.,510.0
1620,348,1712590662382,16.0,"""Where is Dean?""",530.0
1620,349,1712590663122,27.0,"""Outside,"" my husband says.",740.0
1620,350,1712590665482,34.0,He drains his glass and stands up.,2360.0
1620,351,1712590667482,40.0,"He says, ""I think I know what you need.""",2000.0
1620,352,1712590671952,138.0,He reaches an arm around my waist and with his other hand he begins to unbutton my jacket and then he goes on to the buttons of my blouse.,4470.0
1620,353,1712590673052,30.0,"""First things first,"" he says.",1100.0
1620,354,1712590674342,23.0,He says something else.,1290.0
1620,355,1712590675452,27.0,But I don't need to listen.,1110.0
1620,356,1712590676812,46.0,I can't hear a thing with so much water going.,1360.0
1620,357,1712590677402,3.0,***,590.0
1628,94,1712623021062,3.0,***,2434.0
1628,95,1712623024973,37.0,My husband eats with a good appetite.,3910.0
1628,96,1712623028187,37.0,But I don't think he's really hungry.,3214.0
1628,97,1712623034697,69.0,"He chews, arms on the table, and stares at something across the room.",6510.0
1628,98,1712623037536,30.0,He looks at me and looks away.,2839.0
1628,99,1712623039454,33.0,He wipes his mouth on the napkin.,1917.0
1628,100,1712623042268,30.0,"He shrugs, and goes on eating.",2814.0
1628,101,1712623050187,42.0,"""What are you staring at me for?"" he says.",7919.0
1628,102,1712623053956,45.0,"""What is it?"" he says and lays down his fork.",3769.0
1628,103,1712623056070,42.0,"""Was I staring?"" I say, and shake my head.",2114.0
1628,104,1712623057018,20.0,The telephone rings.,948.0
1628,105,1712623058592,27.0,"""Don't answer it,"" he says.",1574.0
1628,106,1712623060255,33.0,"""It might be your mother,"" I say.",1663.0
1628,107,1712623061478,25.0,"""Watch and see,"" he says.",1223.0
1628,108,1712623063204,34.0,I pick up the receiver and listen.,1726.0
1628,109,1712623064456,24.0,My husband stops eating.,1252.0
1628,110,1712623067659,46.0,"""What did I tell you?"" he says when I hang up.",3203.0
1628,111,1712623071132,23.0,He starts to eat again.,3473.0
1628,112,1712623073309,36.0,Then throws his napkin on his plate.,2177.0
1628,113,1712623076814,63.0,"He says, ""Goddamn it, why can't people mind their own business?",3505.0
1628,114,1712623082299,41.0,Tell me what I did wrong and I'll listen!,5485.0
1628,115,1712623087284,28.0,I wasn't the only man there.,4985.0
1628,116,1712623092823,37.0,We talked it over and we all decided.,5538.0
1628,117,1712623094694,29.0,We couldn't just turn around.,1870.0
1628,118,1712623096602,32.0,We were five miles from the car.,1908.0
1628,119,1712623098244,34.0,I won't have you passing judgment.,1640.0
1628,120,1712623099545,13.0,"Do you hear?""",1301.0
1628,121,1712623101859,18.0,"""You know,"" I say.",2314.0
1628,122,1712623111727,33.0,"He says, ""What do I know, Claire?",9868.0
1628,123,1712623116925,34.0,Tell me what I'm supposed to know.,5198.0
1628,124,1712623119230,40.0,"I don't know anything except one thing?""",2305.0
1628,125,1712623121998,48.0,He gives me what he thinks is a meaningful look.,2767.0
1628,126,1712623126034,24.0,"""She was dead,"" he says.",4036.0
1628,127,1712623128232,33.0,"""And I'm as sorry as anyone else.",2198.0
1628,128,1712623130132,18.0,"But she was dead.""",1900.0
1628,129,1712623134091,26.0,"""That's the point,"" I say.",3959.0
1628,130,1712623135461,20.0,He raises his hands.,1370.0
1628,131,1712623139013,40.0,He pushes his chair away from the table.,3552.0
1628,132,1712623142211,72.0,He takes out his cigarettes and goes out to the back with a can of beer.,3198.0
1628,133,1712623145628,64.0,I see him sit in the lawn chair and pick up the newspaper again.,3417.0
1628,134,1712623148406,39.0,His name is in there on the first page.,2777.0
1628,135,1712623149898,36.0,Along with the names of his friends.,1492.0
1628,136,1712623154731,40.0,I close my eyes and hold on to the sink.,4833.0
1628,137,1712623158771,74.0,Then I rake my arm across the drainboard and send the dishes to the floor.,4040.0
1628,138,1712623160974,16.0,He doesn't move.,2203.0
1628,139,1712623162075,18.0,I know he's heard.,1100.0
1628,140,1712623164667,40.0,He lifts his head as if still listening.,2592.0
1628,141,1712623165704,30.0,But he doesn't move otherwise.,1037.0
1628,142,1712623166582,23.0,He doesn't turn around.,878.0
1628,143,1712623168608,3.0,***,2026.0
1628,144,1712623175780,88.0,"He and Gordon Johnson and Mel Dorn and Vern Williams, they play poker and bowl and fish.",7172.0
1628,145,1712623180458,85.0,They fish every spring and early summer before visiting relatives can get in the way.,4677.0
1628,146,1712623182863,65.0,"They are decent men, family men, men who take care of their jobs.",2405.0
1628,147,1712623189811,65.0,"They have sons and daughters who go to school with our son, Dean.",6948.0
1628,148,1712623193306,55.0,Last Friday these family men left for the Naches River.,3494.0
1628,149,1712623196149,76.0,They parked the car in the mountains and hiked to where they wanted to fish.,2843.0
1628,150,1712623199048,76.0,"They carried their bedrolls, their food, their playing cards, their whiskey.",2899.0
1628,151,1712623201118,42.0,They saw the girl before they set up camp.,2070.0
1628,152,1712623203049,19.0,Mel Dorn found her.,1931.0
1628,153,1712623204894,25.0,No clothes on her at all.,1845.0
1628,154,1712623211204,64.0,She was wedged into some branches that stuck out over the water.,6310.0
1628,155,1712623213701,43.0,He called the others and they came to look.,2497.0
1628,156,1712623215202,29.0,They talked about what to do.,1500.0
1628,157,1712623219148,82.0,One of the men - my Stuart didn't say which - said they should start back at once.,3946.0
1628,158,1712623222746,86.0,"The others stirred the sand with their shoes, said they didn't feel inclined that way.",3598.0
1628,159,1712623250238,82.0,"They pleaded fatigue, the late hour, the fact that the girl wasn't going anywhere.",27492.0
1628,160,1712623253732,47.0,In the end they went ahead and set up the camp.,3494.0
1628,161,1712623256309,42.0,They built a fire and drank their whiskey.,2577.0
1628,162,1712623258067,50.0,"When the moon came up, they talked about the girl.",1758.0
1628,163,1712623261808,59.0,Someone said they should -keep the body from drifting away.,3741.0
1628,164,1712623263076,55.0,They took their flashlights and went back to the river.,1268.0
1628,165,1712623265920,66.0,One of the men - it might have been Stuart - waded in and got her.,2844.0
1628,166,1712623269897,53.0,He took her by the fingers and pulled her into shore.,3977.0
1628,167,1712623274565,87.0,He got some nylon cord and tied it to her wrist and then looped the rest around a tree.,4668.0
1628,168,1712623279220,99.0,"The next morning they cooked breakfast, drank coffee, and drank whiskey, and then split up to fish.",4655.0
1628,169,1712623295684,182.0,"That night they cooked fish, cooked potatoes, drank coffee, drank whiskey, then took their cooking things and eating things back down to the river and washed them where the girl was.",16464.0
1628,170,1712623298016,32.0,They played some cards later on.,2332.0
1628,171,1712623303790,55.0,Maybe they played until they couldn't see them anymore.,5774.0
1628,172,1712623313229,28.0,Vern Williams went to sleep.,9439.0
1628,173,1712623319042,28.0,But the others told stories.,5813.0
1628,174,1712623328169,100.0,Gordon Johnson said the trout they'd caught were hard because of the terrible coldness of the water.,9126.0
1628,175,1712623334228,154.0,"The next morning they got up late, drank whiskey, fished a little, took down their tents, rolled their sleeping bags, gathered their stuff, and hiked out.",6059.0
1628,176,1712623336515,41.0,They drove until they got to a telephone.,2287.0
1628,177,1712623341984,86.0,It was Stuart who made the call while the others stood around in the sun and listened.,5469.0
1628,178,1712623344365,32.0,He gave the sheriff their names.,2381.0
1628,179,1712623345507,25.0,They had nothing to hide.,1142.0
1628,180,1712623346250,21.0,They weren't ashamed.,743.0
1628,181,1712623349754,100.0,They said they'd wait until someone could come for better directions and take down their statements.,3504.0
1628,182,1712623352859,3.0,***,3105.0
1628,183,1712623373347,30.0,I was asleep when he got home.,20488.0
1628,184,1712623374965,46.0,But I woke up when I heard him in the kitchen.,1618.0
1628,185,1712623376828,64.0,I found him leaning against the refrigerator with a can of beer.,1863.0
1628,186,1712623379821,68.0,He put his heavy arms around me and rubbed his big hands on my back.,2993.0
1628,187,1712623385588,85.0,In bed he put his hands on me again and then waited as if thinking of something else.,5767.0
1628,188,1712623388255,28.0,I turned and opened my legs.,2667.0
1628,189,1712623390062,36.0,"Afterwards, I think he stayed awake.",1807.0
1628,190,1712623392731,53.0,He was up that morning before I could get out of bed.,2667.0
1628,191,1712623394945,54.0,"To see if there was something in the paper, I suppose.",2214.0
1628,192,1712623396840,46.0,The telephone began ringing right after eight.,1895.0
1628,193,1712623398398,13.0,"""Go to hell!""",1558.0
1628,194,1712623399645,18.0,I heard him shout.,1247.0
1628,195,1712623400830,31.0,The telephone rang right again.,1185.0
1628,196,1712623414532,59.0,"""I have nothing to add to what I already told the sheriff!""",13702.0
1628,197,1712623415520,29.0,He slammed the receiver down.,988.0
1628,198,1712623416680,27.0,"""What is going on?"" I said.",1159.0
1628,199,1712623419752,49.0,It was then that he told me what I just told you.,3071.0
1628,200,1712623420791,3.0,***,1038.0
1628,201,1712623425516,44.0,I sweep up the broken dishes and go outside.,4725.0
1628,202,1712623443541,85.0,"He is lying on his back on the grass now, the newspaper and can of beer within reach.",18024.0
1628,203,1712623445725,41.0,"""Stuart, could we go for a drive?"" I say.",2184.0
1628,204,1712623446861,30.0,He rolls over and looks at me.,1136.0
1628,205,1712623449143,37.0,"""We'll pick up some beer,"" he says...",2282.0
1628,206,1712623453176,62.0,He gets to his feet and touches me on the hip as he goes past.,4033.0
1628,207,1712623455578,28.0,"""Give me a minute,"" he says.",2402.0
1628,208,1712623457756,39.0,We drive through town without speaking.,2178.0
1628,209,1712623461894,39.0,He stops at a roadside market for beer.,4138.0
1628,210,1712623464115,54.0,I notice a great stack of papers just inside the door.,2221.0
1628,211,1712623481789,89.0,On the top step a fat woman in a print dress holds out a licorice stick to a little girl.,17674.0
1628,212,1712623485536,66.0,"Later on, we cross Everson Creek and turn into the picnic grounds.",3747.0
1628,213,1712623511421,79.0,The creek runs under the bridge and into a large pond a few hundred yards away.,25885.0
1628,214,1712623513211,28.0,I can see the men out there.,1790.0
1628,215,1712623514765,33.0,I can see them out there fishing.,1554.0
1628,216,1712623519299,31.0,So much water so close to home.,4534.0
1628,217,1712623535242,43.0,"I say, ""Why did you have to go miles away?""",15943.0
1628,218,1712623539926,25.0,"""Don't rile me,"" he says.",4684.0
1628,219,1712623574449,29.0,We sit on a bench in the sun.,34523.0
1628,220,1712623576138,25.0,He opens us cans of beer.,1689.0
1628,221,1712623577788,25.0,"He says, ""Relax, Claire.""",1649.0
1628,222,1712623580216,30.0,"""They said they were innocent.",2428.0
1628,223,1712623582207,27.0,"They said they were crazy.""",1991.0
1628,224,1712623584876,15.0,"He says, ""Who?""",2669.0
1628,225,1712623586887,38.0,"He says, ""What are you talking about?""",2011.0
1628,226,1712623587964,21.0,"""The Maddox brothers.",1077.0
1628,227,1712623591030,54.0,They killed a girl named Arlene Hubly where I grew up.,3066.0
1628,228,1712623594927,60.0,They cut off her head and threw her into the Cle Elum River.,3897.0
1628,229,1712623596301,31.0,"It happened when I was a girl.""",1374.0
1628,230,1712623597923,40.0,"""You're going to get me riled,"" he says.",1622.0
1628,231,1712623598993,20.0,I look at the creek.,1070.0
1628,232,1712623603761,79.0,"I'm right in it, eyes open, face down, staring at the moss on the bottom, dead.",4768.0
1628,233,1712623605649,62.0,"""I don't know what's wrong with you,"" he says on the way home.",1888.0
1628,234,1712623607023,45.0,"""You're getting me more riled by the minute.""",1374.0
1628,235,1712623609134,34.0,There is nothing I can say to him.,2111.0
1628,236,1712623610883,36.0,He tries to concentrate on the road.,1749.0
1628,237,1712623613665,47.0,But he keeps looking into the rear-view mirror.,2781.0
1628,238,1712623614667,9.0,He knows.,1002.0
1628,239,1712623615713,3.0,***,1046.0
1628,240,1712623618666,52.0,Stuart believes he is letting me sleep this morning.,2953.0
1628,241,1712623621384,47.0,But I was awake long before the alarm went off.,2718.0
1628,242,1712623624616,74.0,"I was thinking, lying on the far side of the bed away from his hairy legs.",3232.0
1628,243,1712623629602,78.0,"He gets Dean off for school, and then he shaves, dresses, and leaves for work.",4986.0
1628,244,1712623631607,40.0,Twice he looks in and clears his throat.,2005.0
1628,245,1712623632857,26.0,But I keep my eyes closed.,1250.0
1628,246,1712623636234,38.0,In the kitchen I find a note from him.,3377.0
1628,247,1712623637937,19.0,"It's signed ""Love.""",1703.0
1628,248,1712623641220,74.0,I sit in the breakfast nook and drink coffee and leave a ring on the note.,3283.0
1628,249,1712623645513,67.0,I look at the newspaper and turn it this way and that on the table.,4293.0
1628,250,1712623647832,43.0,Then I skid it close and read what it says.,2319.0
1628,251,1712623649426,38.0,"The body has been identified, claimed.",1594.0
1628,252,1712623661119,155.0,"But it took some examining it, some putting things into it, some cutting, some weighing, some measuring, some putting things back again and sewing them in.",11692.0
1628,253,1712623664915,57.0,I sit for a long time holding the newspaper and thinking.,3796.0
1628,254,1712623690760,51.0,Then I call up to get a chair at the hairdresser's.,25845.0
1628,255,1712623691718,3.0,***,958.0
1628,256,1712623694841,75.0,I sit under the dryer with a magazine on my lap and let Marnie do my nails.,3123.0
1628,257,1712623696462,42.0,"""I am going to a funeral tomorrow,"" I say.",1620.0
1628,258,1712623697910,38.0,"""I'm sorry to hear that,"" Marnie says.",1448.0
1628,259,1712623699292,25.0,"""It was a murder,"" I say.",1382.0
1628,260,1712623700557,37.0,"""That's the worst kind,"" Marnie says.",1265.0
1628,261,1712623702231,35.0,"""We weren't all that close,"" I say.",1674.0
1628,262,1712623703585,15.0,"""But you know?""",1354.0
1628,263,1712623706457,45.0,"""We'll get you fixed up for it,"" Marnie says.",2872.0
1628,264,1712623709079,72.0,"That night I make my bed on the sofa, and in the morning I get up first.",2622.0
1628,265,1712623714910,50.0,I put on coffee and fix breakfast while he shaves.,5831.0
1628,266,1712623719973,76.0,"He appears in the kitchen doorway, towel over his bare shoulder, appraising.",5063.0
1628,267,1712623721617,23.0,"""Here's coffee,"" I say.",1644.0
1628,268,1712623723142,31.0,"""Eggs'll be ready in a minute.”",1525.0
1628,269,1712623725594,37.0,"I wake Dean, and the three of us eat.",2452.0
1628,270,1712623729636,79.0,"Whenever Stuart looks at me, I ask Dean if he wants more milk, more toast, etc.",4042.0
1628,271,1712623732166,56.0,"""I'll call you today,"" Stuart says as he opens the door.",2530.0
1628,272,1712623734249,42.0,"I say, ""I don't think I'll be home today.""",2082.0
1628,273,1712623735743,21.0,"""All right,"" he says.",1494.0
1628,274,1712623736636,7.0,"""Sure.""",893.0
1628,275,1712623740400,18.0,I dress carefully.,3764.0
1628,276,1712623741968,48.0,I try on a hat and look at myself in the mirror.,1567.0
1628,277,1712623743455,28.0,I write out a note for Dean.,1487.0
1628,278,1712623749537,69.0,"Honey, Mommy has things to do this afternoon, but will be back later.",6082.0
1628,279,1712623752074,61.0,You stay in or be in the backyard until one of us comes home.,2537.0
1628,280,1712623753712,11.0,"Love, Mommy",1637.0
1628,281,1712623756528,48.0,I look at the word Love and then I underline it.,2816.0
1628,282,1712623757936,29.0,Then I see the word backyard.,1407.0
1628,283,1712623760868,22.0,Is it one word or two?,2932.0
1628,284,1712623761578,3.0,***,710.0
1628,285,1712623769872,121.0,"I drive through farm country, through fields of oats and sugar beets and past apple orchards, cattle grazing in pastures.",8294.0
1628,286,1712623775524,99.0,"Then everything changes, more like shacks than farmhouses and stands of timber instead of orchards.",5652.0
1628,287,1712623780802,78.0,"Then mountains, and on the right, far below, I sometimes see the Naches River.",5278.0
1628,288,1712623784380,64.0,A green pickup comes up behind me and stays behind me for miles.,3578.0
1628,289,1712623786954,55.0,"I keep slowing at the wrong times, hoping he will pass.",2574.0
1628,290,1712623787874,16.0,Then I speed up.,920.0
1628,291,1712623790556,36.0,"But this is at the wrong times, too.",2682.0
1628,292,1712623792021,39.0,I grip the wheel until my fingers hurt.,1465.0
1628,293,1712623794346,37.0,On a long clear stretch he goes past.,2325.0
1628,294,1712623798660,73.0,"But he drives along beside for a bit, a crewcut man in a blue work shirt.",4313.0
1628,295,1712623799732,24.0,We look each other over.,1072.0
1628,296,1712623803026,53.0,"Then he waves, toots his horn, and pulls on up ahead.",3294.0
1628,297,1712623805090,29.0,I slow down and find a place.,2064.0
1628,298,1712623806539,35.0,I pull over and shut off the motor.,1449.0
1628,299,1712623809330,42.0,I can hear the river down below the trees.,2791.0
1628,300,1712623810696,35.0,Then I hear the pickup coming back.,1366.0
1628,301,1712623813598,41.0,I lock the doors and roll up the windows.,2901.0
1628,302,1712623814598,30.0,"""You all right?"" the man says.",1000.0
1628,303,1712623815648,21.0,He raps on the glass.,1050.0
1628,304,1712623817337,11.0,"""You okay?""",1689.0
1628,305,1712623819756,64.0,He leans his arms on the door and brings his face to the window.,2419.0
1628,306,1712623820722,15.0,I stare at him.,966.0
1628,307,1712623821789,30.0,I can't think what else to do.,1066.0
1628,308,1712623822999,34.0,"""Is everything all right in there?",1209.0
1628,309,1712623824814,31.0,"How come you're all locked up?""",1815.0
1628,310,1712623825586,16.0,I shake my head.,772.0
1628,311,1712623826510,24.0,"""Roll down your window.""",924.0
1628,312,1712623830246,64.0,He shakes his head and looks at the highway and then back at me.,3736.0
1628,313,1712623831782,19.0,"""Roll it down now.""",1536.0
1628,314,1712623835199,32.0,"""Please,"" I say, ""I have to go.""",3417.0
1628,315,1712623838067,50.0,"""Open the door,"" he says as if he isn't listening.",2868.0
1628,316,1712623839948,33.0,"""You're going to choke in there.""",1881.0
1628,317,1712623842604,32.0,"He looks at my breasts, my legs.",2655.0
1628,318,1712623844582,34.0,I can tell that's what he's doing.,1978.0
1628,319,1712623845618,22.0,"""Hey, sugar,"" he says.",1036.0
1628,320,1712623847219,31.0,"""I'm just here to help is all.""",1601.0
1628,321,1712623847796,3.0,***,576.0
1628,322,1712623849633,52.0,The casket is closed and covered with floral sprays.,1837.0
1628,323,1712623855299,45.0,The organ starts up the minute I take a seat.,5666.0
1628,324,1712624026246,40.0,People are coming in and finding chairs.,170947.0
1628,325,1712624029113,63.0,There's a boy in flared pants and a yellow short-sleeved shirt.,2867.0
1628,326,1712624034869,100.0,A door opens and the family comes in in a group and moves over to a curtained place off to one side.,5756.0
1628,327,1712624036297,39.0,Chairs creak as everybody gets settled.,1427.0
1628,328,1712624041634,83.0,"Directly, a nice blond man in a nice dark suit stands and asks us to bow our heads.",5337.0
1628,329,1712624045137,105.0,"He says a prayer for us, the living, and when he finishes, he says a prayer for the soul of the departed.",3503.0
1628,330,1712624046654,43.0,Along with the others I go past the casket.,1517.0
1628,331,1712624051218,66.0,Then I move out onto the front steps and into the afternoon light.,4563.0
1628,332,1712624054116,66.0,There's a woman who limps as she goes down the stairs ahead of me.,2898.0
1628,333,1712624055311,33.0,On the sidewalk she looks around.,1195.0
1628,334,1712624058544,31.0,"""Well, they got him,"" she says.",3232.0
1628,335,1712624061216,27.0,"""If that's any consolation.",2671.0
1628,336,1712624062409,31.0,They arrested him this morning.,1193.0
1628,337,1712624063621,38.0,I heard it on the radio before I come.,1212.0
1628,338,1712624066620,26.0,"A boy right here in town.""",2999.0
1628,339,1712624110058,42.0,We move a few steps down the hot sidewalk.,43438.0
1628,340,1712624111572,25.0,People are starting cars.,1514.0
1628,341,1712624115102,49.0,I put out my hand and hold on to a parking meter.,3530.0
1628,342,1712624117364,36.0,Polished hoods and polished fenders.,2262.0
1628,343,1712624118223,14.0,My head swims.,859.0
1628,344,1712624122339,41.0,"I say, ""They have friends, these killers.",4116.0
1628,345,1712624123429,16.0,"You can't tell.""",1090.0
1628,346,1712624134896,70.0,"""I have known that child since she was a little girl,"" the woman says.",11467.0
1628,347,1712624139521,93.0,"""She used to come over and I'd bake cookies for her and let her eat them in front of the TV.""",4625.0
1628,348,1712624140318,3.0,***,797.0
1628,349,1712624142637,76.0,"Back home, Stuart sits at the table with a drink of whiskey in front of him.",2319.0
1628,350,1712624145539,57.0,For a crazy instant I think something's happened to Dean.,2902.0
1628,351,1712624146369,14.0,"""Where is he?""",830.0
1628,352,1712624147657,6.0,I say.,1288.0
1628,353,1712624148828,16.0,"""Where is Dean?""",1171.0
1628,354,1712624149830,27.0,"""Outside,"" my husband says.",1002.0
1628,355,1712624151205,34.0,He drains his glass and stands up.,1375.0
1628,356,1712624153205,40.0,"He says, ""I think I know what you need.""",2000.0
1628,357,1712624160243,138.0,He reaches an arm around my waist and with his other hand he begins to unbutton my jacket and then he goes on to the buttons of my blouse.,7038.0
1628,358,1712624195955,30.0,"""First things first,"" he says.",35712.0
1628,359,1712624198368,23.0,He says something else.,2413.0
1628,360,1712624199156,27.0,But I don't need to listen.,788.0
1628,361,1712624201203,46.0,I can't hear a thing with so much water going.,2046.0
1628,362,1712624201772,3.0,***,569.0
1698,129,1712427926193,3.0,***,4786.0
1698,130,1712427928455,37.0,My husband eats with a good appetite.,2262.0
1698,131,1712427929802,37.0,But I don't think he's really hungry.,1346.0
1698,132,1712427933266,69.0,"He chews, arms on the table, and stares at something across the room.",3464.0
1698,133,1712427934339,30.0,He looks at me and looks away.,1073.0
1698,134,1712427936108,33.0,He wipes his mouth on the napkin.,1769.0
1698,135,1712427937351,30.0,"He shrugs, and goes on eating.",1241.0
1698,136,1712427939150,42.0,"""What are you staring at me for?"" he says.",1799.0
1698,137,1712427940645,45.0,"""What is it?"" he says and lays down his fork.",1495.0
1698,138,1712427943037,42.0,"""Was I staring?"" I say, and shake my head.",2391.0
1698,139,1712427943858,20.0,The telephone rings.,820.0
1698,140,1712427945021,27.0,"""Don't answer it,"" he says.",1163.0
1698,141,1712427946385,33.0,"""It might be your mother,"" I say.",1363.0
1698,142,1712427947494,25.0,"""Watch and see,"" he says.",1109.0
1698,143,1712427949042,34.0,I pick up the receiver and listen.,1548.0
1698,144,1712427950166,24.0,My husband stops eating.,1124.0
1698,145,1712427951915,46.0,"""What did I tell you?"" he says when I hang up.",1749.0
1698,146,1712427953019,23.0,He starts to eat again.,1104.0
1698,147,1712427954471,36.0,Then throws his napkin on his plate.,1451.0
1698,148,1712427956481,63.0,"He says, ""Goddamn it, why can't people mind their own business?",2010.0
1698,149,1712427958901,41.0,Tell me what I did wrong and I'll listen!,2420.0
1698,150,1712427961618,28.0,I wasn't the only man there.,2716.0
1698,151,1712427964020,37.0,We talked it over and we all decided.,2402.0
1698,152,1712427965153,29.0,We couldn't just turn around.,1133.0
1698,153,1712427966675,32.0,We were five miles from the car.,1522.0
1698,154,1712427968416,34.0,I won't have you passing judgment.,1741.0
1698,155,1712427969417,13.0,"Do you hear?""",1001.0
1698,156,1712427971071,18.0,"""You know,"" I say.",1653.0
1698,157,1712427973163,33.0,"He says, ""What do I know, Claire?",2092.0
1698,158,1712427974643,34.0,Tell me what I'm supposed to know.,1479.0
1698,159,1712427976356,40.0,"I don't know anything except one thing?""",1713.0
1698,160,1712427978204,48.0,He gives me what he thinks is a meaningful look.,1847.0
1698,161,1712427979526,24.0,"""She was dead,"" he says.",1322.0
1698,162,1712427981231,33.0,"""And I'm as sorry as anyone else.",1705.0
1698,163,1712427982262,18.0,"But she was dead.""",1031.0
1698,164,1712427983227,26.0,"""That's the point,"" I say.",965.0
1698,165,1712427984123,20.0,He raises his hands.,896.0
1698,166,1712427985223,40.0,He pushes his chair away from the table.,1099.0
1698,167,1712427987000,72.0,He takes out his cigarettes and goes out to the back with a can of beer.,1777.0
1698,168,1712427988550,64.0,I see him sit in the lawn chair and pick up the newspaper again.,1550.0
1698,169,1712427991014,39.0,His name is in there on the first page.,2464.0
1698,170,1712427992610,36.0,Along with the names of his friends.,1596.0
1698,171,1712427994201,40.0,I close my eyes and hold on to the sink.,1590.0
1698,172,1712427995966,74.0,Then I rake my arm across the drainboard and send the dishes to the floor.,1765.0
1698,173,1712427996816,16.0,He doesn't move.,850.0
1698,174,1712427997488,18.0,I know he's heard.,672.0
1698,175,1712427998435,40.0,He lifts his head as if still listening.,947.0
1698,176,1712427999821,30.0,But he doesn't move otherwise.,1385.0
1698,177,1712428000695,23.0,He doesn't turn around.,873.0
1698,178,1712428001360,3.0,***,665.0
1698,179,1712428004004,88.0,"He and Gordon Johnson and Mel Dorn and Vern Williams, they play poker and bowl and fish.",2642.0
1698,180,1712428005196,85.0,They fish every spring and early summer before visiting relatives can get in the way.,1192.0
1698,181,1712428006822,65.0,"They are decent men, family men, men who take care of their jobs.",1626.0
1698,182,1712428008404,65.0,"They have sons and daughters who go to school with our son, Dean.",1582.0
1698,183,1712428009973,55.0,Last Friday these family men left for the Naches River.,1569.0
1698,184,1712428011816,76.0,They parked the car in the mountains and hiked to where they wanted to fish.,1843.0
1698,185,1712428013323,76.0,"They carried their bedrolls, their food, their playing cards, their whiskey.",1507.0
1698,186,1712428014680,42.0,They saw the girl before they set up camp.,1356.0
1698,187,1712428015726,19.0,Mel Dorn found her.,1046.0
1698,188,1712428016535,25.0,No clothes on her at all.,808.0
1698,189,1712428018468,64.0,She was wedged into some branches that stuck out over the water.,1933.0
1698,190,1712428019858,43.0,He called the others and they came to look.,1390.0
1698,191,1712428021126,29.0,They talked about what to do.,1267.0
1698,192,1712428024253,82.0,One of the men - my Stuart didn't say which - said they should start back at once.,3127.0
1698,193,1712428027020,86.0,"The others stirred the sand with their shoes, said they didn't feel inclined that way.",2767.0
1698,194,1712428029965,82.0,"They pleaded fatigue, the late hour, the fact that the girl wasn't going anywhere.",2945.0
1698,195,1712428031711,47.0,In the end they went ahead and set up the camp.,1745.0
1698,196,1712428033296,42.0,They built a fire and drank their whiskey.,1585.0
1698,197,1712428035379,50.0,"When the moon came up, they talked about the girl.",2083.0
1698,198,1712428036914,59.0,Someone said they should -keep the body from drifting away.,1535.0
1698,199,1712428038797,55.0,They took their flashlights and went back to the river.,1883.0
1698,200,1712428041757,66.0,One of the men - it might have been Stuart - waded in and got her.,2960.0
1698,201,1712428043469,53.0,He took her by the fingers and pulled her into shore.,1712.0
1698,202,1712428046249,87.0,He got some nylon cord and tied it to her wrist and then looped the rest around a tree.,2780.0
1698,203,1712428048652,99.0,"The next morning they cooked breakfast, drank coffee, and drank whiskey, and then split up to fish.",2403.0
1698,204,1712428050091,182.0,"That night they cooked fish, cooked potatoes, drank coffee, drank whiskey, then took their cooking things and eating things back down to the river and washed them where the girl was.",1438.0
1698,205,1712428051077,32.0,They played some cards later on.,985.0
1698,206,1712428052843,55.0,Maybe they played until they couldn't see them anymore.,1766.0
1698,207,1712428053954,28.0,Vern Williams went to sleep.,1111.0
1698,208,1712428054515,28.0,But the others told stories.,560.0
1698,209,1712428055938,100.0,Gordon Johnson said the trout they'd caught were hard because of the terrible coldness of the water.,1423.0
1698,210,1712428057563,154.0,"The next morning they got up late, drank whiskey, fished a little, took down their tents, rolled their sleeping bags, gathered their stuff, and hiked out.",1625.0
1698,211,1712428059013,41.0,They drove until they got to a telephone.,1450.0
1698,212,1712428060304,86.0,It was Stuart who made the call while the others stood around in the sun and listened.,1290.0
1698,213,1712428061416,32.0,He gave the sheriff their names.,1112.0
1698,214,1712428062285,25.0,They had nothing to hide.,869.0
1698,215,1712428063002,21.0,They weren't ashamed.,716.0
1698,216,1712428064114,100.0,They said they'd wait until someone could come for better directions and take down their statements.,1112.0
1698,217,1712428065221,3.0,***,1105.0
1698,218,1712428066303,30.0,I was asleep when he got home.,1082.0
1698,219,1712428067065,46.0,But I woke up when I heard him in the kitchen.,761.0
1698,220,1712428068143,64.0,I found him leaning against the refrigerator with a can of beer.,1077.0
1698,221,1712428068996,68.0,He put his heavy arms around me and rubbed his big hands on my back.,852.0
1698,222,1712428069783,85.0,In bed he put his hands on me again and then waited as if thinking of something else.,787.0
1698,223,1712428070726,28.0,I turned and opened my legs.,943.0
1698,224,1712428072047,36.0,"Afterwards, I think he stayed awake.",1321.0
1698,225,1712428073755,53.0,He was up that morning before I could get out of bed.,1708.0
1698,226,1712428074672,54.0,"To see if there was something in the paper, I suppose.",917.0
1698,227,1712428075307,46.0,The telephone began ringing right after eight.,634.0
1698,228,1712428075977,13.0,"""Go to hell!""",669.0
1698,229,1712428076754,18.0,I heard him shout.,776.0
1698,230,1712428077436,31.0,The telephone rang right again.,681.0
1698,231,1712428079198,59.0,"""I have nothing to add to what I already told the sheriff!""",1761.0
1698,232,1712428079988,29.0,He slammed the receiver down.,790.0
1698,233,1712428080638,27.0,"""What is going on?"" I said.",650.0
1698,234,1712428081458,49.0,It was then that he told me what I just told you.,819.0
1698,235,1712428082113,3.0,***,654.0
1698,236,1712428083513,44.0,I sweep up the broken dishes and go outside.,1400.0
1698,237,1712428085092,85.0,"He is lying on his back on the grass now, the newspaper and can of beer within reach.",1579.0
1698,238,1712428085572,41.0,"""Stuart, could we go for a drive?"" I say.",480.0
1698,239,1712428086412,30.0,He rolls over and looks at me.,839.0
1698,240,1712428087549,37.0,"""We'll pick up some beer,"" he says...",1137.0
1698,241,1712428088508,62.0,He gets to his feet and touches me on the hip as he goes past.,959.0
1698,242,1712428089490,28.0,"""Give me a minute,"" he says.",982.0
1698,243,1712428090791,39.0,We drive through town without speaking.,1301.0
1698,244,1712428091827,39.0,He stops at a roadside market for beer.,1036.0
1698,245,1712428092310,54.0,I notice a great stack of papers just inside the door.,483.0
1698,246,1712428093251,89.0,On the top step a fat woman in a print dress holds out a licorice stick to a little girl.,941.0
1698,247,1712428094622,66.0,"Later on, we cross Everson Creek and turn into the picnic grounds.",1371.0
1698,248,1712428095586,79.0,The creek runs under the bridge and into a large pond a few hundred yards away.,962.0
1698,249,1712428096804,28.0,I can see the men out there.,1218.0
1698,250,1712428097719,33.0,I can see them out there fishing.,915.0
1698,251,1712428098187,31.0,So much water so close to home.,468.0
1698,252,1712428098887,43.0,"I say, ""Why did you have to go miles away?""",699.0
1698,253,1712428099669,25.0,"""Don't rile me,"" he says.",782.0
1698,254,1712428100398,29.0,We sit on a bench in the sun.,729.0
1698,255,1712428101029,25.0,He opens us cans of beer.,631.0
1698,256,1712428101859,25.0,"He says, ""Relax, Claire.""",830.0
1698,257,1712428103188,30.0,"""They said they were innocent.",1329.0
1698,258,1712428103751,27.0,"They said they were crazy.""",562.0
1698,259,1712428104563,15.0,"He says, ""Who?""",812.0
1698,260,1712428105312,38.0,"He says, ""What are you talking about?""",749.0
1698,261,1712428106043,21.0,"""The Maddox brothers.",731.0
1698,262,1712428107023,54.0,They killed a girl named Arlene Hubly where I grew up.,980.0
1698,263,1712428107644,60.0,They cut off her head and threw her into the Cle Elum River.,621.0
1698,264,1712428108776,31.0,"It happened when I was a girl.""",1132.0
1698,265,1712428110046,40.0,"""You're going to get me riled,"" he says.",1270.0
1698,266,1712428110629,20.0,I look at the creek.,583.0
1698,267,1712428111134,79.0,"I'm right in it, eyes open, face down, staring at the moss on the bottom, dead.",505.0
1698,268,1712428111952,62.0,"""I don't know what's wrong with you,"" he says on the way home.",818.0
1698,269,1712428112828,45.0,"""You're getting me more riled by the minute.""",875.0
1698,270,1712428113404,34.0,There is nothing I can say to him.,576.0
1698,271,1712428114477,36.0,He tries to concentrate on the road.,1073.0
1698,272,1712428115271,47.0,But he keeps looking into the rear-view mirror.,793.0
1698,273,1712428115930,9.0,He knows.,658.0
1698,274,1712428116748,3.0,***,818.0
1698,275,1712428117845,52.0,Stuart believes he is letting me sleep this morning.,1096.0
1698,276,1712428118320,47.0,But I was awake long before the alarm went off.,474.0
1698,277,1712428119205,74.0,"I was thinking, lying on the far side of the bed away from his hairy legs.",885.0
1698,278,1712428119769,78.0,"He gets Dean off for school, and then he shaves, dresses, and leaves for work.",564.0
1698,279,1712428120352,40.0,Twice he looks in and clears his throat.,583.0
1698,280,1712428121066,26.0,But I keep my eyes closed.,714.0
1698,281,1712428121547,38.0,In the kitchen I find a note from him.,480.0
1698,282,1712428122681,19.0,"It's signed ""Love.""",1134.0
1698,283,1712428123362,74.0,I sit in the breakfast nook and drink coffee and leave a ring on the note.,681.0
1698,284,1712428125166,67.0,I look at the newspaper and turn it this way and that on the table.,1804.0
1698,285,1712428126398,43.0,Then I skid it close and read what it says.,1232.0
1698,286,1712428127644,38.0,"The body has been identified, claimed.",1245.0
1698,287,1712428129132,155.0,"But it took some examining it, some putting things into it, some cutting, some weighing, some measuring, some putting things back again and sewing them in.",1488.0
1698,288,1712428129951,57.0,I sit for a long time holding the newspaper and thinking.,819.0
1698,289,1712428131580,51.0,Then I call up to get a chair at the hairdresser's.,1628.0
1698,290,1712428132142,3.0,***,562.0
1698,291,1712428133404,75.0,I sit under the dryer with a magazine on my lap and let Marnie do my nails.,1262.0
1698,292,1712428134009,42.0,"""I am going to a funeral tomorrow,"" I say.",605.0
1698,293,1712428135402,38.0,"""I'm sorry to hear that,"" Marnie says.",1393.0
1698,294,1712428136993,25.0,"""It was a murder,"" I say.",1591.0
1698,295,1712428138042,37.0,"""That's the worst kind,"" Marnie says.",1049.0
1698,296,1712428139098,35.0,"""We weren't all that close,"" I say.",1056.0
1698,297,1712428139709,15.0,"""But you know?""",611.0
1698,298,1712428140328,45.0,"""We'll get you fixed up for it,"" Marnie says.",619.0
1698,299,1712428140753,72.0,"That night I make my bed on the sofa, and in the morning I get up first.",425.0
1698,300,1712428141387,50.0,I put on coffee and fix breakfast while he shaves.,634.0
1698,301,1712428142121,76.0,"He appears in the kitchen doorway, towel over his bare shoulder, appraising.",733.0
1698,302,1712428142821,23.0,"""Here's coffee,"" I say.",699.0
1698,303,1712428143801,31.0,"""Eggs'll be ready in a minute.”",980.0
1698,304,1712428144391,37.0,"I wake Dean, and the three of us eat.",589.0
1698,305,1712428145088,79.0,"Whenever Stuart looks at me, I ask Dean if he wants more milk, more toast, etc.",697.0
1698,306,1712428145563,56.0,"""I'll call you today,"" Stuart says as he opens the door.",474.0
1698,307,1712428145974,42.0,"I say, ""I don't think I'll be home today.""",411.0
1698,308,1712428146748,21.0,"""All right,"" he says.",774.0
1698,309,1712428147224,7.0,"""Sure.""",476.0
1698,310,1712428147793,18.0,I dress carefully.,569.0
1698,311,1712428148248,48.0,I try on a hat and look at myself in the mirror.,455.0
1698,312,1712428149029,28.0,I write out a note for Dean.,781.0
1698,313,1712428149999,69.0,"Honey, Mommy has things to do this afternoon, but will be back later.",970.0
1698,314,1712428150667,61.0,You stay in or be in the backyard until one of us comes home.,668.0
1698,315,1712428151267,11.0,"Love, Mommy",600.0
1698,316,1712428153150,48.0,I look at the word Love and then I underline it.,1883.0
1698,317,1712428153955,29.0,Then I see the word backyard.,805.0
1698,318,1712428155245,22.0,Is it one word or two?,1289.0
1698,319,1712428155665,3.0,***,420.0
1698,320,1712428156918,121.0,"I drive through farm country, through fields of oats and sugar beets and past apple orchards, cattle grazing in pastures.",1253.0
1698,321,1712428157461,99.0,"Then everything changes, more like shacks than farmhouses and stands of timber instead of orchards.",543.0
1698,322,1712428158291,78.0,"Then mountains, and on the right, far below, I sometimes see the Naches River.",830.0
1698,323,1712428158899,64.0,A green pickup comes up behind me and stays behind me for miles.,608.0
1698,324,1712428159424,55.0,"I keep slowing at the wrong times, hoping he will pass.",524.0
1698,325,1712428160085,16.0,Then I speed up.,661.0
1698,326,1712428161012,36.0,"But this is at the wrong times, too.",927.0
1698,327,1712428161490,39.0,I grip the wheel until my fingers hurt.,478.0
1698,328,1712428162008,37.0,On a long clear stretch he goes past.,518.0
1698,329,1712428163164,73.0,"But he drives along beside for a bit, a crewcut man in a blue work shirt.",1155.0
1698,330,1712428164235,24.0,We look each other over.,1070.0
1698,331,1712428165220,53.0,"Then he waves, toots his horn, and pulls on up ahead.",984.0
1698,332,1712428165750,29.0,I slow down and find a place.,530.0
1698,333,1712428166095,35.0,I pull over and shut off the motor.,345.0
1698,334,1712428166528,42.0,I can hear the river down below the trees.,433.0
1698,335,1712428167223,35.0,Then I hear the pickup coming back.,695.0
1698,336,1712428167948,41.0,I lock the doors and roll up the windows.,724.0
1698,337,1712428168523,30.0,"""You all right?"" the man says.",575.0
1698,338,1712428169039,21.0,He raps on the glass.,516.0
1698,339,1712428169467,11.0,"""You okay?""",428.0
1698,340,1712428170137,64.0,He leans his arms on the door and brings his face to the window.,670.0
1698,341,1712428170692,15.0,I stare at him.,555.0
1698,342,1712428171151,30.0,I can't think what else to do.,459.0
1698,343,1712428171586,34.0,"""Is everything all right in there?",435.0
1698,344,1712428172187,31.0,"How come you're all locked up?""",601.0
1698,345,1712428172753,16.0,I shake my head.,566.0
1698,346,1712428173282,24.0,"""Roll down your window.""",529.0
1698,347,1712428173733,64.0,He shakes his head and looks at the highway and then back at me.,451.0
1698,348,1712428174386,19.0,"""Roll it down now.""",652.0
1698,349,1712428175111,32.0,"""Please,"" I say, ""I have to go.""",725.0
1698,350,1712428176822,50.0,"""Open the door,"" he says as if he isn't listening.",1711.0
1698,351,1712428177331,33.0,"""You're going to choke in there.""",509.0
1698,352,1712428178521,32.0,"He looks at my breasts, my legs.",1190.0
1698,353,1712428179741,34.0,I can tell that's what he's doing.,1220.0
1698,354,1712428180209,22.0,"""Hey, sugar,"" he says.",468.0
1698,355,1712428180635,31.0,"""I'm just here to help is all.""",426.0
1698,356,1712428181057,3.0,***,422.0
1698,357,1712428181742,52.0,The casket is closed and covered with floral sprays.,685.0
1698,358,1712428182223,45.0,The organ starts up the minute I take a seat.,481.0
1698,359,1712428182677,40.0,People are coming in and finding chairs.,453.0
1698,360,1712428183122,63.0,There's a boy in flared pants and a yellow short-sleeved shirt.,445.0
1698,361,1712428184019,100.0,A door opens and the family comes in in a group and moves over to a curtained place off to one side.,897.0
1698,362,1712428185748,39.0,Chairs creak as everybody gets settled.,1729.0
1698,363,1712428188291,83.0,"Directly, a nice blond man in a nice dark suit stands and asks us to bow our heads.",2543.0
1698,364,1712428188806,105.0,"He says a prayer for us, the living, and when he finishes, he says a prayer for the soul of the departed.",515.0
1698,365,1712428189248,43.0,Along with the others I go past the casket.,442.0
1698,366,1712428189715,66.0,Then I move out onto the front steps and into the afternoon light.,467.0
1698,367,1712428190164,66.0,There's a woman who limps as she goes down the stairs ahead of me.,448.0
1698,368,1712428190862,33.0,On the sidewalk she looks around.,698.0
1698,369,1712428191369,31.0,"""Well, they got him,"" she says.",507.0
1698,370,1712428191830,27.0,"""If that's any consolation.",461.0
1698,371,1712428192292,31.0,They arrested him this morning.,462.0
1698,372,1712428192773,38.0,I heard it on the radio before I come.,481.0
1698,373,1712428193275,26.0,"A boy right here in town.""",502.0
1698,374,1712428193708,42.0,We move a few steps down the hot sidewalk.,433.0
1698,375,1712428194398,25.0,People are starting cars.,689.0
1698,376,1712428194981,49.0,I put out my hand and hold on to a parking meter.,582.0
1698,377,1712428195491,36.0,Polished hoods and polished fenders.,510.0
1698,378,1712428195952,14.0,My head swims.,461.0
1698,379,1712428196409,41.0,"I say, ""They have friends, these killers.",457.0
1698,380,1712428196812,16.0,"You can't tell.""",403.0
1698,381,1712428197289,70.0,"""I have known that child since she was a little girl,"" the woman says.",477.0
1698,382,1712428197738,93.0,"""She used to come over and I'd bake cookies for her and let her eat them in front of the TV.""",449.0
1698,383,1712428198542,3.0,***,804.0
1698,384,1712428199288,76.0,"Back home, Stuart sits at the table with a drink of whiskey in front of him.",746.0
1698,385,1712428199705,57.0,For a crazy instant I think something's happened to Dean.,417.0
1698,386,1712428200281,14.0,"""Where is he?""",576.0
1698,387,1712428200714,6.0,I say.,433.0
1698,388,1712428201139,16.0,"""Where is Dean?""",425.0
1698,389,1712428201741,27.0,"""Outside,"" my husband says.",602.0
1698,390,1712428202197,34.0,He drains his glass and stands up.,456.0
1698,391,1712428202604,40.0,"He says, ""I think I know what you need.""",406.0
1698,392,1712428203352,138.0,He reaches an arm around my waist and with his other hand he begins to unbutton my jacket and then he goes on to the buttons of my blouse.,748.0
1698,393,1712428204434,30.0,"""First things first,"" he says.",1082.0
1698,394,1712428204780,23.0,He says something else.,346.0
1698,395,1712428205127,27.0,But I don't need to listen.,347.0
1698,396,1712428205537,46.0,I can't hear a thing with so much water going.,410.0
1698,397,1712428206171,3.0,***,634.0
1681,166,1712422362446,3.0,***,2272.0
1681,167,1712422364644,37.0,My husband eats with a good appetite.,2198.0
1681,168,1712422366497,37.0,But I don't think he's really hungry.,1853.0
1681,169,1712422370068,69.0,"He chews, arms on the table, and stares at something across the room.",3571.0
1681,170,1712422371634,30.0,He looks at me and looks away.,1566.0
1681,171,1712422372529,33.0,He wipes his mouth on the napkin.,895.0
1681,172,1712422373698,30.0,"He shrugs, and goes on eating.",1169.0
1681,173,1712422374987,42.0,"""What are you staring at me for?"" he says.",1289.0
1681,174,1712422376561,45.0,"""What is it?"" he says and lays down his fork.",1574.0
1681,175,1712422377982,42.0,"""Was I staring?"" I say, and shake my head.",1421.0
1681,176,1712422378606,20.0,The telephone rings.,624.0
1681,177,1712422379433,27.0,"""Don't answer it,"" he says.",827.0
1681,178,1712422380378,33.0,"""It might be your mother,"" I say.",944.0
1681,179,1712422381274,25.0,"""Watch and see,"" he says.",896.0
1681,180,1712422382180,34.0,I pick up the receiver and listen.,906.0
1681,181,1712422382888,24.0,My husband stops eating.,708.0
1681,182,1712422383735,46.0,"""What did I tell you?"" he says when I hang up.",847.0
1681,183,1712422384552,23.0,He starts to eat again.,817.0
1681,184,1712422385546,36.0,Then throws his napkin on his plate.,994.0
1681,185,1712422387170,63.0,"He says, ""Goddamn it, why can't people mind their own business?",1624.0
1681,186,1712422388932,41.0,Tell me what I did wrong and I'll listen!,1762.0
1681,187,1712422391801,28.0,I wasn't the only man there.,2869.0
1681,188,1712422393026,37.0,We talked it over and we all decided.,1225.0
1681,189,1712422394917,29.0,We couldn't just turn around.,1891.0
1681,190,1712422396182,32.0,We were five miles from the car.,1265.0
1681,191,1712422397837,34.0,I won't have you passing judgment.,1655.0
1681,192,1712422398648,13.0,"Do you hear?""",811.0
1681,193,1712422399344,18.0,"""You know,"" I say.",696.0
1681,194,1712422400640,33.0,"He says, ""What do I know, Claire?",1296.0
1681,195,1712422401809,34.0,Tell me what I'm supposed to know.,1169.0
1681,196,1712422402916,40.0,"I don't know anything except one thing?""",1107.0
1681,197,1712422404519,48.0,He gives me what he thinks is a meaningful look.,1603.0
1681,198,1712422405377,24.0,"""She was dead,"" he says.",858.0
1681,199,1712422407016,33.0,"""And I'm as sorry as anyone else.",1639.0
1681,200,1712422407603,18.0,"But she was dead.""",587.0
1681,201,1712422408208,26.0,"""That's the point,"" I say.",605.0
1681,202,1712422408870,20.0,He raises his hands.,660.0
1681,203,1712422409727,40.0,He pushes his chair away from the table.,857.0
1681,204,1712422411838,72.0,He takes out his cigarettes and goes out to the back with a can of beer.,2111.0
1681,205,1712422413213,64.0,I see him sit in the lawn chair and pick up the newspaper again.,1374.0
1681,206,1712422414488,39.0,His name is in there on the first page.,1274.0
1681,207,1712422415545,36.0,Along with the names of his friends.,1057.0
1681,208,1712422417024,40.0,I close my eyes and hold on to the sink.,1479.0
1681,209,1712422419088,74.0,Then I rake my arm across the drainboard and send the dishes to the floor.,2064.0
1681,210,1712422419708,16.0,He doesn't move.,620.0
1681,211,1712422420585,18.0,I know he's heard.,877.0
1681,212,1712422421357,40.0,He lifts his head as if still listening.,772.0
1681,213,1712422422077,30.0,But he doesn't move otherwise.,720.0
1681,214,1712422422767,23.0,He doesn't turn around.,690.0
1681,215,1712422423702,3.0,***,935.0
1681,216,1712422429094,88.0,"He and Gordon Johnson and Mel Dorn and Vern Williams, they play poker and bowl and fish.",5392.0
1681,217,1712422432222,85.0,They fish every spring and early summer before visiting relatives can get in the way.,3128.0
1681,218,1712422434068,65.0,"They are decent men, family men, men who take care of their jobs.",1845.0
1681,219,1712422436081,65.0,"They have sons and daughters who go to school with our son, Dean.",2013.0
1681,220,1712422438432,55.0,Last Friday these family men left for the Naches River.,2351.0
1681,221,1712422441245,76.0,They parked the car in the mountains and hiked to where they wanted to fish.,2813.0
1681,222,1712422443527,76.0,"They carried their bedrolls, their food, their playing cards, their whiskey.",2282.0
1681,223,1712422445032,42.0,They saw the girl before they set up camp.,1505.0
1681,224,1712422445982,19.0,Mel Dorn found her.,950.0
1681,225,1712422446615,25.0,No clothes on her at all.,633.0
1681,226,1712422448286,64.0,She was wedged into some branches that stuck out over the water.,1670.0
1681,227,1712422449322,43.0,He called the others and they came to look.,1036.0
1681,228,1712422450102,29.0,They talked about what to do.,780.0
1681,229,1712422453360,82.0,One of the men - my Stuart didn't say which - said they should start back at once.,3258.0
1681,230,1712422455713,86.0,"The others stirred the sand with their shoes, said they didn't feel inclined that way.",2353.0
1681,231,1712422458030,82.0,"They pleaded fatigue, the late hour, the fact that the girl wasn't going anywhere.",2317.0
1681,232,1712422459223,47.0,In the end they went ahead and set up the camp.,1193.0
1681,233,1712422460132,42.0,They built a fire and drank their whiskey.,909.0
1681,234,1712422461292,50.0,"When the moon came up, they talked about the girl.",1160.0
1681,235,1712422462908,59.0,Someone said they should -keep the body from drifting away.,1615.0
1681,236,1712422463751,55.0,They took their flashlights and went back to the river.,843.0
1681,237,1712422465164,66.0,One of the men - it might have been Stuart - waded in and got her.,1413.0
1681,238,1712422466113,53.0,He took her by the fingers and pulled her into shore.,949.0
1681,239,1712422469167,87.0,He got some nylon cord and tied it to her wrist and then looped the rest around a tree.,3054.0
1681,240,1712422471533,99.0,"The next morning they cooked breakfast, drank coffee, and drank whiskey, and then split up to fish.",2366.0
1681,241,1712422476218,182.0,"That night they cooked fish, cooked potatoes, drank coffee, drank whiskey, then took their cooking things and eating things back down to the river and washed them where the girl was.",4685.0
1681,242,1712422476937,32.0,They played some cards later on.,719.0
1681,243,1712422478780,55.0,Maybe they played until they couldn't see them anymore.,1843.0
1681,244,1712422479758,28.0,Vern Williams went to sleep.,978.0
1681,245,1712422480352,28.0,But the others told stories.,594.0
1681,246,1712422483043,100.0,Gordon Johnson said the trout they'd caught were hard because of the terrible coldness of the water.,2691.0
1681,247,1712422486645,154.0,"The next morning they got up late, drank whiskey, fished a little, took down their tents, rolled their sleeping bags, gathered their stuff, and hiked out.",3601.0
1681,248,1712422487563,41.0,They drove until they got to a telephone.,918.0
1681,249,1712422489298,86.0,It was Stuart who made the call while the others stood around in the sun and listened.,1735.0
1681,250,1712422490187,32.0,He gave the sheriff their names.,889.0
1681,251,1712422491040,25.0,They had nothing to hide.,853.0
1681,252,1712422491668,21.0,They weren't ashamed.,628.0
1681,253,1712422495819,100.0,They said they'd wait until someone could come for better directions and take down their statements.,4151.0
1681,254,1712422496317,3.0,***,497.0
1681,255,1712422498002,30.0,I was asleep when he got home.,1685.0
1681,256,1712422499049,46.0,But I woke up when I heard him in the kitchen.,1047.0
1681,257,1712422501030,64.0,I found him leaning against the refrigerator with a can of beer.,1981.0
1681,258,1712422502712,68.0,He put his heavy arms around me and rubbed his big hands on my back.,1682.0
1681,259,1712422506821,85.0,In bed he put his hands on me again and then waited as if thinking of something else.,4109.0
1681,260,1712422508130,28.0,I turned and opened my legs.,1309.0
1681,261,1712422510887,36.0,"Afterwards, I think he stayed awake.",2756.0
1681,262,1712422512721,53.0,He was up that morning before I could get out of bed.,1834.0
1681,263,1712422514745,54.0,"To see if there was something in the paper, I suppose.",2024.0
1681,264,1712422515589,46.0,The telephone began ringing right after eight.,844.0
1681,265,1712422516224,13.0,"""Go to hell!""",634.0
1681,266,1712422516768,18.0,I heard him shout.,543.0
1681,267,1712422517401,31.0,The telephone rang right again.,633.0
1681,268,1712422519670,59.0,"""I have nothing to add to what I already told the sheriff!""",2269.0
1681,269,1712422520409,29.0,He slammed the receiver down.,739.0
1681,270,1712422520907,27.0,"""What is going on?"" I said.",498.0
1681,271,1712422522726,49.0,It was then that he told me what I just told you.,1819.0
1681,272,1712422523871,3.0,***,1145.0
1681,273,1712422526724,44.0,I sweep up the broken dishes and go outside.,2853.0
1681,274,1712422534072,85.0,"He is lying on his back on the grass now, the newspaper and can of beer within reach.",7348.0
1681,275,1712422535968,41.0,"""Stuart, could we go for a drive?"" I say.",1896.0
1681,276,1712422536596,30.0,He rolls over and looks at me.,628.0
1681,277,1712422537530,37.0,"""We'll pick up some beer,"" he says...",933.0
1681,278,1712422539769,62.0,He gets to his feet and touches me on the hip as he goes past.,2239.0
1681,279,1712422540556,28.0,"""Give me a minute,"" he says.",787.0
1681,280,1712422542201,39.0,We drive through town without speaking.,1645.0
1681,281,1712422543180,39.0,He stops at a roadside market for beer.,979.0
1681,282,1712422544464,54.0,I notice a great stack of papers just inside the door.,1284.0
1681,283,1712422548331,89.0,On the top step a fat woman in a print dress holds out a licorice stick to a little girl.,3866.0
1681,284,1712422550134,66.0,"Later on, we cross Everson Creek and turn into the picnic grounds.",1803.0
1681,285,1712422552639,79.0,The creek runs under the bridge and into a large pond a few hundred yards away.,2505.0
1681,286,1712422553349,28.0,I can see the men out there.,709.0
1681,287,1712422554171,33.0,I can see them out there fishing.,822.0
1681,288,1712422554907,31.0,So much water so close to home.,735.0
1681,289,1712422556255,43.0,"I say, ""Why did you have to go miles away?""",1348.0
1681,290,1712422556961,25.0,"""Don't rile me,"" he says.",706.0
1681,291,1712422557802,29.0,We sit on a bench in the sun.,841.0
1681,292,1712422558464,25.0,He opens us cans of beer.,662.0
1681,293,1712422559192,25.0,"He says, ""Relax, Claire.""",728.0
1681,294,1712422560810,30.0,"""They said they were innocent.",1617.0
1681,295,1712422562024,27.0,"They said they were crazy.""",1214.0
1681,296,1712422562621,15.0,"He says, ""Who?""",597.0
1681,297,1712422563724,38.0,"He says, ""What are you talking about?""",1103.0
1681,298,1712422564694,21.0,"""The Maddox brothers.",970.0
1681,299,1712422567801,54.0,They killed a girl named Arlene Hubly where I grew up.,3107.0
1681,300,1712422569894,60.0,They cut off her head and threw her into the Cle Elum River.,2093.0
1681,301,1712422570683,31.0,"It happened when I was a girl.""",789.0
1681,302,1712422571937,40.0,"""You're going to get me riled,"" he says.",1254.0
1681,303,1712422572536,20.0,I look at the creek.,599.0
1681,304,1712422576883,79.0,"I'm right in it, eyes open, face down, staring at the moss on the bottom, dead.",4347.0
1681,305,1712422578389,62.0,"""I don't know what's wrong with you,"" he says on the way home.",1506.0
1681,306,1712422579515,45.0,"""You're getting me more riled by the minute.""",1125.0
1681,307,1712422580203,34.0,There is nothing I can say to him.,688.0
1681,308,1712422580920,36.0,He tries to concentrate on the road.,717.0
1681,309,1712422582174,47.0,But he keeps looking into the rear-view mirror.,1254.0
1681,310,1712422582718,9.0,He knows.,544.0
1681,311,1712422583510,3.0,***,792.0
1681,312,1712422585379,52.0,Stuart believes he is letting me sleep this morning.,1869.0
1681,313,1712422586505,47.0,But I was awake long before the alarm went off.,1126.0
1681,314,1712422589956,74.0,"I was thinking, lying on the far side of the bed away from his hairy legs.",3451.0
1681,315,1712422592082,78.0,"He gets Dean off for school, and then he shaves, dresses, and leaves for work.",2126.0
1681,316,1712422593231,40.0,Twice he looks in and clears his throat.,1149.0
1681,317,1712422593855,26.0,But I keep my eyes closed.,624.0
1681,318,1712422594768,38.0,In the kitchen I find a note from him.,913.0
1681,319,1712422595414,19.0,"It's signed ""Love.""",646.0
1681,320,1712422599136,74.0,I sit in the breakfast nook and drink coffee and leave a ring on the note.,3721.0
1681,321,1712422601649,67.0,I look at the newspaper and turn it this way and that on the table.,2513.0
1681,322,1712422602503,43.0,Then I skid it close and read what it says.,854.0
1681,323,1712422603440,38.0,"The body has been identified, claimed.",937.0
1681,324,1712422608685,155.0,"But it took some examining it, some putting things into it, some cutting, some weighing, some measuring, some putting things back again and sewing them in.",5245.0
1681,325,1712422609835,57.0,I sit for a long time holding the newspaper and thinking.,1149.0
1681,326,1712422610956,51.0,Then I call up to get a chair at the hairdresser's.,1121.0
1681,327,1712422611573,3.0,***,617.0
1681,328,1712422613862,75.0,I sit under the dryer with a magazine on my lap and let Marnie do my nails.,2289.0
1681,329,1712422614880,42.0,"""I am going to a funeral tomorrow,"" I say.",1018.0
1681,330,1712422615588,38.0,"""I'm sorry to hear that,"" Marnie says.",708.0
1681,331,1712422616059,25.0,"""It was a murder,"" I say.",471.0
1681,332,1712422616843,37.0,"""That's the worst kind,"" Marnie says.",784.0
1681,333,1712422617588,35.0,"""We weren't all that close,"" I say.",745.0
1681,334,1712422618011,15.0,"""But you know?""",423.0
1681,335,1712422619177,45.0,"""We'll get you fixed up for it,"" Marnie says.",1166.0
1681,336,1712422622424,72.0,"That night I make my bed on the sofa, and in the morning I get up first.",3247.0
1681,337,1712422623863,50.0,I put on coffee and fix breakfast while he shaves.,1439.0
1681,338,1712422625483,76.0,"He appears in the kitchen doorway, towel over his bare shoulder, appraising.",1619.0
1681,339,1712422626117,23.0,"""Here's coffee,"" I say.",633.0
1681,340,1712422626850,31.0,"""Eggs'll be ready in a minute.”",733.0
1681,341,1712422627666,37.0,"I wake Dean, and the three of us eat.",816.0
1681,342,1712422630758,79.0,"Whenever Stuart looks at me, I ask Dean if he wants more milk, more toast, etc.",3092.0
1681,343,1712422631802,56.0,"""I'll call you today,"" Stuart says as he opens the door.",1044.0
1681,344,1712422633020,42.0,"I say, ""I don't think I'll be home today.""",1218.0
1681,345,1712422633498,21.0,"""All right,"" he says.",478.0
1681,346,1712422633886,7.0,"""Sure.""",388.0
1681,347,1712422634335,18.0,I dress carefully.,448.0
1681,348,1712422635101,48.0,I try on a hat and look at myself in the mirror.,766.0
1681,349,1712422635702,28.0,I write out a note for Dean.,601.0
1681,350,1712422637698,69.0,"Honey, Mommy has things to do this afternoon, but will be back later.",1996.0
1681,351,1712422639149,61.0,You stay in or be in the backyard until one of us comes home.,1451.0
1681,352,1712422639535,11.0,"Love, Mommy",386.0
1681,353,1712422640709,48.0,I look at the word Love and then I underline it.,1174.0
1681,354,1712422641824,29.0,Then I see the word backyard.,1115.0
1681,355,1712422644483,22.0,Is it one word or two?,2659.0
1681,356,1712422645155,3.0,***,672.0
1681,357,1712422649863,121.0,"I drive through farm country, through fields of oats and sugar beets and past apple orchards, cattle grazing in pastures.",4708.0
1681,358,1712422659402,99.0,"Then everything changes, more like shacks than farmhouses and stands of timber instead of orchards.",9539.0
1681,359,1712422664187,78.0,"Then mountains, and on the right, far below, I sometimes see the Naches River.",4785.0
1681,360,1712422666854,64.0,A green pickup comes up behind me and stays behind me for miles.,2667.0
1681,361,1712422668013,55.0,"I keep slowing at the wrong times, hoping he will pass.",1159.0
1681,362,1712422668599,16.0,Then I speed up.,586.0
1681,363,1712422669790,36.0,"But this is at the wrong times, too.",1191.0
1681,364,1712422670517,39.0,I grip the wheel until my fingers hurt.,727.0
1681,365,1712422671619,37.0,On a long clear stretch he goes past.,1102.0
1681,366,1712422677685,73.0,"But he drives along beside for a bit, a crewcut man in a blue work shirt.",6066.0
1681,367,1712422678520,24.0,We look each other over.,835.0
1681,368,1712422679956,53.0,"Then he waves, toots his horn, and pulls on up ahead.",1436.0
1681,369,1712422680942,29.0,I slow down and find a place.,986.0
1681,370,1712422681716,35.0,I pull over and shut off the motor.,774.0
1681,371,1712422684637,42.0,I can hear the river down below the trees.,2921.0
1681,372,1712422685636,35.0,Then I hear the pickup coming back.,998.0
1681,373,1712422687445,41.0,I lock the doors and roll up the windows.,1808.0
1681,374,1712422688249,30.0,"""You all right?"" the man says.",804.0
1681,375,1712422688924,21.0,He raps on the glass.,675.0
1681,376,1712422690866,11.0,"""You okay?""",1941.0
1681,377,1712422693195,64.0,He leans his arms on the door and brings his face to the window.,2329.0
1681,378,1712422693754,15.0,I stare at him.,559.0
1681,379,1712422694417,30.0,I can't think what else to do.,663.0
1681,380,1712422695100,34.0,"""Is everything all right in there?",683.0
1681,381,1712422695955,31.0,"How come you're all locked up?""",855.0
1681,382,1712422696423,16.0,I shake my head.,468.0
1681,383,1712422697060,24.0,"""Roll down your window.""",637.0
1681,384,1712422698509,64.0,He shakes his head and looks at the highway and then back at me.,1449.0
1681,385,1712422699062,19.0,"""Roll it down now.""",553.0
1681,386,1712422699773,32.0,"""Please,"" I say, ""I have to go.""",711.0
1681,387,1712422700830,50.0,"""Open the door,"" he says as if he isn't listening.",1057.0
1681,388,1712422701751,33.0,"""You're going to choke in there.""",920.0
1681,389,1712422702965,32.0,"He looks at my breasts, my legs.",1214.0
1681,390,1712422703634,34.0,I can tell that's what he's doing.,668.0
1681,391,1712422704429,22.0,"""Hey, sugar,"" he says.",795.0
1681,392,1712422705542,31.0,"""I'm just here to help is all.""",1113.0
1681,393,1712422705966,3.0,***,423.0
1681,394,1712422708969,52.0,The casket is closed and covered with floral sprays.,3003.0
1681,395,1712422711659,45.0,The organ starts up the minute I take a seat.,2690.0
1681,396,1712422712647,40.0,People are coming in and finding chairs.,988.0
1681,397,1712422714947,63.0,There's a boy in flared pants and a yellow short-sleeved shirt.,2300.0
1681,398,1712422721096,100.0,A door opens and the family comes in in a group and moves over to a curtained place off to one side.,6149.0
1681,399,1712422722575,39.0,Chairs creak as everybody gets settled.,1479.0
1681,400,1712422727941,83.0,"Directly, a nice blond man in a nice dark suit stands and asks us to bow our heads.",5366.0
1681,401,1712422730084,105.0,"He says a prayer for us, the living, and when he finishes, he says a prayer for the soul of the departed.",2143.0
1681,402,1712422731140,43.0,Along with the others I go past the casket.,1056.0
1681,403,1712422733984,66.0,Then I move out onto the front steps and into the afternoon light.,2844.0
1681,404,1712422735815,66.0,There's a woman who limps as she goes down the stairs ahead of me.,1831.0
1681,405,1712422736584,33.0,On the sidewalk she looks around.,769.0
1681,406,1712422737409,31.0,"""Well, they got him,"" she says.",825.0
1681,407,1712422738119,27.0,"""If that's any consolation.",710.0
1681,408,1712422739000,31.0,They arrested him this morning.,881.0
1681,409,1712422739788,38.0,I heard it on the radio before I come.,788.0
1681,410,1712422740739,26.0,"A boy right here in town.""",951.0
1681,411,1712422741504,42.0,We move a few steps down the hot sidewalk.,765.0
1681,412,1712422742095,25.0,People are starting cars.,591.0
1681,413,1712422744995,49.0,I put out my hand and hold on to a parking meter.,2900.0
1681,414,1712422746449,36.0,Polished hoods and polished fenders.,1454.0
1681,415,1712422747049,14.0,My head swims.,600.0
1681,416,1712422748892,41.0,"I say, ""They have friends, these killers.",1843.0
1681,417,1712422750154,16.0,"You can't tell.""",1262.0
1681,418,1712422752299,70.0,"""I have known that child since she was a little girl,"" the woman says.",2145.0
1681,419,1712422755445,93.0,"""She used to come over and I'd bake cookies for her and let her eat them in front of the TV.""",3146.0
1681,420,1712422756088,3.0,***,643.0
1681,421,1712422757697,76.0,"Back home, Stuart sits at the table with a drink of whiskey in front of him.",1609.0
1681,422,1712422759725,57.0,For a crazy instant I think something's happened to Dean.,2028.0
1681,423,1712422760250,14.0,"""Where is he?""",525.0
1681,424,1712422760693,6.0,I say.,443.0
1681,425,1712422761095,16.0,"""Where is Dean?""",402.0
1681,426,1712422761670,27.0,"""Outside,"" my husband says.",575.0
1681,427,1712422762560,34.0,He drains his glass and stands up.,890.0
1681,428,1712422764934,40.0,"He says, ""I think I know what you need.""",2374.0
1681,429,1712422768353,138.0,He reaches an arm around my waist and with his other hand he begins to unbutton my jacket and then he goes on to the buttons of my blouse.,3419.0
1681,430,1712422769076,30.0,"""First things first,"" he says.",723.0
1681,431,1712422769619,23.0,He says something else.,543.0
1681,432,1712422770221,27.0,But I don't need to listen.,602.0
1681,433,1712422771425,46.0,I can't hear a thing with so much water going.,1203.0
1681,434,1712422772116,3.0,***,690.0
1724,81,1712597641919,3.0,***,3725.0
1724,82,1712597643167,37.0,My husband eats with a good appetite.,1247.0
1724,83,1712597644677,37.0,But I don't think he's really hungry.,1510.0
1724,84,1712597647551,69.0,"He chews, arms on the table, and stares at something across the room.",2874.0
1724,85,1712597649243,30.0,He looks at me and looks away.,1692.0
1724,86,1712597650025,33.0,He wipes his mouth on the napkin.,782.0
1724,87,1712597650917,30.0,"He shrugs, and goes on eating.",892.0
1724,88,1712597652018,42.0,"""What are you staring at me for?"" he says.",1100.0
1724,89,1712597653161,45.0,"""What is it?"" he says and lays down his fork.",1143.0
1724,90,1712597654841,42.0,"""Was I staring?"" I say, and shake my head.",1679.0
1724,91,1712597655522,20.0,The telephone rings.,681.0
1724,92,1712597656359,27.0,"""Don't answer it,"" he says.",837.0
1724,93,1712597657092,33.0,"""It might be your mother,"" I say.",733.0
1724,94,1712597657817,25.0,"""Watch and see,"" he says.",725.0
1724,95,1712597658719,34.0,I pick up the receiver and listen.,902.0
1724,96,1712597659505,24.0,My husband stops eating.,786.0
1724,97,1712597660428,46.0,"""What did I tell you?"" he says when I hang up.",923.0
1724,98,1712597661097,23.0,He starts to eat again.,669.0
1724,99,1712597661934,36.0,Then throws his napkin on his plate.,837.0
1724,100,1712597663997,63.0,"He says, ""Goddamn it, why can't people mind their own business?",2063.0
1724,101,1712597664916,41.0,Tell me what I did wrong and I'll listen!,919.0
1724,102,1712597665960,28.0,I wasn't the only man there.,1043.0
1724,103,1712597667160,37.0,We talked it over and we all decided.,1200.0
1724,104,1712597667911,29.0,We couldn't just turn around.,751.0
1724,105,1712597668641,32.0,We were five miles from the car.,730.0
1724,106,1712597669940,34.0,I won't have you passing judgment.,1299.0
1724,107,1712597670453,13.0,"Do you hear?""",513.0
1724,108,1712597670880,18.0,"""You know,"" I say.",427.0
1724,109,1712597672356,33.0,"He says, ""What do I know, Claire?",1476.0
1724,110,1712597673151,34.0,Tell me what I'm supposed to know.,795.0
1724,111,1712597673764,40.0,"I don't know anything except one thing?""",613.0
1724,112,1712597674751,48.0,He gives me what he thinks is a meaningful look.,987.0
1724,113,1712597676089,24.0,"""She was dead,"" he says.",1338.0
1724,114,1712597676720,33.0,"""And I'm as sorry as anyone else.",631.0
1724,115,1712597677268,18.0,"But she was dead.""",548.0
1724,116,1712597677669,26.0,"""That's the point,"" I say.",401.0
1724,117,1712597678179,20.0,He raises his hands.,510.0
1724,118,1712597679120,40.0,He pushes his chair away from the table.,941.0
1724,119,1712597680518,72.0,He takes out his cigarettes and goes out to the back with a can of beer.,1398.0
1724,120,1712597681727,64.0,I see him sit in the lawn chair and pick up the newspaper again.,1209.0
1724,121,1712597682404,39.0,His name is in there on the first page.,677.0
1724,122,1712597683025,36.0,Along with the names of his friends.,621.0
1724,123,1712597683681,40.0,I close my eyes and hold on to the sink.,656.0
1724,124,1712597685356,74.0,Then I rake my arm across the drainboard and send the dishes to the floor.,1675.0
1724,125,1712597685817,16.0,He doesn't move.,461.0
1724,126,1712597686349,18.0,I know he's heard.,532.0
1724,127,1712597686927,40.0,He lifts his head as if still listening.,578.0
1724,128,1712597687471,30.0,But he doesn't move otherwise.,544.0
1724,129,1712597687911,23.0,He doesn't turn around.,440.0
1724,130,1712597688377,3.0,***,466.0
1724,131,1712597694683,88.0,"He and Gordon Johnson and Mel Dorn and Vern Williams, they play poker and bowl and fish.",6306.0
1724,132,1712597696310,85.0,They fish every spring and early summer before visiting relatives can get in the way.,1627.0
1724,133,1712597698002,65.0,"They are decent men, family men, men who take care of their jobs.",1692.0
1724,134,1712597700258,65.0,"They have sons and daughters who go to school with our son, Dean.",2256.0
1724,135,1712597701294,55.0,Last Friday these family men left for the Naches River.,1036.0
1724,136,1712597702692,76.0,They parked the car in the mountains and hiked to where they wanted to fish.,1398.0
1724,137,1712597705381,76.0,"They carried their bedrolls, their food, their playing cards, their whiskey.",2689.0
1724,138,1712597706348,42.0,They saw the girl before they set up camp.,967.0
1724,139,1712597707095,19.0,Mel Dorn found her.,747.0
1724,140,1712597707841,25.0,No clothes on her at all.,746.0
1724,141,1712597709171,64.0,She was wedged into some branches that stuck out over the water.,1330.0
1724,142,1712597709874,43.0,He called the others and they came to look.,703.0
1724,143,1712597710560,29.0,They talked about what to do.,686.0
1724,144,1712597714617,82.0,One of the men - my Stuart didn't say which - said they should start back at once.,4057.0
1724,145,1712597717400,86.0,"The others stirred the sand with their shoes, said they didn't feel inclined that way.",2783.0
1724,146,1712597719722,82.0,"They pleaded fatigue, the late hour, the fact that the girl wasn't going anywhere.",2322.0
1724,147,1712597720697,47.0,In the end they went ahead and set up the camp.,975.0
1724,148,1712597721565,42.0,They built a fire and drank their whiskey.,868.0
1724,149,1712597722449,50.0,"When the moon came up, they talked about the girl.",884.0
1724,150,1712597724085,59.0,Someone said they should -keep the body from drifting away.,1636.0
1724,151,1712597725025,55.0,They took their flashlights and went back to the river.,940.0
1724,152,1712597726675,66.0,One of the men - it might have been Stuart - waded in and got her.,1650.0
1724,153,1712597727654,53.0,He took her by the fingers and pulled her into shore.,979.0
1724,154,1712597730023,87.0,He got some nylon cord and tied it to her wrist and then looped the rest around a tree.,2369.0
1724,155,1712597738249,99.0,"The next morning they cooked breakfast, drank coffee, and drank whiskey, and then split up to fish.",8226.0
1724,156,1712597747088,182.0,"That night they cooked fish, cooked potatoes, drank coffee, drank whiskey, then took their cooking things and eating things back down to the river and washed them where the girl was.",8839.0
1724,157,1712597748007,32.0,They played some cards later on.,919.0
1724,158,1712597750415,55.0,Maybe they played until they couldn't see them anymore.,2408.0
1724,159,1712597751650,28.0,Vern Williams went to sleep.,1235.0
1724,160,1712597752344,28.0,But the others told stories.,694.0
1724,161,1712597755589,100.0,Gordon Johnson said the trout they'd caught were hard because of the terrible coldness of the water.,3245.0
1724,162,1712597760652,154.0,"The next morning they got up late, drank whiskey, fished a little, took down their tents, rolled their sleeping bags, gathered their stuff, and hiked out.",5063.0
1724,163,1712597762180,41.0,They drove until they got to a telephone.,1528.0
1724,164,1712597763557,86.0,It was Stuart who made the call while the others stood around in the sun and listened.,1377.0
1724,165,1712597764462,32.0,He gave the sheriff their names.,905.0
1724,166,1712597764999,25.0,They had nothing to hide.,537.0
1724,167,1712597765425,21.0,They weren't ashamed.,426.0
1724,168,1712597771398,100.0,They said they'd wait until someone could come for better directions and take down their statements.,5973.0
1724,169,1712597771838,3.0,***,440.0
1724,170,1712597772465,30.0,I was asleep when he got home.,627.0
1724,171,1712597775114,46.0,But I woke up when I heard him in the kitchen.,2649.0
1724,172,1712597776323,64.0,I found him leaning against the refrigerator with a can of beer.,1209.0
1724,173,1712597780500,68.0,He put his heavy arms around me and rubbed his big hands on my back.,4177.0
1724,174,1712597785898,85.0,In bed he put his hands on me again and then waited as if thinking of something else.,5398.0
1724,175,1712597787111,28.0,I turned and opened my legs.,1213.0
1724,176,1712597787953,36.0,"Afterwards, I think he stayed awake.",842.0
1724,177,1712597791893,53.0,He was up that morning before I could get out of bed.,3940.0
1724,178,1712597793450,54.0,"To see if there was something in the paper, I suppose.",1557.0
1724,179,1712597794802,46.0,The telephone began ringing right after eight.,1352.0
1724,180,1712597795293,13.0,"""Go to hell!""",491.0
1724,181,1712597795746,18.0,I heard him shout.,453.0
1724,182,1712597796485,31.0,The telephone rang right again.,739.0
1724,183,1712597799591,59.0,"""I have nothing to add to what I already told the sheriff!""",3106.0
1724,184,1712597800170,29.0,He slammed the receiver down.,579.0
1724,185,1712597800578,27.0,"""What is going on?"" I said.",408.0
1724,186,1712597803475,49.0,It was then that he told me what I just told you.,2896.0
1724,187,1712597804169,3.0,***,694.0
1724,188,1712597806741,44.0,I sweep up the broken dishes and go outside.,2572.0
1724,189,1712597809926,85.0,"He is lying on his back on the grass now, the newspaper and can of beer within reach.",3185.0
1724,190,1712597811393,41.0,"""Stuart, could we go for a drive?"" I say.",1467.0
1724,191,1712597812041,30.0,He rolls over and looks at me.,648.0
1724,192,1712597813473,37.0,"""We'll pick up some beer,"" he says...",1432.0
1724,193,1712597817267,62.0,He gets to his feet and touches me on the hip as he goes past.,3794.0
1724,194,1712597817953,28.0,"""Give me a minute,"" he says.",686.0
1724,195,1712597818682,39.0,We drive through town without speaking.,729.0
1724,196,1712597819693,39.0,He stops at a roadside market for beer.,1011.0
1724,197,1712597822338,54.0,I notice a great stack of papers just inside the door.,2645.0
1724,198,1712597826261,89.0,On the top step a fat woman in a print dress holds out a licorice stick to a little girl.,3923.0
1724,199,1712597827689,66.0,"Later on, we cross Everson Creek and turn into the picnic grounds.",1428.0
1724,200,1712597828600,79.0,The creek runs under the bridge and into a large pond a few hundred yards away.,911.0
1724,201,1712597829454,28.0,I can see the men out there.,854.0
1724,202,1712597830020,33.0,I can see them out there fishing.,566.0
1724,203,1712597830495,31.0,So much water so close to home.,475.0
1724,204,1712597832726,43.0,"I say, ""Why did you have to go miles away?""",2231.0
1724,205,1712597833628,25.0,"""Don't rile me,"" he says.",902.0
1724,206,1712597834202,29.0,We sit on a bench in the sun.,574.0
1724,207,1712597834763,25.0,He opens us cans of beer.,561.0
1724,208,1712597835889,25.0,"He says, ""Relax, Claire.""",1126.0
1724,209,1712597836399,30.0,"""They said they were innocent.",510.0
1724,210,1712597837767,27.0,"They said they were crazy.""",1368.0
1724,211,1712597838289,15.0,"He says, ""Who?""",522.0
1724,212,1712597839459,38.0,"He says, ""What are you talking about?""",1170.0
1724,213,1712597840128,21.0,"""The Maddox brothers.",669.0
1724,214,1712597842264,54.0,They killed a girl named Arlene Hubly where I grew up.,2136.0
1724,215,1712597843986,60.0,They cut off her head and threw her into the Cle Elum River.,1722.0
1724,216,1712597845333,31.0,"It happened when I was a girl.""",1347.0
1724,217,1712597846386,40.0,"""You're going to get me riled,"" he says.",1053.0
1724,218,1712597847210,20.0,I look at the creek.,824.0
1724,219,1712597848631,79.0,"I'm right in it, eyes open, face down, staring at the moss on the bottom, dead.",1421.0
1724,220,1712597849839,62.0,"""I don't know what's wrong with you,"" he says on the way home.",1208.0
1724,221,1712597850776,45.0,"""You're getting me more riled by the minute.""",937.0
1724,222,1712597851492,34.0,There is nothing I can say to him.,716.0
1724,223,1712597852114,36.0,He tries to concentrate on the road.,622.0
1724,224,1712597852830,47.0,But he keeps looking into the rear-view mirror.,716.0
1724,225,1712597853448,9.0,He knows.,618.0
1724,226,1712597853897,3.0,***,449.0
1724,227,1712597856349,52.0,Stuart believes he is letting me sleep this morning.,2452.0
1724,228,1712597857726,47.0,But I was awake long before the alarm went off.,1377.0
1724,229,1712597859168,74.0,"I was thinking, lying on the far side of the bed away from his hairy legs.",1442.0
1724,230,1712597862102,78.0,"He gets Dean off for school, and then he shaves, dresses, and leaves for work.",2934.0
1724,231,1712597863259,40.0,Twice he looks in and clears his throat.,1157.0
1724,232,1712597863786,26.0,But I keep my eyes closed.,527.0
1724,233,1712597864524,38.0,In the kitchen I find a note from him.,738.0
1724,234,1712597865180,19.0,"It's signed ""Love.""",656.0
1724,235,1712597868382,74.0,I sit in the breakfast nook and drink coffee and leave a ring on the note.,3202.0
1724,236,1712597869452,67.0,I look at the newspaper and turn it this way and that on the table.,1070.0
1724,237,1712597871222,43.0,Then I skid it close and read what it says.,1770.0
1724,238,1712597871905,38.0,"The body has been identified, claimed.",683.0
1724,239,1712597875155,155.0,"But it took some examining it, some putting things into it, some cutting, some weighing, some measuring, some putting things back again and sewing them in.",3250.0
1724,240,1712597876074,57.0,I sit for a long time holding the newspaper and thinking.,919.0
1724,241,1712597877512,51.0,Then I call up to get a chair at the hairdresser's.,1438.0
1724,242,1712597877931,3.0,***,419.0
1724,243,1712597879575,75.0,I sit under the dryer with a magazine on my lap and let Marnie do my nails.,1644.0
1724,244,1712597882471,42.0,"""I am going to a funeral tomorrow,"" I say.",2896.0
1724,245,1712597883377,38.0,"""I'm sorry to hear that,"" Marnie says.",906.0
1724,246,1712597884448,25.0,"""It was a murder,"" I say.",1071.0
1724,247,1712597885121,37.0,"""That's the worst kind,"" Marnie says.",673.0
1724,248,1712597886024,35.0,"""We weren't all that close,"" I say.",903.0
1724,249,1712597886549,15.0,"""But you know?""",525.0
1724,250,1712597887676,45.0,"""We'll get you fixed up for it,"" Marnie says.",1126.0
1724,251,1712597888989,72.0,"That night I make my bed on the sofa, and in the morning I get up first.",1313.0
1724,252,1712597890914,50.0,I put on coffee and fix breakfast while he shaves.,1925.0
1724,253,1712597892563,76.0,"He appears in the kitchen doorway, towel over his bare shoulder, appraising.",1649.0
1724,254,1712597893166,23.0,"""Here's coffee,"" I say.",603.0
1724,255,1712597893948,31.0,"""Eggs'll be ready in a minute.”",781.0
1724,256,1712597895683,37.0,"I wake Dean, and the three of us eat.",1735.0
1724,257,1712597898898,79.0,"Whenever Stuart looks at me, I ask Dean if he wants more milk, more toast, etc.",3215.0
1724,258,1712597900522,56.0,"""I'll call you today,"" Stuart says as he opens the door.",1623.0
1724,259,1712597901859,42.0,"I say, ""I don't think I'll be home today.""",1337.0
1724,260,1712597902341,21.0,"""All right,"" he says.",482.0
1724,261,1712597902751,7.0,"""Sure.""",410.0
1724,262,1712597903123,18.0,I dress carefully.,372.0
1724,263,1712597903978,48.0,I try on a hat and look at myself in the mirror.,855.0
1724,264,1712597904590,28.0,I write out a note for Dean.,611.0
1724,265,1712597906282,69.0,"Honey, Mommy has things to do this afternoon, but will be back later.",1692.0
1724,266,1712597909650,61.0,You stay in or be in the backyard until one of us comes home.,3367.0
1724,267,1712597910293,11.0,"Love, Mommy",643.0
1724,268,1712597911705,48.0,I look at the word Love and then I underline it.,1411.0
1724,269,1712597912218,29.0,Then I see the word backyard.,513.0
1724,270,1712597913396,22.0,Is it one word or two?,1178.0
1724,271,1712597913810,3.0,***,413.0
1724,272,1712597916461,121.0,"I drive through farm country, through fields of oats and sugar beets and past apple orchards, cattle grazing in pastures.",2651.0
1724,273,1712597921938,99.0,"Then everything changes, more like shacks than farmhouses and stands of timber instead of orchards.",5476.0
1724,274,1712597924321,78.0,"Then mountains, and on the right, far below, I sometimes see the Naches River.",2383.0
1724,275,1712597925848,64.0,A green pickup comes up behind me and stays behind me for miles.,1527.0
1724,276,1712597927544,55.0,"I keep slowing at the wrong times, hoping he will pass.",1696.0
1724,277,1712597928175,16.0,Then I speed up.,631.0
1724,278,1712597929064,36.0,"But this is at the wrong times, too.",889.0
1724,279,1712597930091,39.0,I grip the wheel until my fingers hurt.,1027.0
1724,280,1712597931122,37.0,On a long clear stretch he goes past.,1031.0
1724,281,1712597937614,73.0,"But he drives along beside for a bit, a crewcut man in a blue work shirt.",6492.0
1724,282,1712597938977,24.0,We look each other over.,1363.0
1724,283,1712597940634,53.0,"Then he waves, toots his horn, and pulls on up ahead.",1657.0
1724,284,1712597941618,29.0,I slow down and find a place.,984.0
1724,285,1712597942490,35.0,I pull over and shut off the motor.,872.0
1724,286,1712597943500,42.0,I can hear the river down below the trees.,1010.0
1724,287,1712597944406,35.0,Then I hear the pickup coming back.,906.0
1724,288,1712597946682,41.0,I lock the doors and roll up the windows.,2276.0
1724,289,1712597947429,30.0,"""You all right?"" the man says.",747.0
1724,290,1712597948711,21.0,He raps on the glass.,1282.0
1724,291,1712597949250,11.0,"""You okay?""",539.0
1724,292,1712597950942,64.0,He leans his arms on the door and brings his face to the window.,1692.0
1724,293,1712597951572,15.0,I stare at him.,630.0
1724,294,1712597952125,30.0,I can't think what else to do.,553.0
1724,295,1712597952815,34.0,"""Is everything all right in there?",690.0
1724,296,1712597953665,31.0,"How come you're all locked up?""",850.0
1724,297,1712597954214,16.0,I shake my head.,549.0
1724,298,1712597954757,24.0,"""Roll down your window.""",543.0
1724,299,1712597957412,64.0,He shakes his head and looks at the highway and then back at me.,2655.0
1724,300,1712597958008,19.0,"""Roll it down now.""",596.0
1724,301,1712597959351,32.0,"""Please,"" I say, ""I have to go.""",1343.0
1724,302,1712597961565,50.0,"""Open the door,"" he says as if he isn't listening.",2214.0
1724,303,1712597962747,33.0,"""You're going to choke in there.""",1182.0
1724,304,1712597964526,32.0,"He looks at my breasts, my legs.",1779.0
1724,305,1712597965958,34.0,I can tell that's what he's doing.,1432.0
1724,306,1712597966982,22.0,"""Hey, sugar,"" he says.",1024.0
1724,307,1712597967836,31.0,"""I'm just here to help is all.""",854.0
1724,308,1712597968315,3.0,***,479.0
1724,309,1712597970833,52.0,The casket is closed and covered with floral sprays.,2518.0
1724,310,1712597972196,45.0,The organ starts up the minute I take a seat.,1363.0
1724,311,1712597973806,40.0,People are coming in and finding chairs.,1610.0
1724,312,1712597975316,63.0,There's a boy in flared pants and a yellow short-sleeved shirt.,1510.0
1724,313,1712597979278,100.0,A door opens and the family comes in in a group and moves over to a curtained place off to one side.,3962.0
1724,314,1712597980586,39.0,Chairs creak as everybody gets settled.,1308.0
1724,315,1712597983511,83.0,"Directly, a nice blond man in a nice dark suit stands and asks us to bow our heads.",2925.0
1724,316,1712597985160,105.0,"He says a prayer for us, the living, and when he finishes, he says a prayer for the soul of the departed.",1649.0
1724,317,1712597986356,43.0,Along with the others I go past the casket.,1196.0
1724,318,1712597987414,66.0,Then I move out onto the front steps and into the afternoon light.,1058.0
1724,319,1712597991963,66.0,There's a woman who limps as she goes down the stairs ahead of me.,4549.0
1724,320,1712597992558,33.0,On the sidewalk she looks around.,595.0
1724,321,1712597993559,31.0,"""Well, they got him,"" she says.",1001.0
1724,322,1712597994194,27.0,"""If that's any consolation.",635.0
1724,323,1712597994854,31.0,They arrested him this morning.,660.0
1724,324,1712597995623,38.0,I heard it on the radio before I come.,769.0
1724,325,1712597996166,26.0,"A boy right here in town.""",543.0
1724,326,1712597997163,42.0,We move a few steps down the hot sidewalk.,997.0
1724,327,1712597997715,25.0,People are starting cars.,552.0
1724,328,1712597998772,49.0,I put out my hand and hold on to a parking meter.,1057.0
1724,329,1712597999472,36.0,Polished hoods and polished fenders.,700.0
1724,330,1712598000015,14.0,My head swims.,543.0
1724,331,1712598003442,41.0,"I say, ""They have friends, these killers.",3427.0
1724,332,1712598004180,16.0,"You can't tell.""",738.0
1724,333,1712598005872,70.0,"""I have known that child since she was a little girl,"" the woman says.",1692.0
1724,334,1712598016854,93.0,"""She used to come over and I'd bake cookies for her and let her eat them in front of the TV.""",10982.0
1724,335,1712598017299,3.0,***,445.0
1724,336,1712598020813,76.0,"Back home, Stuart sits at the table with a drink of whiskey in front of him.",3514.0
1724,337,1712598024049,57.0,For a crazy instant I think something's happened to Dean.,3236.0
1724,338,1712598024550,14.0,"""Where is he?""",501.0
1724,339,1712598024995,6.0,I say.,445.0
1724,340,1712598025496,16.0,"""Where is Dean?""",501.0
1724,341,1712598026479,27.0,"""Outside,"" my husband says.",983.0
1724,342,1712598027472,34.0,He drains his glass and stands up.,993.0
1724,343,1712598028702,40.0,"He says, ""I think I know what you need.""",1230.0
1724,344,1712598031793,138.0,He reaches an arm around my waist and with his other hand he begins to unbutton my jacket and then he goes on to the buttons of my blouse.,3091.0
1724,345,1712598032600,30.0,"""First things first,"" he says.",807.0
1724,346,1712598033156,23.0,He says something else.,556.0
1724,347,1712598033991,27.0,But I don't need to listen.,835.0
1724,348,1712598035297,46.0,I can't hear a thing with so much water going.,1306.0
1724,349,1712598035768,3.0,***,471.0
1624,122,1712589883979,3.0,***,2699.0
1624,123,1712589886183,37.0,My husband eats with a good appetite.,2204.0
1624,124,1712589887947,37.0,But I don't think he's really hungry.,1764.0
1624,125,1712589892155,69.0,"He chews, arms on the table, and stares at something across the room.",4208.0
1624,126,1712589893781,30.0,He looks at me and looks away.,1626.0
1624,127,1712589895331,33.0,He wipes his mouth on the napkin.,1550.0
1624,128,1712589897001,30.0,"He shrugs, and goes on eating.",1670.0
1624,129,1712589898587,42.0,"""What are you staring at me for?"" he says.",1586.0
1624,130,1712589900372,45.0,"""What is it?"" he says and lays down his fork.",1784.0
1624,131,1712589902239,42.0,"""Was I staring?"" I say, and shake my head.",1867.0
1624,132,1712589903173,20.0,The telephone rings.,934.0
1624,133,1712589904109,27.0,"""Don't answer it,"" he says.",936.0
1624,134,1712589905753,33.0,"""It might be your mother,"" I say.",1644.0
1624,135,1712589906949,25.0,"""Watch and see,"" he says.",1195.0
1624,136,1712589907873,34.0,I pick up the receiver and listen.,924.0
1624,137,1712589908681,24.0,My husband stops eating.,808.0
1624,138,1712589911715,46.0,"""What did I tell you?"" he says when I hang up.",3034.0
1624,139,1712589912504,23.0,He starts to eat again.,789.0
1624,140,1712589913475,36.0,Then throws his napkin on his plate.,971.0
1624,141,1712589915243,63.0,"He says, ""Goddamn it, why can't people mind their own business?",1768.0
1624,142,1712589916711,41.0,Tell me what I did wrong and I'll listen!,1468.0
1624,143,1712589919997,28.0,I wasn't the only man there.,3286.0
1624,144,1712589921212,37.0,We talked it over and we all decided.,1215.0
1624,145,1712589922259,29.0,We couldn't just turn around.,1047.0
1624,146,1712589924271,32.0,We were five miles from the car.,2012.0
1624,147,1712589926094,34.0,I won't have you passing judgment.,1823.0
1624,148,1712589926913,13.0,"Do you hear?""",819.0
1624,149,1712589927843,18.0,"""You know,"" I say.",930.0
1624,150,1712589929567,33.0,"He says, ""What do I know, Claire?",1724.0
1624,151,1712589930679,34.0,Tell me what I'm supposed to know.,1112.0
1624,152,1712589933361,40.0,"I don't know anything except one thing?""",2682.0
1624,153,1712589935781,48.0,He gives me what he thinks is a meaningful look.,2420.0
1624,154,1712589936868,24.0,"""She was dead,"" he says.",1087.0
1624,155,1712589937988,33.0,"""And I'm as sorry as anyone else.",1119.0
1624,156,1712589938760,18.0,"But she was dead.""",772.0
1624,157,1712589939668,26.0,"""That's the point,"" I say.",908.0
1624,158,1712589941274,20.0,He raises his hands.,1606.0
1624,159,1712589942122,40.0,He pushes his chair away from the table.,848.0
1624,160,1712589943938,72.0,He takes out his cigarettes and goes out to the back with a can of beer.,1816.0
1624,161,1712589946602,64.0,I see him sit in the lawn chair and pick up the newspaper again.,2664.0
1624,162,1712589948176,39.0,His name is in there on the first page.,1574.0
1624,163,1712589949129,36.0,Along with the names of his friends.,953.0
1624,164,1712589950296,40.0,I close my eyes and hold on to the sink.,1166.0
1624,165,1712589955854,74.0,Then I rake my arm across the drainboard and send the dishes to the floor.,5558.0
1624,166,1712589956556,16.0,He doesn't move.,702.0
1624,167,1712589957684,18.0,I know he's heard.,1128.0
1624,168,1712589959298,40.0,He lifts his head as if still listening.,1614.0
1624,169,1712589960093,30.0,But he doesn't move otherwise.,795.0
1624,170,1712589960984,23.0,He doesn't turn around.,891.0
1624,171,1712589962638,3.0,***,1654.0
1624,172,1712589969998,88.0,"He and Gordon Johnson and Mel Dorn and Vern Williams, they play poker and bowl and fish.",7360.0
1624,173,1712589980664,85.0,They fish every spring and early summer before visiting relatives can get in the way.,10666.0
1624,174,1712589982310,65.0,"They are decent men, family men, men who take care of their jobs.",1646.0
1624,175,1712589986642,65.0,"They have sons and daughters who go to school with our son, Dean.",4332.0
1624,176,1712589988801,55.0,Last Friday these family men left for the Naches River.,2159.0
1624,177,1712589990610,76.0,They parked the car in the mountains and hiked to where they wanted to fish.,1809.0
1624,178,1712589994138,76.0,"They carried their bedrolls, their food, their playing cards, their whiskey.",3528.0
1624,179,1712589995963,42.0,They saw the girl before they set up camp.,1825.0
1624,180,1712589996930,19.0,Mel Dorn found her.,967.0
1624,181,1712589998098,25.0,No clothes on her at all.,1168.0
1624,182,1712590002907,64.0,She was wedged into some branches that stuck out over the water.,4809.0
1624,183,1712590003958,43.0,He called the others and they came to look.,1051.0
1624,184,1712590005014,29.0,They talked about what to do.,1056.0
1624,185,1712590008341,82.0,One of the men - my Stuart didn't say which - said they should start back at once.,3327.0
1624,186,1712590010892,86.0,"The others stirred the sand with their shoes, said they didn't feel inclined that way.",2551.0
1624,187,1712590015518,82.0,"They pleaded fatigue, the late hour, the fact that the girl wasn't going anywhere.",4626.0
1624,188,1712590016752,47.0,In the end they went ahead and set up the camp.,1233.0
1624,189,1712590017781,42.0,They built a fire and drank their whiskey.,1029.0
1624,190,1712590018836,50.0,"When the moon came up, they talked about the girl.",1055.0
1624,191,1712590020460,59.0,Someone said they should -keep the body from drifting away.,1624.0
1624,192,1712590021936,55.0,They took their flashlights and went back to the river.,1476.0
1624,193,1712590023774,66.0,One of the men - it might have been Stuart - waded in and got her.,1838.0
1624,194,1712590026648,53.0,He took her by the fingers and pulled her into shore.,2874.0
1624,195,1712590029657,87.0,He got some nylon cord and tied it to her wrist and then looped the rest around a tree.,3009.0
1624,196,1712590032860,99.0,"The next morning they cooked breakfast, drank coffee, and drank whiskey, and then split up to fish.",3203.0
1624,197,1712590041458,182.0,"That night they cooked fish, cooked potatoes, drank coffee, drank whiskey, then took their cooking things and eating things back down to the river and washed them where the girl was.",8598.0
1624,198,1712590042226,32.0,They played some cards later on.,768.0
1624,199,1712590045270,55.0,Maybe they played until they couldn't see them anymore.,3044.0
1624,200,1712590046056,28.0,Vern Williams went to sleep.,786.0
1624,201,1712590046930,28.0,But the others told stories.,874.0
1624,202,1712590050731,100.0,Gordon Johnson said the trout they'd caught were hard because of the terrible coldness of the water.,3801.0
1624,203,1712590054757,154.0,"The next morning they got up late, drank whiskey, fished a little, took down their tents, rolled their sleeping bags, gathered their stuff, and hiked out.",4026.0
1624,204,1712590056169,41.0,They drove until they got to a telephone.,1412.0
1624,205,1712590058240,86.0,It was Stuart who made the call while the others stood around in the sun and listened.,2071.0
1624,206,1712590059266,32.0,He gave the sheriff their names.,1026.0
1624,207,1712590059978,25.0,They had nothing to hide.,712.0
1624,208,1712590060530,21.0,They weren't ashamed.,552.0
1624,209,1712590063420,100.0,They said they'd wait until someone could come for better directions and take down their statements.,2890.0
1624,210,1712590063896,3.0,***,476.0
1624,211,1712590065346,30.0,I was asleep when he got home.,1450.0
1624,212,1712590066290,46.0,But I woke up when I heard him in the kitchen.,944.0
1624,213,1712590068264,64.0,I found him leaning against the refrigerator with a can of beer.,1974.0
1624,214,1712590070474,68.0,He put his heavy arms around me and rubbed his big hands on my back.,2210.0
1624,215,1712590074018,85.0,In bed he put his hands on me again and then waited as if thinking of something else.,3544.0
1624,216,1712590075458,28.0,I turned and opened my legs.,1440.0
1624,217,1712590078994,36.0,"Afterwards, I think he stayed awake.",3536.0
1624,218,1712590081686,53.0,He was up that morning before I could get out of bed.,2692.0
1624,219,1712590083032,54.0,"To see if there was something in the paper, I suppose.",1346.0
1624,220,1712590084110,46.0,The telephone began ringing right after eight.,1078.0
1624,221,1712590084754,13.0,"""Go to hell!""",644.0
1624,222,1712590085426,18.0,I heard him shout.,672.0
1624,223,1712590086168,31.0,The telephone rang right again.,742.0
1624,224,1712590087828,59.0,"""I have nothing to add to what I already told the sheriff!""",1660.0
1624,225,1712590088666,29.0,He slammed the receiver down.,838.0
1624,226,1712590089216,27.0,"""What is going on?"" I said.",550.0
1624,227,1712590091250,49.0,It was then that he told me what I just told you.,2034.0
1624,228,1712590091727,3.0,***,477.0
1624,229,1712590092904,44.0,I sweep up the broken dishes and go outside.,1177.0
1624,230,1712590097016,85.0,"He is lying on his back on the grass now, the newspaper and can of beer within reach.",4112.0
1624,231,1712590098476,41.0,"""Stuart, could we go for a drive?"" I say.",1460.0
1624,232,1712590099262,30.0,He rolls over and looks at me.,786.0
1624,233,1712590100312,37.0,"""We'll pick up some beer,"" he says...",1049.0
1624,234,1712590102586,62.0,He gets to his feet and touches me on the hip as he goes past.,2274.0
1624,235,1712590103515,28.0,"""Give me a minute,"" he says.",929.0
1624,236,1712590104608,39.0,We drive through town without speaking.,1093.0
1624,237,1712590105582,39.0,He stops at a roadside market for beer.,974.0
1624,238,1712590114562,54.0,I notice a great stack of papers just inside the door.,8980.0
1624,239,1712590118326,89.0,On the top step a fat woman in a print dress holds out a licorice stick to a little girl.,3764.0
1624,240,1712590120048,66.0,"Later on, we cross Everson Creek and turn into the picnic grounds.",1722.0
1624,241,1712590124012,79.0,The creek runs under the bridge and into a large pond a few hundred yards away.,3964.0
1624,242,1712590125221,28.0,I can see the men out there.,1209.0
1624,243,1712590126158,33.0,I can see them out there fishing.,937.0
1624,244,1712590127856,31.0,So much water so close to home.,1698.0
1624,245,1712590129266,43.0,"I say, ""Why did you have to go miles away?""",1410.0
1624,246,1712590130398,25.0,"""Don't rile me,"" he says.",1132.0
1624,247,1712590133693,29.0,We sit on a bench in the sun.,3295.0
1624,248,1712590134457,25.0,He opens us cans of beer.,764.0
1624,249,1712590135228,25.0,"He says, ""Relax, Claire.""",770.0
1624,250,1712590136324,30.0,"""They said they were innocent.",1096.0
1624,251,1712590137315,27.0,"They said they were crazy.""",991.0
1624,252,1712590137975,15.0,"He says, ""Who?""",659.0
1624,253,1712590139603,38.0,"He says, ""What are you talking about?""",1627.0
1624,254,1712590140436,21.0,"""The Maddox brothers.",833.0
1624,255,1712590142476,54.0,They killed a girl named Arlene Hubly where I grew up.,2040.0
1624,256,1712590145238,60.0,They cut off her head and threw her into the Cle Elum River.,2762.0
1624,257,1712590146194,31.0,"It happened when I was a girl.""",956.0
1624,258,1712590148000,40.0,"""You're going to get me riled,"" he says.",1806.0
1624,259,1712590148643,20.0,I look at the creek.,643.0
1624,260,1712590151833,79.0,"I'm right in it, eyes open, face down, staring at the moss on the bottom, dead.",3190.0
1624,261,1712590153517,62.0,"""I don't know what's wrong with you,"" he says on the way home.",1684.0
1624,262,1712590155696,45.0,"""You're getting me more riled by the minute.""",2178.0
1624,263,1712590156567,34.0,There is nothing I can say to him.,871.0
1624,264,1712590157410,36.0,He tries to concentrate on the road.,843.0
1624,265,1712590158438,47.0,But he keeps looking into the rear-view mirror.,1028.0
1624,266,1712590158966,9.0,He knows.,528.0
1624,267,1712590159557,3.0,***,591.0
1624,268,1712590163151,52.0,Stuart believes he is letting me sleep this morning.,3593.0
1624,269,1712590164420,47.0,But I was awake long before the alarm went off.,1267.0
1624,270,1712590168281,74.0,"I was thinking, lying on the far side of the bed away from his hairy legs.",3861.0
1624,271,1712590171745,78.0,"He gets Dean off for school, and then he shaves, dresses, and leaves for work.",3463.0
1624,272,1712590173042,40.0,Twice he looks in and clears his throat.,1297.0
1624,273,1712590173635,26.0,But I keep my eyes closed.,593.0
1624,274,1712590174474,38.0,In the kitchen I find a note from him.,838.0
1624,275,1712590175407,19.0,"It's signed ""Love.""",933.0
1624,276,1712590178078,74.0,I sit in the breakfast nook and drink coffee and leave a ring on the note.,2671.0
1624,277,1712590180882,67.0,I look at the newspaper and turn it this way and that on the table.,2804.0
1624,278,1712590181978,43.0,Then I skid it close and read what it says.,1096.0
1624,279,1712590183051,38.0,"The body has been identified, claimed.",1073.0
1624,280,1712590189208,155.0,"But it took some examining it, some putting things into it, some cutting, some weighing, some measuring, some putting things back again and sewing them in.",6156.0
1624,281,1712590190390,57.0,I sit for a long time holding the newspaper and thinking.,1182.0
1624,282,1712590192204,51.0,Then I call up to get a chair at the hairdresser's.,1814.0
1624,283,1712590192710,3.0,***,506.0
1624,284,1712590197606,75.0,I sit under the dryer with a magazine on my lap and let Marnie do my nails.,4896.0
1624,285,1712590198543,42.0,"""I am going to a funeral tomorrow,"" I say.",937.0
1624,286,1712590199600,38.0,"""I'm sorry to hear that,"" Marnie says.",1057.0
1624,287,1712590200326,25.0,"""It was a murder,"" I say.",726.0
1624,288,1712590201101,37.0,"""That's the worst kind,"" Marnie says.",774.0
1624,289,1712590202489,35.0,"""We weren't all that close,"" I say.",1388.0
1624,290,1712590203110,15.0,"""But you know?""",621.0
1624,291,1712590204618,45.0,"""We'll get you fixed up for it,"" Marnie says.",1508.0
1624,292,1712590210595,72.0,"That night I make my bed on the sofa, and in the morning I get up first.",5977.0
1624,293,1712590212017,50.0,I put on coffee and fix breakfast while he shaves.,1422.0
1624,294,1712590215948,76.0,"He appears in the kitchen doorway, towel over his bare shoulder, appraising.",3931.0
1624,295,1712590216916,23.0,"""Here's coffee,"" I say.",968.0
1624,296,1712590217778,31.0,"""Eggs'll be ready in a minute.”",862.0
1624,297,1712590219000,37.0,"I wake Dean, and the three of us eat.",1222.0
1624,298,1712590221968,79.0,"Whenever Stuart looks at me, I ask Dean if he wants more milk, more toast, etc.",2968.0
1624,299,1712590226008,56.0,"""I'll call you today,"" Stuart says as he opens the door.",4040.0
1624,300,1712590227817,42.0,"I say, ""I don't think I'll be home today.""",1809.0
1624,301,1712590228462,21.0,"""All right,"" he says.",644.0
1624,302,1712590228978,7.0,"""Sure.""",516.0
1624,303,1712590229664,18.0,I dress carefully.,686.0
1624,304,1712590231008,48.0,I try on a hat and look at myself in the mirror.,1344.0
1624,305,1712590231821,28.0,I write out a note for Dean.,813.0
1624,306,1712590233262,69.0,"Honey, Mommy has things to do this afternoon, but will be back later.",1441.0
1624,307,1712590236209,61.0,You stay in or be in the backyard until one of us comes home.,2947.0
1624,308,1712590236785,11.0,"Love, Mommy",576.0
1624,309,1712590238056,48.0,I look at the word Love and then I underline it.,1271.0
1624,310,1712590239602,29.0,Then I see the word backyard.,1546.0
1624,311,1712590240629,22.0,Is it one word or two?,1027.0
1624,312,1712590241242,3.0,***,613.0
1624,313,1712590245633,121.0,"I drive through farm country, through fields of oats and sugar beets and past apple orchards, cattle grazing in pastures.",4391.0
1624,314,1712590251393,99.0,"Then everything changes, more like shacks than farmhouses and stands of timber instead of orchards.",5760.0
1624,315,1712590253338,78.0,"Then mountains, and on the right, far below, I sometimes see the Naches River.",1944.0
1624,316,1712590256433,64.0,A green pickup comes up behind me and stays behind me for miles.,3095.0
1624,317,1712590259279,55.0,"I keep slowing at the wrong times, hoping he will pass.",2846.0
1624,318,1712590260014,16.0,Then I speed up.,735.0
1624,319,1712590263007,36.0,"But this is at the wrong times, too.",2993.0
1624,320,1712590263879,39.0,I grip the wheel until my fingers hurt.,872.0
1624,321,1712590264858,37.0,On a long clear stretch he goes past.,979.0
1624,322,1712590268381,73.0,"But he drives along beside for a bit, a crewcut man in a blue work shirt.",3523.0
1624,323,1712590269299,24.0,We look each other over.,918.0
1624,324,1712590270781,53.0,"Then he waves, toots his horn, and pulls on up ahead.",1481.0
1624,325,1712590272179,29.0,I slow down and find a place.,1398.0
1624,326,1712590272924,35.0,I pull over and shut off the motor.,745.0
1624,327,1712590274081,42.0,I can hear the river down below the trees.,1157.0
1624,328,1712590275074,35.0,Then I hear the pickup coming back.,993.0
1624,329,1712590276005,41.0,I lock the doors and roll up the windows.,931.0
1624,330,1712590276713,30.0,"""You all right?"" the man says.",708.0
1624,331,1712590277555,21.0,He raps on the glass.,842.0
1624,332,1712590278064,11.0,"""You okay?""",509.0
1624,333,1712590280071,64.0,He leans his arms on the door and brings his face to the window.,2007.0
1624,334,1712590280219,15.0,I stare at him.,148.0
1624,335,1712590280977,30.0,I can't think what else to do.,758.0
1624,336,1712590281702,34.0,"""Is everything all right in there?",725.0
1624,337,1712590282605,31.0,"How come you're all locked up?""",903.0
1624,338,1712590283145,16.0,I shake my head.,539.0
1624,339,1712590283775,24.0,"""Roll down your window.""",630.0
1624,340,1712590286472,64.0,He shakes his head and looks at the highway and then back at me.,2697.0
1624,341,1712590287230,19.0,"""Roll it down now.""",758.0
1624,342,1712590288103,32.0,"""Please,"" I say, ""I have to go.""",873.0
1624,343,1712590289132,50.0,"""Open the door,"" he says as if he isn't listening.",1029.0
1624,344,1712590290503,33.0,"""You're going to choke in there.""",1371.0
1624,345,1712590291597,32.0,"He looks at my breasts, my legs.",1094.0
1624,346,1712590293063,34.0,I can tell that's what he's doing.,1466.0
1624,347,1712590293813,22.0,"""Hey, sugar,"" he says.",750.0
1624,348,1712590294621,31.0,"""I'm just here to help is all.""",808.0
1624,349,1712590295279,3.0,***,658.0
1624,350,1712590298049,52.0,The casket is closed and covered with floral sprays.,2770.0
1624,351,1712590299181,45.0,The organ starts up the minute I take a seat.,1132.0
1624,352,1712590301346,40.0,People are coming in and finding chairs.,2165.0
1624,353,1712590304085,63.0,There's a boy in flared pants and a yellow short-sleeved shirt.,2739.0
1624,354,1712590308074,100.0,A door opens and the family comes in in a group and moves over to a curtained place off to one side.,3988.0
1624,355,1712590309111,39.0,Chairs creak as everybody gets settled.,1037.0
1624,356,1712590315724,83.0,"Directly, a nice blond man in a nice dark suit stands and asks us to bow our heads.",6613.0
1624,357,1712590324173,105.0,"He says a prayer for us, the living, and when he finishes, he says a prayer for the soul of the departed.",8449.0
1624,358,1712590325243,43.0,Along with the others I go past the casket.,1069.0
1624,359,1712590330443,66.0,Then I move out onto the front steps and into the afternoon light.,5200.0
1624,360,1712590334424,66.0,There's a woman who limps as she goes down the stairs ahead of me.,3981.0
1624,361,1712590335744,33.0,On the sidewalk she looks around.,1320.0
1624,362,1712590337061,31.0,"""Well, they got him,"" she says.",1317.0
1624,363,1712590338005,27.0,"""If that's any consolation.",944.0
1624,364,1712590338805,31.0,They arrested him this morning.,800.0
1624,365,1712590339628,38.0,I heard it on the radio before I come.,823.0
1624,366,1712590340801,26.0,"A boy right here in town.""",1173.0
1624,367,1712590341896,42.0,We move a few steps down the hot sidewalk.,1095.0
1624,368,1712590342567,25.0,People are starting cars.,671.0
1624,369,1712590343753,49.0,I put out my hand and hold on to a parking meter.,1186.0
1624,370,1712590345160,36.0,Polished hoods and polished fenders.,1406.0
1624,371,1712590345879,14.0,My head swims.,719.0
1624,372,1712590347643,41.0,"I say, ""They have friends, these killers.",1764.0
1624,373,1712590348287,16.0,"You can't tell.""",644.0
1624,374,1712590350179,70.0,"""I have known that child since she was a little girl,"" the woman says.",1892.0
1624,375,1712590352213,93.0,"""She used to come over and I'd bake cookies for her and let her eat them in front of the TV.""",2033.0
1624,376,1712590352759,3.0,***,546.0
1624,377,1712590354632,76.0,"Back home, Stuart sits at the table with a drink of whiskey in front of him.",1873.0
1624,378,1712590355984,57.0,For a crazy instant I think something's happened to Dean.,1352.0
1624,379,1712590356476,14.0,"""Where is he?""",492.0
1624,380,1712590356890,6.0,I say.,414.0
1624,381,1712590357373,16.0,"""Where is Dean?""",483.0
1624,382,1712590358008,27.0,"""Outside,"" my husband says.",635.0
1624,383,1712590359530,34.0,He drains his glass and stands up.,1521.0
1624,384,1712590360817,40.0,"He says, ""I think I know what you need.""",1287.0
1624,385,1712590364568,138.0,He reaches an arm around my waist and with his other hand he begins to unbutton my jacket and then he goes on to the buttons of my blouse.,3751.0
1624,386,1712590365481,30.0,"""First things first,"" he says.",913.0
1624,387,1712590366191,23.0,He says something else.,710.0
1624,388,1712590366782,27.0,But I don't need to listen.,591.0
1624,389,1712590367968,46.0,I can't hear a thing with so much water going.,1186.0
1624,390,1712590368515,3.0,***,547.0
1683,123,1712619456180,3.0,***,1967.0
1683,124,1712619458387,37.0,My husband eats with a good appetite.,2207.0
1683,125,1712619461235,37.0,But I don't think he's really hungry.,2848.0
1683,126,1712619464883,69.0,"He chews, arms on the table, and stares at something across the room.",3648.0
1683,127,1712619467455,30.0,He looks at me and looks away.,2572.0
1683,128,1712619470834,33.0,He wipes his mouth on the napkin.,3379.0
1683,129,1712619473262,30.0,"He shrugs, and goes on eating.",2428.0
1683,130,1712619475522,42.0,"""What are you staring at me for?"" he says.",2260.0
1683,131,1712619477130,45.0,"""What is it?"" he says and lays down his fork.",1608.0
1683,132,1712619479166,42.0,"""Was I staring?"" I say, and shake my head.",2036.0
1683,133,1712619480686,20.0,The telephone rings.,1520.0
1683,134,1712619481910,27.0,"""Don't answer it,"" he says.",1223.0
1683,135,1712619484466,33.0,"""It might be your mother,"" I say.",2555.0
1683,136,1712619485673,25.0,"""Watch and see,"" he says.",1207.0
1683,137,1712619486821,34.0,I pick up the receiver and listen.,1148.0
1683,138,1712619488413,24.0,My husband stops eating.,1592.0
1683,139,1712619489821,46.0,"""What did I tell you?"" he says when I hang up.",1408.0
1683,140,1712619490993,23.0,He starts to eat again.,1172.0
1683,141,1712619492153,36.0,Then throws his napkin on his plate.,1160.0
1683,142,1712619494469,63.0,"He says, ""Goddamn it, why can't people mind their own business?",2315.0
1683,143,1712619496981,41.0,Tell me what I did wrong and I'll listen!,2512.0
1683,144,1712619498845,28.0,I wasn't the only man there.,1864.0
1683,145,1712619500445,37.0,We talked it over and we all decided.,1600.0
1683,146,1712619502980,29.0,We couldn't just turn around.,2535.0
1683,147,1712619504960,32.0,We were five miles from the car.,1979.0
1683,148,1712619506904,34.0,I won't have you passing judgment.,1943.0
1683,149,1712619508444,13.0,"Do you hear?""",1540.0
1683,150,1712619509300,18.0,"""You know,"" I say.",856.0
1683,151,1712619511324,33.0,"He says, ""What do I know, Claire?",2024.0
1683,152,1712619512553,34.0,Tell me what I'm supposed to know.,1229.0
1683,153,1712619514769,40.0,"I don't know anything except one thing?""",2216.0
1683,154,1712619516519,48.0,He gives me what he thinks is a meaningful look.,1750.0
1683,155,1712619518087,24.0,"""She was dead,"" he says.",1568.0
1683,156,1712619520467,33.0,"""And I'm as sorry as anyone else.",2380.0
1683,157,1712619521343,18.0,"But she was dead.""",876.0
1683,158,1712619522187,26.0,"""That's the point,"" I say.",844.0
1683,159,1712619523223,20.0,He raises his hands.,1036.0
1683,160,1712619524843,40.0,He pushes his chair away from the table.,1620.0
1683,161,1712619527247,72.0,He takes out his cigarettes and goes out to the back with a can of beer.,2404.0
1683,162,1712619528443,64.0,I see him sit in the lawn chair and pick up the newspaper again.,1196.0
1683,163,1712619530003,39.0,His name is in there on the first page.,1560.0
1683,164,1712619531287,36.0,Along with the names of his friends.,1284.0
1683,165,1712619532586,40.0,I close my eyes and hold on to the sink.,1299.0
1683,166,1712619537246,74.0,Then I rake my arm across the drainboard and send the dishes to the floor.,4660.0
1683,167,1712619538034,16.0,He doesn't move.,788.0
1683,168,1712619538986,18.0,I know he's heard.,952.0
1683,169,1712619539958,40.0,He lifts his head as if still listening.,972.0
1683,170,1712619541254,30.0,But he doesn't move otherwise.,1296.0
1683,171,1712619542470,23.0,He doesn't turn around.,1216.0
1683,172,1712619543410,3.0,***,940.0
1683,173,1712619548029,88.0,"He and Gordon Johnson and Mel Dorn and Vern Williams, they play poker and bowl and fish.",4619.0
1683,174,1712619551121,85.0,They fish every spring and early summer before visiting relatives can get in the way.,3092.0
1683,175,1712619553837,65.0,"They are decent men, family men, men who take care of their jobs.",2716.0
1683,176,1712619555277,65.0,"They have sons and daughters who go to school with our son, Dean.",1440.0
1683,177,1712619558129,55.0,Last Friday these family men left for the Naches River.,2852.0
1683,178,1712619560309,76.0,They parked the car in the mountains and hiked to where they wanted to fish.,2180.0
1683,179,1712619562541,76.0,"They carried their bedrolls, their food, their playing cards, their whiskey.",2232.0
1683,180,1712619563920,42.0,They saw the girl before they set up camp.,1379.0
1683,181,1712619565112,19.0,Mel Dorn found her.,1192.0
1683,182,1712619566432,25.0,No clothes on her at all.,1320.0
1683,183,1712619568704,64.0,She was wedged into some branches that stuck out over the water.,2272.0
1683,184,1712619569892,43.0,He called the others and they came to look.,1188.0
1683,185,1712619570764,29.0,They talked about what to do.,872.0
1683,186,1712619575000,82.0,One of the men - my Stuart didn't say which - said they should start back at once.,4236.0
1683,187,1712619577244,86.0,"The others stirred the sand with their shoes, said they didn't feel inclined that way.",2244.0
1683,188,1712619580515,82.0,"They pleaded fatigue, the late hour, the fact that the girl wasn't going anywhere.",3271.0
1683,189,1712619581791,47.0,In the end they went ahead and set up the camp.,1276.0
1683,190,1712619583491,42.0,They built a fire and drank their whiskey.,1700.0
1683,191,1712619584663,50.0,"When the moon came up, they talked about the girl.",1172.0
1683,192,1712619585988,59.0,Someone said they should -keep the body from drifting away.,1325.0
1683,193,1712619587072,55.0,They took their flashlights and went back to the river.,1083.0
1683,194,1712619588319,66.0,One of the men - it might have been Stuart - waded in and got her.,1247.0
1683,195,1712619589419,53.0,He took her by the fingers and pulled her into shore.,1100.0
1683,196,1712619591476,87.0,He got some nylon cord and tied it to her wrist and then looped the rest around a tree.,2056.0
1683,197,1712619595022,99.0,"The next morning they cooked breakfast, drank coffee, and drank whiskey, and then split up to fish.",3546.0
1683,198,1712619600618,182.0,"That night they cooked fish, cooked potatoes, drank coffee, drank whiskey, then took their cooking things and eating things back down to the river and washed them where the girl was.",5596.0
1683,199,1712619601730,32.0,They played some cards later on.,1112.0
1683,200,1712619604138,55.0,Maybe they played until they couldn't see them anymore.,2408.0
1683,201,1712619605074,28.0,Vern Williams went to sleep.,936.0
1683,202,1712619606458,28.0,But the others told stories.,1384.0
1683,203,1712619609510,100.0,Gordon Johnson said the trout they'd caught were hard because of the terrible coldness of the water.,3052.0
1683,204,1712619613930,154.0,"The next morning they got up late, drank whiskey, fished a little, took down their tents, rolled their sleeping bags, gathered their stuff, and hiked out.",4420.0
1683,205,1712619614861,41.0,They drove until they got to a telephone.,931.0
1683,206,1712619616385,86.0,It was Stuart who made the call while the others stood around in the sun and listened.,1524.0
1683,207,1712619617365,32.0,He gave the sheriff their names.,980.0
1683,208,1712619618213,25.0,They had nothing to hide.,848.0
1683,209,1712619619101,21.0,They weren't ashamed.,888.0
1683,210,1712619622633,100.0,They said they'd wait until someone could come for better directions and take down their statements.,3532.0
1683,211,1712619623509,3.0,***,876.0
1683,212,1712619624369,30.0,I was asleep when he got home.,860.0
1683,213,1712619625561,46.0,But I woke up when I heard him in the kitchen.,1191.0
1683,214,1712619626720,64.0,I found him leaning against the refrigerator with a can of beer.,1159.0
1683,215,1712619628800,68.0,He put his heavy arms around me and rubbed his big hands on my back.,2080.0
1683,216,1712619632804,85.0,In bed he put his hands on me again and then waited as if thinking of something else.,4004.0
1683,217,1712619633748,28.0,I turned and opened my legs.,944.0
1683,218,1712619635749,36.0,"Afterwards, I think he stayed awake.",2000.0
1683,219,1712619636956,53.0,He was up that morning before I could get out of bed.,1207.0
1683,220,1712619638132,54.0,"To see if there was something in the paper, I suppose.",1176.0
1683,221,1712619639316,46.0,The telephone began ringing right after eight.,1184.0
1683,222,1712619640220,13.0,"""Go to hell!""",904.0
1683,223,1712619641160,18.0,I heard him shout.,940.0
1683,224,1712619642087,31.0,The telephone rang right again.,927.0
1683,225,1712619644987,59.0,"""I have nothing to add to what I already told the sheriff!""",2900.0
1683,226,1712619645827,29.0,He slammed the receiver down.,840.0
1683,227,1712619646667,27.0,"""What is going on?"" I said.",839.0
1683,228,1712619648279,49.0,It was then that he told me what I just told you.,1612.0
1683,229,1712619649067,3.0,***,788.0
1683,230,1712619650279,44.0,I sweep up the broken dishes and go outside.,1212.0
1683,231,1712619652439,85.0,"He is lying on his back on the grass now, the newspaper and can of beer within reach.",2160.0
1683,232,1712619653535,41.0,"""Stuart, could we go for a drive?"" I say.",1096.0
1683,233,1712619654595,30.0,He rolls over and looks at me.,1060.0
1683,234,1712619655527,37.0,"""We'll pick up some beer,"" he says...",932.0
1683,235,1712619657260,62.0,He gets to his feet and touches me on the hip as he goes past.,1732.0
1683,236,1712619658110,28.0,"""Give me a minute,"" he says.",850.0
1683,237,1712619659082,39.0,We drive through town without speaking.,972.0
1683,238,1712619659978,39.0,He stops at a roadside market for beer.,896.0
1683,239,1712619661054,54.0,I notice a great stack of papers just inside the door.,1076.0
1683,240,1712619664142,89.0,On the top step a fat woman in a print dress holds out a licorice stick to a little girl.,3088.0
1683,241,1712619665854,66.0,"Later on, we cross Everson Creek and turn into the picnic grounds.",1712.0
1683,242,1712619669015,79.0,The creek runs under the bridge and into a large pond a few hundred yards away.,3160.0
1683,243,1712619669831,28.0,I can see the men out there.,816.0
1683,244,1712619670486,33.0,I can see them out there fishing.,655.0
1683,245,1712619672110,31.0,So much water so close to home.,1624.0
1683,246,1712619673090,43.0,"I say, ""Why did you have to go miles away?""",980.0
1683,247,1712619674197,25.0,"""Don't rile me,"" he says.",1107.0
1683,248,1712619675625,29.0,We sit on a bench in the sun.,1427.0
1683,249,1712619676445,25.0,He opens us cans of beer.,820.0
1683,250,1712619677361,25.0,"He says, ""Relax, Claire.""",916.0
1683,251,1712619679146,30.0,"""They said they were innocent.",1785.0
1683,252,1712619680993,27.0,"They said they were crazy.""",1847.0
1683,253,1712619681829,15.0,"He says, ""Who?""",836.0
1683,254,1712619682677,38.0,"He says, ""What are you talking about?""",848.0
1683,255,1712619683417,21.0,"""The Maddox brothers.",740.0
1683,256,1712619685729,54.0,They killed a girl named Arlene Hubly where I grew up.,2312.0
1683,257,1712619689785,60.0,They cut off her head and threw her into the Cle Elum River.,4055.0
1683,258,1712619690629,31.0,"It happened when I was a girl.""",844.0
1683,259,1712619691968,40.0,"""You're going to get me riled,"" he says.",1339.0
1683,260,1712619692600,20.0,I look at the creek.,632.0
1683,261,1712619696396,79.0,"I'm right in it, eyes open, face down, staring at the moss on the bottom, dead.",3795.0
1683,262,1712619697816,62.0,"""I don't know what's wrong with you,"" he says on the way home.",1420.0
1683,263,1712619699380,45.0,"""You're getting me more riled by the minute.""",1564.0
1683,264,1712619700033,34.0,There is nothing I can say to him.,653.0
1683,265,1712619700812,36.0,He tries to concentrate on the road.,779.0
1683,266,1712619701528,47.0,But he keeps looking into the rear-view mirror.,716.0
1683,267,1712619702064,9.0,He knows.,536.0
1683,268,1712619702988,3.0,***,924.0
1683,269,1712619704576,52.0,Stuart believes he is letting me sleep this morning.,1588.0
1683,270,1712619705959,47.0,But I was awake long before the alarm went off.,1383.0
1683,271,1712619708699,74.0,"I was thinking, lying on the far side of the bed away from his hairy legs.",2740.0
1683,272,1712619711211,78.0,"He gets Dean off for school, and then he shaves, dresses, and leaves for work.",2512.0
1683,273,1712619712535,40.0,Twice he looks in and clears his throat.,1324.0
1683,274,1712619713355,26.0,But I keep my eyes closed.,820.0
1683,275,1712619715135,38.0,In the kitchen I find a note from him.,1780.0
1683,276,1712619715991,19.0,"It's signed ""Love.""",856.0
1683,277,1712619717967,74.0,I sit in the breakfast nook and drink coffee and leave a ring on the note.,1976.0
1683,278,1712619719611,67.0,I look at the newspaper and turn it this way and that on the table.,1644.0
1683,279,1712619721754,43.0,Then I skid it close and read what it says.,2143.0
1683,280,1712619722826,38.0,"The body has been identified, claimed.",1072.0
1683,281,1712619727486,155.0,"But it took some examining it, some putting things into it, some cutting, some weighing, some measuring, some putting things back again and sewing them in.",4660.0
1683,282,1712619728690,57.0,I sit for a long time holding the newspaper and thinking.,1204.0
1683,283,1712619730574,51.0,Then I call up to get a chair at the hairdresser's.,1884.0
1683,284,1712619731398,3.0,***,824.0
1683,285,1712619733550,75.0,I sit under the dryer with a magazine on my lap and let Marnie do my nails.,2152.0
1683,286,1712619734838,42.0,"""I am going to a funeral tomorrow,"" I say.",1288.0
1683,287,1712619735678,38.0,"""I'm sorry to hear that,"" Marnie says.",840.0
1683,288,1712619736613,25.0,"""It was a murder,"" I say.",935.0
1683,289,1712619737485,37.0,"""That's the worst kind,"" Marnie says.",872.0
1683,290,1712619738645,35.0,"""We weren't all that close,"" I say.",1160.0
1683,291,1712619739421,15.0,"""But you know?""",776.0
1683,292,1712619740817,45.0,"""We'll get you fixed up for it,"" Marnie says.",1396.0
1683,293,1712619743261,72.0,"That night I make my bed on the sofa, and in the morning I get up first.",2444.0
1683,294,1712619746089,50.0,I put on coffee and fix breakfast while he shaves.,2828.0
1683,295,1712619748145,76.0,"He appears in the kitchen doorway, towel over his bare shoulder, appraising.",2056.0
1683,296,1712619749069,23.0,"""Here's coffee,"" I say.",924.0
1683,297,1712619750085,31.0,"""Eggs'll be ready in a minute.”",1016.0
1683,298,1712619751145,37.0,"I wake Dean, and the three of us eat.",1060.0
1683,299,1712619757188,79.0,"Whenever Stuart looks at me, I ask Dean if he wants more milk, more toast, etc.",6043.0
1683,300,1712619758396,56.0,"""I'll call you today,"" Stuart says as he opens the door.",1208.0
1683,301,1712619759328,42.0,"I say, ""I don't think I'll be home today.""",932.0
1683,302,1712619760024,21.0,"""All right,"" he says.",696.0
1683,303,1712619760892,7.0,"""Sure.""",868.0
1683,304,1712619761516,18.0,I dress carefully.,624.0
1683,305,1712619762540,48.0,I try on a hat and look at myself in the mirror.,1024.0
1683,306,1712619763361,28.0,I write out a note for Dean.,821.0
1683,307,1712619764965,69.0,"Honey, Mommy has things to do this afternoon, but will be back later.",1604.0
1683,308,1712619767372,61.0,You stay in or be in the backyard until one of us comes home.,2407.0
1683,309,1712619768344,11.0,"Love, Mommy",972.0
1683,310,1712619769652,48.0,I look at the word Love and then I underline it.,1308.0
1683,311,1712619770632,29.0,Then I see the word backyard.,980.0
1683,312,1712619771892,22.0,Is it one word or two?,1260.0
1683,313,1712619772764,3.0,***,872.0
1683,314,1712619775624,121.0,"I drive through farm country, through fields of oats and sugar beets and past apple orchards, cattle grazing in pastures.",2860.0
1683,315,1712619779856,99.0,"Then everything changes, more like shacks than farmhouses and stands of timber instead of orchards.",4232.0
1683,316,1712619781928,78.0,"Then mountains, and on the right, far below, I sometimes see the Naches River.",2072.0
1683,317,1712619783467,64.0,A green pickup comes up behind me and stays behind me for miles.,1539.0
1683,318,1712619784879,55.0,"I keep slowing at the wrong times, hoping he will pass.",1412.0
1683,319,1712619785687,16.0,Then I speed up.,808.0
1683,320,1712619786783,36.0,"But this is at the wrong times, too.",1096.0
1683,321,1712619787771,39.0,I grip the wheel until my fingers hurt.,988.0
1683,322,1712619788679,37.0,On a long clear stretch he goes past.,908.0
1683,323,1712619790923,73.0,"But he drives along beside for a bit, a crewcut man in a blue work shirt.",2244.0
1683,324,1712619791671,24.0,We look each other over.,748.0
1683,325,1712619793871,53.0,"Then he waves, toots his horn, and pulls on up ahead.",2200.0
1683,326,1712619794819,29.0,I slow down and find a place.,948.0
1683,327,1712619796331,35.0,I pull over and shut off the motor.,1512.0
1683,328,1712619798055,42.0,I can hear the river down below the trees.,1724.0
1683,329,1712619799134,35.0,Then I hear the pickup coming back.,1079.0
1683,330,1712619800202,41.0,I lock the doors and roll up the windows.,1068.0
1683,331,1712619801166,30.0,"""You all right?"" the man says.",964.0
1683,332,1712619801986,21.0,He raps on the glass.,820.0
1683,333,1712619802966,11.0,"""You okay?""",980.0
1683,334,1712619804074,64.0,He leans his arms on the door and brings his face to the window.,1108.0
1683,335,1712619804918,15.0,I stare at him.,844.0
1683,336,1712619805774,30.0,I can't think what else to do.,856.0
1683,337,1712619806494,34.0,"""Is everything all right in there?",720.0
1683,338,1712619807662,31.0,"How come you're all locked up?""",1168.0
1683,339,1712619808486,16.0,I shake my head.,824.0
1683,340,1712619809366,24.0,"""Roll down your window.""",880.0
1683,341,1712619811654,64.0,He shakes his head and looks at the highway and then back at me.,2288.0
1683,342,1712619812626,19.0,"""Roll it down now.""",972.0
1683,343,1712619813546,32.0,"""Please,"" I say, ""I have to go.""",920.0
1683,344,1712619814713,50.0,"""Open the door,"" he says as if he isn't listening.",1167.0
1683,345,1712619815817,33.0,"""You're going to choke in there.""",1104.0
1683,346,1712619816829,32.0,"He looks at my breasts, my legs.",1012.0
1683,347,1712619817777,34.0,I can tell that's what he's doing.,948.0
1683,348,1712619818557,22.0,"""Hey, sugar,"" he says.",780.0
1683,349,1712619819617,31.0,"""I'm just here to help is all.""",1060.0
1683,350,1712619820513,3.0,***,896.0
1683,351,1712619823553,52.0,The casket is closed and covered with floral sprays.,3040.0
1683,352,1712619824817,45.0,The organ starts up the minute I take a seat.,1264.0
1683,353,1712619825813,40.0,People are coming in and finding chairs.,996.0
1683,354,1712619829237,63.0,There's a boy in flared pants and a yellow short-sleeved shirt.,3424.0
1683,355,1712619832024,100.0,A door opens and the family comes in in a group and moves over to a curtained place off to one side.,2786.0
1683,356,1712619833192,39.0,Chairs creak as everybody gets settled.,1168.0
1683,357,1712619836252,83.0,"Directly, a nice blond man in a nice dark suit stands and asks us to bow our heads.",3060.0
1683,358,1712619839248,105.0,"He says a prayer for us, the living, and when he finishes, he says a prayer for the soul of the departed.",2996.0
1683,359,1712619840640,43.0,Along with the others I go past the casket.,1392.0
1683,360,1712619841976,66.0,Then I move out onto the front steps and into the afternoon light.,1336.0
1683,361,1712619843084,66.0,There's a woman who limps as she goes down the stairs ahead of me.,1108.0
1683,362,1712619843952,33.0,On the sidewalk she looks around.,868.0
1683,363,1712619845152,31.0,"""Well, they got him,"" she says.",1200.0
1683,364,1712619845931,27.0,"""If that's any consolation.",779.0
1683,365,1712619846771,31.0,They arrested him this morning.,840.0
1683,366,1712619847783,38.0,I heard it on the radio before I come.,1012.0
1683,367,1712619848787,26.0,"A boy right here in town.""",1004.0
1683,368,1712619850347,42.0,We move a few steps down the hot sidewalk.,1560.0
1683,369,1712619851235,25.0,People are starting cars.,888.0
1683,370,1712619853235,49.0,I put out my hand and hold on to a parking meter.,2000.0
1683,371,1712619854315,36.0,Polished hoods and polished fenders.,1080.0
1683,372,1712619855187,14.0,My head swims.,872.0
1683,373,1712619857059,41.0,"I say, ""They have friends, these killers.",1872.0
1683,374,1712619858035,16.0,"You can't tell.""",976.0
1683,375,1712619859683,70.0,"""I have known that child since she was a little girl,"" the woman says.",1648.0
1683,376,1712619862430,93.0,"""She used to come over and I'd bake cookies for her and let her eat them in front of the TV.""",2747.0
1683,377,1712619863322,3.0,***,892.0
1683,378,1712619864782,76.0,"Back home, Stuart sits at the table with a drink of whiskey in front of him.",1460.0
1683,379,1712619866054,57.0,For a crazy instant I think something's happened to Dean.,1272.0
1683,380,1712619866718,14.0,"""Where is he?""",664.0
1683,381,1712619867282,6.0,I say.,564.0
1683,382,1712619867778,16.0,"""Where is Dean?""",496.0
1683,383,1712619868542,27.0,"""Outside,"" my husband says.",764.0
1683,384,1712619869538,34.0,He drains his glass and stands up.,996.0
1683,385,1712619870830,40.0,"He says, ""I think I know what you need.""",1292.0
1683,386,1712619873834,138.0,He reaches an arm around my waist and with his other hand he begins to unbutton my jacket and then he goes on to the buttons of my blouse.,3004.0
1683,387,1712619874678,30.0,"""First things first,"" he says.",844.0
1683,388,1712619875262,23.0,He says something else.,584.0
1683,389,1712619876042,27.0,But I don't need to listen.,780.0
1683,390,1712619876850,46.0,I can't hear a thing with so much water going.,808.0
1683,391,1712619877669,3.0,***,819.0
1686,110,1712427976090,3.0,***,1338.0
1686,111,1712427977787,37.0,My husband eats with a good appetite.,1696.0
1686,112,1712427979359,37.0,But I don't think he's really hungry.,1572.0
1686,113,1712427982430,69.0,"He chews, arms on the table, and stares at something across the room.",3071.0
1686,114,1712427984414,30.0,He looks at me and looks away.,1984.0
1686,115,1712427985658,33.0,He wipes his mouth on the napkin.,1244.0
1686,116,1712427987453,30.0,"He shrugs, and goes on eating.",1793.0
1686,117,1712427988807,42.0,"""What are you staring at me for?"" he says.",1354.0
1686,118,1712427990600,45.0,"""What is it?"" he says and lays down his fork.",1793.0
1686,119,1712427992827,42.0,"""Was I staring?"" I say, and shake my head.",2227.0
1686,120,1712427993629,20.0,The telephone rings.,802.0
1686,121,1712427994543,27.0,"""Don't answer it,"" he says.",914.0
1686,122,1712427995423,33.0,"""It might be your mother,"" I say.",879.0
1686,123,1712427996446,25.0,"""Watch and see,"" he says.",1023.0
1686,124,1712427997744,34.0,I pick up the receiver and listen.,1298.0
1686,125,1712427998770,24.0,My husband stops eating.,1026.0
1686,126,1712428000434,46.0,"""What did I tell you?"" he says when I hang up.",1663.0
1686,127,1712428001345,23.0,He starts to eat again.,911.0
1686,128,1712428002903,36.0,Then throws his napkin on his plate.,1558.0
1686,129,1712428004864,63.0,"He says, ""Goddamn it, why can't people mind their own business?",1961.0
1686,130,1712428007239,41.0,Tell me what I did wrong and I'll listen!,2375.0
1686,131,1712428009984,28.0,I wasn't the only man there.,2745.0
1686,132,1712428011316,37.0,We talked it over and we all decided.,1331.0
1686,133,1712428013400,29.0,We couldn't just turn around.,2083.0
1686,134,1712428014947,32.0,We were five miles from the car.,1546.0
1686,135,1712428015868,34.0,I won't have you passing judgment.,921.0
1686,136,1712428016491,13.0,"Do you hear?""",623.0
1686,137,1712428017208,18.0,"""You know,"" I say.",717.0
1686,138,1712428018415,33.0,"He says, ""What do I know, Claire?",1207.0
1686,139,1712428019326,34.0,Tell me what I'm supposed to know.,911.0
1686,140,1712428020385,40.0,"I don't know anything except one thing?""",1059.0
1686,141,1712428022502,48.0,He gives me what he thinks is a meaningful look.,2117.0
1686,142,1712428023510,24.0,"""She was dead,"" he says.",1008.0
1686,143,1712428024629,33.0,"""And I'm as sorry as anyone else.",1119.0
1686,144,1712428025404,18.0,"But she was dead.""",775.0
1686,145,1712428026203,26.0,"""That's the point,"" I say.",799.0
1686,146,1712428027147,20.0,He raises his hands.,943.0
1686,147,1712428028218,40.0,He pushes his chair away from the table.,1071.0
1686,148,1712428030212,72.0,He takes out his cigarettes and goes out to the back with a can of beer.,1994.0
1686,149,1712428032947,64.0,I see him sit in the lawn chair and pick up the newspaper again.,2735.0
1686,150,1712428034171,39.0,His name is in there on the first page.,1224.0
1686,151,1712428035163,36.0,Along with the names of his friends.,991.0
1686,152,1712428037097,40.0,I close my eyes and hold on to the sink.,1934.0
1686,153,1712428040333,74.0,Then I rake my arm across the drainboard and send the dishes to the floor.,3236.0
1686,154,1712428041014,16.0,He doesn't move.,681.0
1686,155,1712428041853,18.0,I know he's heard.,839.0
1686,156,1712428042775,40.0,He lifts his head as if still listening.,922.0
1686,157,1712428043420,30.0,But he doesn't move otherwise.,645.0
1686,158,1712428043985,23.0,He doesn't turn around.,565.0
1686,159,1712428044756,3.0,***,770.0
1686,160,1712428048558,88.0,"He and Gordon Johnson and Mel Dorn and Vern Williams, they play poker and bowl and fish.",3801.0
1686,161,1712428052896,85.0,They fish every spring and early summer before visiting relatives can get in the way.,4338.0
1686,162,1712428055509,65.0,"They are decent men, family men, men who take care of their jobs.",2613.0
1686,163,1712428057364,65.0,"They have sons and daughters who go to school with our son, Dean.",1855.0
1686,164,1712428061283,55.0,Last Friday these family men left for the Naches River.,3919.0
1686,165,1712428063657,76.0,They parked the car in the mountains and hiked to where they wanted to fish.,2374.0
1686,166,1712428066652,76.0,"They carried their bedrolls, their food, their playing cards, their whiskey.",2995.0
1686,167,1712428069228,42.0,They saw the girl before they set up camp.,2576.0
1686,168,1712428070230,19.0,Mel Dorn found her.,1002.0
1686,169,1712428071544,25.0,No clothes on her at all.,1314.0
1686,170,1712428075446,64.0,She was wedged into some branches that stuck out over the water.,3902.0
1686,171,1712428077363,43.0,He called the others and they came to look.,1917.0
1686,172,1712428078302,29.0,They talked about what to do.,939.0
1686,173,1712428082382,82.0,One of the men - my Stuart didn't say which - said they should start back at once.,4080.0
1686,174,1712428086885,86.0,"The others stirred the sand with their shoes, said they didn't feel inclined that way.",4502.0
1686,175,1712428090860,82.0,"They pleaded fatigue, the late hour, the fact that the girl wasn't going anywhere.",3975.0
1686,176,1712428092731,47.0,In the end they went ahead and set up the camp.,1871.0
1686,177,1712428094393,42.0,They built a fire and drank their whiskey.,1662.0
1686,178,1712428096888,50.0,"When the moon came up, they talked about the girl.",2495.0
1686,179,1712428100264,59.0,Someone said they should -keep the body from drifting away.,3376.0
1686,180,1712428101433,55.0,They took their flashlights and went back to the river.,1169.0
1686,181,1712428103468,66.0,One of the men - it might have been Stuart - waded in and got her.,2034.0
1686,182,1712428105558,53.0,He took her by the fingers and pulled her into shore.,2090.0
1686,183,1712428108437,87.0,He got some nylon cord and tied it to her wrist and then looped the rest around a tree.,2879.0
1686,184,1712428113806,99.0,"The next morning they cooked breakfast, drank coffee, and drank whiskey, and then split up to fish.",5368.0
1686,185,1712428121709,182.0,"That night they cooked fish, cooked potatoes, drank coffee, drank whiskey, then took their cooking things and eating things back down to the river and washed them where the girl was.",7902.0
1686,186,1712428123141,32.0,They played some cards later on.,1432.0
1686,187,1712428126596,55.0,Maybe they played until they couldn't see them anymore.,3455.0
1686,188,1712428128209,28.0,Vern Williams went to sleep.,1613.0
1686,189,1712428129459,28.0,But the others told stories.,1250.0
1686,190,1712428133739,100.0,Gordon Johnson said the trout they'd caught were hard because of the terrible coldness of the water.,4280.0
1686,191,1712428141736,154.0,"The next morning they got up late, drank whiskey, fished a little, took down their tents, rolled their sleeping bags, gathered their stuff, and hiked out.",7997.0
1686,192,1712428143222,41.0,They drove until they got to a telephone.,1486.0
1686,193,1712428145972,86.0,It was Stuart who made the call while the others stood around in the sun and listened.,2750.0
1686,194,1712428148573,32.0,He gave the sheriff their names.,2601.0
1686,195,1712428150292,25.0,They had nothing to hide.,1719.0
1686,196,1712428150875,21.0,They weren't ashamed.,582.0
1686,197,1712428155504,100.0,They said they'd wait until someone could come for better directions and take down their statements.,4629.0
1686,198,1712428156200,3.0,***,695.0
1686,199,1712428156988,30.0,I was asleep when he got home.,788.0
1686,200,1712428158871,46.0,But I woke up when I heard him in the kitchen.,1883.0
1686,201,1712428160471,64.0,I found him leaning against the refrigerator with a can of beer.,1600.0
1686,202,1712428163195,68.0,He put his heavy arms around me and rubbed his big hands on my back.,2724.0
1686,203,1712428167401,85.0,In bed he put his hands on me again and then waited as if thinking of something else.,4206.0
1686,204,1712428170213,28.0,I turned and opened my legs.,2812.0
1686,205,1712428172532,36.0,"Afterwards, I think he stayed awake.",2319.0
1686,206,1712428176078,53.0,He was up that morning before I could get out of bed.,3546.0
1686,207,1712428177803,54.0,"To see if there was something in the paper, I suppose.",1725.0
1686,208,1712428179365,46.0,The telephone began ringing right after eight.,1562.0
1686,209,1712428179944,13.0,"""Go to hell!""",579.0
1686,210,1712428180855,18.0,I heard him shout.,911.0
1686,211,1712428181448,31.0,The telephone rang right again.,593.0
1686,212,1712428184032,59.0,"""I have nothing to add to what I already told the sheriff!""",2584.0
1686,213,1712428184921,29.0,He slammed the receiver down.,889.0
1686,214,1712428185429,27.0,"""What is going on?"" I said.",508.0
1686,215,1712428187371,49.0,It was then that he told me what I just told you.,1942.0
1686,216,1712428188068,3.0,***,697.0
1686,217,1712428189991,44.0,I sweep up the broken dishes and go outside.,1923.0
1686,218,1712428193320,85.0,"He is lying on his back on the grass now, the newspaper and can of beer within reach.",3329.0
1686,219,1712428195174,41.0,"""Stuart, could we go for a drive?"" I say.",1854.0
1686,220,1712428196240,30.0,He rolls over and looks at me.,1066.0
1686,221,1712428197795,37.0,"""We'll pick up some beer,"" he says...",1555.0
1686,222,1712428200739,62.0,He gets to his feet and touches me on the hip as he goes past.,2944.0
1686,223,1712428201492,28.0,"""Give me a minute,"" he says.",753.0
1686,224,1712428202961,39.0,We drive through town without speaking.,1469.0
1686,225,1712428204599,39.0,He stops at a roadside market for beer.,1638.0
1686,226,1712428207069,54.0,I notice a great stack of papers just inside the door.,2470.0
1686,227,1712428210468,89.0,On the top step a fat woman in a print dress holds out a licorice stick to a little girl.,3399.0
1686,228,1712428213437,66.0,"Later on, we cross Everson Creek and turn into the picnic grounds.",2969.0
1686,229,1712428218037,79.0,The creek runs under the bridge and into a large pond a few hundred yards away.,4600.0
1686,230,1712428219342,28.0,I can see the men out there.,1305.0
1686,231,1712428221314,33.0,I can see them out there fishing.,1972.0
1686,232,1712428222614,31.0,So much water so close to home.,1300.0
1686,233,1712428225901,43.0,"I say, ""Why did you have to go miles away?""",3287.0
1686,234,1712428227009,25.0,"""Don't rile me,"" he says.",1108.0
1686,235,1712428228845,29.0,We sit on a bench in the sun.,1836.0
1686,236,1712428230554,25.0,He opens us cans of beer.,1709.0
1686,237,1712428231740,25.0,"He says, ""Relax, Claire.""",1186.0
1686,238,1712428233626,30.0,"""They said they were innocent.",1886.0
1686,239,1712428234887,27.0,"They said they were crazy.""",1261.0
1686,240,1712428235524,15.0,"He says, ""Who?""",637.0
1686,241,1712428236553,38.0,"He says, ""What are you talking about?""",1029.0
1686,242,1712428237629,21.0,"""The Maddox brothers.",1076.0
1686,243,1712428240921,54.0,They killed a girl named Arlene Hubly where I grew up.,3292.0
1686,244,1712428245414,60.0,They cut off her head and threw her into the Cle Elum River.,4493.0
1686,245,1712428246355,31.0,"It happened when I was a girl.""",941.0
1686,246,1712428247954,40.0,"""You're going to get me riled,"" he says.",1599.0
1686,247,1712428248436,20.0,I look at the creek.,482.0
1686,248,1712428254062,79.0,"I'm right in it, eyes open, face down, staring at the moss on the bottom, dead.",5626.0
1686,249,1712428257040,62.0,"""I don't know what's wrong with you,"" he says on the way home.",2978.0
1686,250,1712428258716,45.0,"""You're getting me more riled by the minute.""",1675.0
1686,251,1712428259807,34.0,There is nothing I can say to him.,1091.0
1686,252,1712428260792,36.0,He tries to concentrate on the road.,985.0
1686,253,1712428262289,47.0,But he keeps looking into the rear-view mirror.,1497.0
1686,254,1712428263060,9.0,He knows.,771.0
1686,255,1712428263873,3.0,***,813.0
1686,256,1712428268805,52.0,Stuart believes he is letting me sleep this morning.,4932.0
1686,257,1712428270907,47.0,But I was awake long before the alarm went off.,2102.0
1686,258,1712428275677,74.0,"I was thinking, lying on the far side of the bed away from his hairy legs.",4770.0
1686,259,1712428279323,78.0,"He gets Dean off for school, and then he shaves, dresses, and leaves for work.",3646.0
1686,260,1712428281255,40.0,Twice he looks in and clears his throat.,1932.0
1686,261,1712428282022,26.0,But I keep my eyes closed.,767.0
1686,262,1712428283900,38.0,In the kitchen I find a note from him.,1878.0
1686,263,1712428285400,19.0,"It's signed ""Love.""",1500.0
1686,264,1712428291403,74.0,I sit in the breakfast nook and drink coffee and leave a ring on the note.,6003.0
1686,265,1712428294166,67.0,I look at the newspaper and turn it this way and that on the table.,2763.0
1686,266,1712428296981,43.0,Then I skid it close and read what it says.,2815.0
1686,267,1712428298844,38.0,"The body has been identified, claimed.",1863.0
1686,268,1712428305311,155.0,"But it took some examining it, some putting things into it, some cutting, some weighing, some measuring, some putting things back again and sewing them in.",6467.0
1686,269,1712428306619,57.0,I sit for a long time holding the newspaper and thinking.,1307.0
1686,270,1712428310780,51.0,Then I call up to get a chair at the hairdresser's.,4161.0
1686,271,1712428311429,3.0,***,649.0
1686,272,1712428314110,75.0,I sit under the dryer with a magazine on my lap and let Marnie do my nails.,2680.0
1686,273,1712428316643,42.0,"""I am going to a funeral tomorrow,"" I say.",2533.0
1686,274,1712428317678,38.0,"""I'm sorry to hear that,"" Marnie says.",1035.0
1686,275,1712428319237,25.0,"""It was a murder,"" I say.",1559.0
1686,276,1712428320169,37.0,"""That's the worst kind,"" Marnie says.",932.0
1686,277,1712428322026,35.0,"""We weren't all that close,"" I say.",1857.0
1686,278,1712428322559,15.0,"""But you know?""",533.0
1686,279,1712428324658,45.0,"""We'll get you fixed up for it,"" Marnie says.",2099.0
1686,280,1712428329193,72.0,"That night I make my bed on the sofa, and in the morning I get up first.",4535.0
1686,281,1712428332143,50.0,I put on coffee and fix breakfast while he shaves.,2950.0
1686,282,1712428335215,76.0,"He appears in the kitchen doorway, towel over his bare shoulder, appraising.",3072.0
1686,283,1712428336070,23.0,"""Here's coffee,"" I say.",855.0
1686,284,1712428336897,31.0,"""Eggs'll be ready in a minute.”",826.0
1686,285,1712428338041,37.0,"I wake Dean, and the three of us eat.",1144.0
1686,286,1712428343428,79.0,"Whenever Stuart looks at me, I ask Dean if he wants more milk, more toast, etc.",5387.0
1686,287,1712428347448,56.0,"""I'll call you today,"" Stuart says as he opens the door.",4019.0
1686,288,1712428350998,42.0,"I say, ""I don't think I'll be home today.""",3550.0
1686,289,1712428351680,21.0,"""All right,"" he says.",681.0
1686,290,1712428352126,7.0,"""Sure.""",446.0
1686,291,1712428352714,18.0,I dress carefully.,588.0
1686,292,1712428355295,48.0,I try on a hat and look at myself in the mirror.,2581.0
1686,293,1712428356444,28.0,I write out a note for Dean.,1149.0
1686,294,1712428359289,69.0,"Honey, Mommy has things to do this afternoon, but will be back later.",2845.0
1686,295,1712428362883,61.0,You stay in or be in the backyard until one of us comes home.,3594.0
1686,296,1712428363513,11.0,"Love, Mommy",630.0
1686,297,1712428366571,48.0,I look at the word Love and then I underline it.,3058.0
1686,298,1712428368185,29.0,Then I see the word backyard.,1614.0
1686,299,1712428369588,22.0,Is it one word or two?,1403.0
1686,300,1712428370227,3.0,***,639.0
1686,301,1712428375549,121.0,"I drive through farm country, through fields of oats and sugar beets and past apple orchards, cattle grazing in pastures.",5322.0
1686,302,1712428382464,99.0,"Then everything changes, more like shacks than farmhouses and stands of timber instead of orchards.",6914.0
1686,303,1712428386266,78.0,"Then mountains, and on the right, far below, I sometimes see the Naches River.",3802.0
1686,304,1712428389904,64.0,A green pickup comes up behind me and stays behind me for miles.,3638.0
1686,305,1712428392862,55.0,"I keep slowing at the wrong times, hoping he will pass.",2957.0
1686,306,1712428393647,16.0,Then I speed up.,785.0
1686,307,1712428395239,36.0,"But this is at the wrong times, too.",1592.0
1686,308,1712428396139,39.0,I grip the wheel until my fingers hurt.,899.0
1686,309,1712428399362,37.0,On a long clear stretch he goes past.,3222.0
1686,310,1712428403132,73.0,"But he drives along beside for a bit, a crewcut man in a blue work shirt.",3770.0
1686,311,1712428403854,24.0,We look each other over.,722.0
1686,312,1712428405897,53.0,"Then he waves, toots his horn, and pulls on up ahead.",2043.0
1686,313,1712428407959,29.0,I slow down and find a place.,2062.0
1686,314,1712428409465,35.0,I pull over and shut off the motor.,1506.0
1686,315,1712428410660,42.0,I can hear the river down below the trees.,1195.0
1686,316,1712428412244,35.0,Then I hear the pickup coming back.,1584.0
1686,317,1712428415262,41.0,I lock the doors and roll up the windows.,3017.0
1686,318,1712428415983,30.0,"""You all right?"" the man says.",721.0
1686,319,1712428416805,21.0,He raps on the glass.,822.0
1686,320,1712428417412,11.0,"""You okay?""",607.0
1686,321,1712428419925,64.0,He leans his arms on the door and brings his face to the window.,2513.0
1686,322,1712428420538,15.0,I stare at him.,613.0
1686,323,1712428421223,30.0,I can't think what else to do.,684.0
1686,324,1712428422186,34.0,"""Is everything all right in there?",963.0
1686,325,1712428423629,31.0,"How come you're all locked up?""",1443.0
1686,326,1712428424736,16.0,I shake my head.,1107.0
1686,327,1712428425527,24.0,"""Roll down your window.""",791.0
1686,328,1712428428956,64.0,He shakes his head and looks at the highway and then back at me.,3429.0
1686,329,1712428429736,19.0,"""Roll it down now.""",780.0
1686,330,1712428431086,32.0,"""Please,"" I say, ""I have to go.""",1350.0
1686,331,1712428432379,50.0,"""Open the door,"" he says as if he isn't listening.",1293.0
1686,332,1712428433854,33.0,"""You're going to choke in there.""",1475.0
1686,333,1712428438548,32.0,"He looks at my breasts, my legs.",4694.0
1686,334,1712428442493,34.0,I can tell that's what he's doing.,3945.0
1686,335,1712428443876,22.0,"""Hey, sugar,"" he says.",1383.0
1686,336,1712428444853,31.0,"""I'm just here to help is all.""",977.0
1686,337,1712428445349,3.0,***,496.0
1686,338,1712428450484,52.0,The casket is closed and covered with floral sprays.,5135.0
1686,339,1712428452240,45.0,The organ starts up the minute I take a seat.,1756.0
1686,340,1712428453614,40.0,People are coming in and finding chairs.,1374.0
1686,341,1712428456076,63.0,There's a boy in flared pants and a yellow short-sleeved shirt.,2461.0
1686,342,1712428458193,100.0,A door opens and the family comes in in a group and moves over to a curtained place off to one side.,2117.0
1686,343,1712428459325,39.0,Chairs creak as everybody gets settled.,1132.0
1686,344,1712428462353,83.0,"Directly, a nice blond man in a nice dark suit stands and asks us to bow our heads.",3028.0
1686,345,1712428464884,105.0,"He says a prayer for us, the living, and when he finishes, he says a prayer for the soul of the departed.",2531.0
1686,346,1712428466043,43.0,Along with the others I go past the casket.,1158.0
1686,347,1712428469012,66.0,Then I move out onto the front steps and into the afternoon light.,2969.0
1686,348,1712428471737,66.0,There's a woman who limps as she goes down the stairs ahead of me.,2725.0
1686,349,1712428472994,33.0,On the sidewalk she looks around.,1257.0
1686,350,1712428474159,31.0,"""Well, they got him,"" she says.",1165.0
1686,351,1712428475052,27.0,"""If that's any consolation.",893.0
1686,352,1712428475837,31.0,They arrested him this morning.,785.0
1686,353,1712428476667,38.0,I heard it on the radio before I come.,830.0
1686,354,1712428477841,26.0,"A boy right here in town.""",1174.0
1686,355,1712428478953,42.0,We move a few steps down the hot sidewalk.,1112.0
1686,356,1712428479797,25.0,People are starting cars.,843.0
1686,357,1712428483152,49.0,I put out my hand and hold on to a parking meter.,3355.0
1686,358,1712428485883,36.0,Polished hoods and polished fenders.,2731.0
1686,359,1712428486489,14.0,My head swims.,606.0
1686,360,1712428489041,41.0,"I say, ""They have friends, these killers.",2552.0
1686,361,1712428489639,16.0,"You can't tell.""",598.0
1686,362,1712428492553,70.0,"""I have known that child since she was a little girl,"" the woman says.",2914.0
1686,363,1712428495957,93.0,"""She used to come over and I'd bake cookies for her and let her eat them in front of the TV.""",3404.0
1686,364,1712428496618,3.0,***,661.0
1686,365,1712428500509,76.0,"Back home, Stuart sits at the table with a drink of whiskey in front of him.",3891.0
1686,366,1712428503628,57.0,For a crazy instant I think something's happened to Dean.,3118.0
1686,367,1712428504227,14.0,"""Where is he?""",599.0
1686,368,1712428504747,6.0,I say.,520.0
1686,369,1712428505226,16.0,"""Where is Dean?""",479.0
1686,370,1712428505911,27.0,"""Outside,"" my husband says.",685.0
1686,371,1712428506734,34.0,He drains his glass and stands up.,823.0
1686,372,1712428509235,40.0,"He says, ""I think I know what you need.""",2501.0
1686,373,1712428512875,138.0,He reaches an arm around my waist and with his other hand he begins to unbutton my jacket and then he goes on to the buttons of my blouse.,3639.0
1686,374,1712428513822,30.0,"""First things first,"" he says.",947.0
1686,375,1712428514468,23.0,He says something else.,646.0
1686,376,1712428515460,27.0,But I don't need to listen.,992.0
1686,377,1712428518181,46.0,I can't hear a thing with so much water going.,2721.0
1686,378,1712428518689,3.0,***,508.0
1608,102,1712597365301,3.0,***,1940.0
1608,103,1712597366378,37.0,My husband eats with a good appetite.,1077.0
1608,104,1712597367324,37.0,But I don't think he's really hungry.,946.0
1608,105,1712597368975,69.0,"He chews, arms on the table, and stares at something across the room.",1651.0
1608,106,1712597369873,30.0,He looks at me and looks away.,897.0
1608,107,1712597370673,33.0,He wipes his mouth on the napkin.,800.0
1608,108,1712597371311,30.0,"He shrugs, and goes on eating.",638.0
1608,109,1712597372155,42.0,"""What are you staring at me for?"" he says.",844.0
1608,110,1712597372968,45.0,"""What is it?"" he says and lays down his fork.",813.0
1608,111,1712597374509,42.0,"""Was I staring?"" I say, and shake my head.",1540.0
1608,112,1712597375284,20.0,The telephone rings.,775.0
1608,113,1712597376203,27.0,"""Don't answer it,"" he says.",919.0
1608,114,1712597376671,33.0,"""It might be your mother,"" I say.",468.0
1608,115,1712597377122,25.0,"""Watch and see,"" he says.",451.0
1608,116,1712597377558,34.0,I pick up the receiver and listen.,435.0
1608,117,1712597378123,24.0,My husband stops eating.,565.0
1608,118,1712597378988,46.0,"""What did I tell you?"" he says when I hang up.",864.0
1608,119,1712597379561,23.0,He starts to eat again.,573.0
1608,120,1712597380059,36.0,Then throws his napkin on his plate.,498.0
1608,121,1712597381198,63.0,"He says, ""Goddamn it, why can't people mind their own business?",1139.0
1608,122,1712597381723,41.0,Tell me what I did wrong and I'll listen!,525.0
1608,123,1712597382514,28.0,I wasn't the only man there.,791.0
1608,124,1712597383220,37.0,We talked it over and we all decided.,706.0
1608,125,1712597383750,29.0,We couldn't just turn around.,530.0
1608,126,1712597384332,32.0,We were five miles from the car.,582.0
1608,127,1712597384856,34.0,I won't have you passing judgment.,524.0
1608,128,1712597385360,13.0,"Do you hear?""",504.0
1608,129,1712597385750,18.0,"""You know,"" I say.",390.0
1608,130,1712597386567,33.0,"He says, ""What do I know, Claire?",817.0
1608,131,1712597387075,34.0,Tell me what I'm supposed to know.,508.0
1608,132,1712597387654,40.0,"I don't know anything except one thing?""",579.0
1608,133,1712597388174,48.0,He gives me what he thinks is a meaningful look.,519.0
1608,134,1712597388695,24.0,"""She was dead,"" he says.",521.0
1608,135,1712597389274,33.0,"""And I'm as sorry as anyone else.",579.0
1608,136,1712597389755,18.0,"But she was dead.""",481.0
1608,137,1712597390260,26.0,"""That's the point,"" I say.",505.0
1608,138,1712597390737,20.0,He raises his hands.,477.0
1608,139,1712597391326,40.0,He pushes his chair away from the table.,589.0
1608,140,1712597392490,72.0,He takes out his cigarettes and goes out to the back with a can of beer.,1164.0
1608,141,1712597393526,64.0,I see him sit in the lawn chair and pick up the newspaper again.,1035.0
1608,142,1712597394130,39.0,His name is in there on the first page.,604.0
1608,143,1712597394592,36.0,Along with the names of his friends.,462.0
1608,144,1712597395035,40.0,I close my eyes and hold on to the sink.,443.0
1608,145,1712597395591,74.0,Then I rake my arm across the drainboard and send the dishes to the floor.,556.0
1608,146,1712597396084,16.0,He doesn't move.,493.0
1608,147,1712597396526,18.0,I know he's heard.,442.0
1608,148,1712597397026,40.0,He lifts his head as if still listening.,500.0
1608,149,1712597397480,30.0,But he doesn't move otherwise.,454.0
1608,150,1712597397964,23.0,He doesn't turn around.,484.0
1608,151,1712597398612,3.0,***,648.0
1608,152,1712597402836,88.0,"He and Gordon Johnson and Mel Dorn and Vern Williams, they play poker and bowl and fish.",4224.0
1608,153,1712597404220,85.0,They fish every spring and early summer before visiting relatives can get in the way.,1384.0
1608,154,1712597405536,65.0,"They are decent men, family men, men who take care of their jobs.",1316.0
1608,155,1712597406407,65.0,"They have sons and daughters who go to school with our son, Dean.",871.0
1608,156,1712597407541,55.0,Last Friday these family men left for the Naches River.,1133.0
1608,157,1712597408763,76.0,They parked the car in the mountains and hiked to where they wanted to fish.,1222.0
1608,158,1712597409672,76.0,"They carried their bedrolls, their food, their playing cards, their whiskey.",909.0
1608,159,1712597410506,42.0,They saw the girl before they set up camp.,834.0
1608,160,1712597411275,19.0,Mel Dorn found her.,769.0
1608,161,1712597411873,25.0,No clothes on her at all.,598.0
1608,162,1712597412867,64.0,She was wedged into some branches that stuck out over the water.,994.0
1608,163,1712597413792,43.0,He called the others and they came to look.,925.0
1608,164,1712597414303,29.0,They talked about what to do.,511.0
1608,165,1712597415430,82.0,One of the men - my Stuart didn't say which - said they should start back at once.,1127.0
1608,166,1712597416380,86.0,"The others stirred the sand with their shoes, said they didn't feel inclined that way.",950.0
1608,167,1712597418581,82.0,"They pleaded fatigue, the late hour, the fact that the girl wasn't going anywhere.",2201.0
1608,168,1712597419621,47.0,In the end they went ahead and set up the camp.,1040.0
1608,169,1712597420468,42.0,They built a fire and drank their whiskey.,847.0
1608,170,1712597421660,50.0,"When the moon came up, they talked about the girl.",1192.0
1608,171,1712597424201,59.0,Someone said they should -keep the body from drifting away.,2541.0
1608,172,1712597425307,55.0,They took their flashlights and went back to the river.,1106.0
1608,173,1712597426490,66.0,One of the men - it might have been Stuart - waded in and got her.,1183.0
1608,174,1712597427748,53.0,He took her by the fingers and pulled her into shore.,1258.0
1608,175,1712597429230,87.0,He got some nylon cord and tied it to her wrist and then looped the rest around a tree.,1482.0
1608,176,1712597430647,99.0,"The next morning they cooked breakfast, drank coffee, and drank whiskey, and then split up to fish.",1417.0
1608,177,1712597434058,182.0,"That night they cooked fish, cooked potatoes, drank coffee, drank whiskey, then took their cooking things and eating things back down to the river and washed them where the girl was.",3411.0
1608,178,1712597434722,32.0,They played some cards later on.,664.0
1608,179,1712597436513,55.0,Maybe they played until they couldn't see them anymore.,1791.0
1608,180,1712597437191,28.0,Vern Williams went to sleep.,678.0
1608,181,1712597437646,28.0,But the others told stories.,455.0
1608,182,1712597439497,100.0,Gordon Johnson said the trout they'd caught were hard because of the terrible coldness of the water.,1851.0
1608,183,1712597441715,154.0,"The next morning they got up late, drank whiskey, fished a little, took down their tents, rolled their sleeping bags, gathered their stuff, and hiked out.",2217.0
1608,184,1712597442435,41.0,They drove until they got to a telephone.,720.0
1608,185,1712597443522,86.0,It was Stuart who made the call while the others stood around in the sun and listened.,1087.0
1608,186,1712597444231,32.0,He gave the sheriff their names.,709.0
1608,187,1712597444836,25.0,They had nothing to hide.,605.0
1608,188,1712597445345,21.0,They weren't ashamed.,509.0
1608,189,1712597447285,100.0,They said they'd wait until someone could come for better directions and take down their statements.,1940.0
1608,190,1712597447850,3.0,***,565.0
1608,191,1712597448307,30.0,I was asleep when he got home.,457.0
1608,192,1712597448942,46.0,But I woke up when I heard him in the kitchen.,635.0
1608,193,1712597449804,64.0,I found him leaning against the refrigerator with a can of beer.,862.0
1608,194,1712597450369,68.0,He put his heavy arms around me and rubbed his big hands on my back.,565.0
1608,195,1712597451058,85.0,In bed he put his hands on me again and then waited as if thinking of something else.,689.0
1608,196,1712597451649,28.0,I turned and opened my legs.,591.0
1608,197,1712597452190,36.0,"Afterwards, I think he stayed awake.",541.0
1608,198,1712597453174,53.0,He was up that morning before I could get out of bed.,984.0
1608,199,1712597453841,54.0,"To see if there was something in the paper, I suppose.",666.0
1608,200,1712597454418,46.0,The telephone began ringing right after eight.,577.0
1608,201,1712597454985,13.0,"""Go to hell!""",567.0
1608,202,1712597455404,18.0,I heard him shout.,419.0
1608,203,1712597455841,31.0,The telephone rang right again.,437.0
1608,204,1712597456729,59.0,"""I have nothing to add to what I already told the sheriff!""",888.0
1608,205,1712597457327,29.0,He slammed the receiver down.,598.0
1608,206,1712597457768,27.0,"""What is going on?"" I said.",441.0
1608,207,1712597458262,49.0,It was then that he told me what I just told you.,494.0
1608,208,1712597458721,3.0,***,459.0
1608,209,1712597459361,44.0,I sweep up the broken dishes and go outside.,640.0
1608,210,1712597460134,85.0,"He is lying on his back on the grass now, the newspaper and can of beer within reach.",773.0
1608,211,1712597460673,41.0,"""Stuart, could we go for a drive?"" I say.",539.0
1608,212,1712597461286,30.0,He rolls over and looks at me.,613.0
1608,213,1712597461991,37.0,"""We'll pick up some beer,"" he says...",705.0
1608,214,1712597462965,62.0,He gets to his feet and touches me on the hip as he goes past.,974.0
1608,215,1712597463533,28.0,"""Give me a minute,"" he says.",568.0
1608,216,1712597464042,39.0,We drive through town without speaking.,509.0
1608,217,1712597464467,39.0,He stops at a roadside market for beer.,425.0
1608,218,1712597465104,54.0,I notice a great stack of papers just inside the door.,637.0
1608,219,1712597466197,89.0,On the top step a fat woman in a print dress holds out a licorice stick to a little girl.,1093.0
1608,220,1712597466998,66.0,"Later on, we cross Everson Creek and turn into the picnic grounds.",801.0
1608,221,1712597468062,79.0,The creek runs under the bridge and into a large pond a few hundred yards away.,1063.0
1608,222,1712597468599,28.0,I can see the men out there.,537.0
1608,223,1712597469038,33.0,I can see them out there fishing.,439.0
1608,224,1712597469498,31.0,So much water so close to home.,460.0
1608,225,1712597469941,43.0,"I say, ""Why did you have to go miles away?""",443.0
1608,226,1712597470614,25.0,"""Don't rile me,"" he says.",673.0
1608,227,1712597471073,29.0,We sit on a bench in the sun.,459.0
1608,228,1712597471479,25.0,He opens us cans of beer.,406.0
1608,229,1712597472047,25.0,"He says, ""Relax, Claire.""",568.0
1608,230,1712597472449,30.0,"""They said they were innocent.",402.0
1608,231,1712597472929,27.0,"They said they were crazy.""",480.0
1608,232,1712597473370,15.0,"He says, ""Who?""",441.0
1608,233,1712597473802,38.0,"He says, ""What are you talking about?""",431.0
1608,234,1712597474205,21.0,"""The Maddox brothers.",403.0
1608,235,1712597475879,54.0,They killed a girl named Arlene Hubly where I grew up.,1674.0
1608,236,1712597477211,60.0,They cut off her head and threw her into the Cle Elum River.,1331.0
1608,237,1712597478335,31.0,"It happened when I was a girl.""",1124.0
1608,238,1712597479343,40.0,"""You're going to get me riled,"" he says.",1008.0
1608,239,1712597479852,20.0,I look at the creek.,509.0
1608,240,1712597480941,79.0,"I'm right in it, eyes open, face down, staring at the moss on the bottom, dead.",1089.0
1608,241,1712597482026,62.0,"""I don't know what's wrong with you,"" he says on the way home.",1085.0
1608,242,1712597482888,45.0,"""You're getting me more riled by the minute.""",862.0
1608,243,1712597483547,34.0,There is nothing I can say to him.,658.0
1608,244,1712597484083,36.0,He tries to concentrate on the road.,536.0
1608,245,1712597484512,47.0,But he keeps looking into the rear-view mirror.,429.0
1608,246,1712597484920,9.0,He knows.,408.0
1608,247,1712597485287,3.0,***,367.0
1608,248,1712597486095,52.0,Stuart believes he is letting me sleep this morning.,808.0
1608,249,1712597486473,47.0,But I was awake long before the alarm went off.,378.0
1608,250,1712597486705,74.0,"I was thinking, lying on the far side of the bed away from his hairy legs.",232.0
1608,251,1712597486890,78.0,"He gets Dean off for school, and then he shaves, dresses, and leaves for work.",184.0
1608,252,1712597487274,40.0,Twice he looks in and clears his throat.,384.0
1608,253,1712597488103,26.0,But I keep my eyes closed.,829.0
1608,254,1712597488686,38.0,In the kitchen I find a note from him.,583.0
1608,255,1712597489205,19.0,"It's signed ""Love.""",519.0
1608,256,1712597489976,74.0,I sit in the breakfast nook and drink coffee and leave a ring on the note.,771.0
1608,257,1712597490633,67.0,I look at the newspaper and turn it this way and that on the table.,657.0
1608,258,1712597491229,43.0,Then I skid it close and read what it says.,596.0
1608,259,1712597491837,38.0,"The body has been identified, claimed.",608.0
1608,260,1712597494982,155.0,"But it took some examining it, some putting things into it, some cutting, some weighing, some measuring, some putting things back again and sewing them in.",3145.0
1608,261,1712597495771,57.0,I sit for a long time holding the newspaper and thinking.,789.0
1608,262,1712597496646,51.0,Then I call up to get a chair at the hairdresser's.,874.0
1608,263,1712597497028,3.0,***,382.0
1608,264,1712597497966,75.0,I sit under the dryer with a magazine on my lap and let Marnie do my nails.,938.0
1608,265,1712597498885,42.0,"""I am going to a funeral tomorrow,"" I say.",918.0
1608,266,1712597499445,38.0,"""I'm sorry to hear that,"" Marnie says.",560.0
1608,267,1712597499910,25.0,"""It was a murder,"" I say.",465.0
1608,268,1712597500726,37.0,"""That's the worst kind,"" Marnie says.",816.0
1608,269,1712597501502,35.0,"""We weren't all that close,"" I say.",776.0
1608,270,1712597502245,15.0,"""But you know?""",743.0
1608,271,1712597503266,45.0,"""We'll get you fixed up for it,"" Marnie says.",1021.0
1608,272,1712597504345,72.0,"That night I make my bed on the sofa, and in the morning I get up first.",1079.0
1608,273,1712597505052,50.0,I put on coffee and fix breakfast while he shaves.,707.0
1608,274,1712597505933,76.0,"He appears in the kitchen doorway, towel over his bare shoulder, appraising.",881.0
1608,275,1712597506509,23.0,"""Here's coffee,"" I say.",576.0
1608,276,1712597507048,31.0,"""Eggs'll be ready in a minute.”",539.0
1608,277,1712597508295,37.0,"I wake Dean, and the three of us eat.",1247.0
1608,278,1712597509107,79.0,"Whenever Stuart looks at me, I ask Dean if he wants more milk, more toast, etc.",812.0
1608,279,1712597511054,56.0,"""I'll call you today,"" Stuart says as he opens the door.",1947.0
1608,280,1712597511738,42.0,"I say, ""I don't think I'll be home today.""",683.0
1608,281,1712597512314,21.0,"""All right,"" he says.",576.0
1608,282,1712597512707,7.0,"""Sure.""",393.0
1608,283,1712597513082,18.0,I dress carefully.,375.0
1608,284,1712597514507,48.0,I try on a hat and look at myself in the mirror.,1425.0
1608,285,1712597515218,28.0,I write out a note for Dean.,711.0
1608,286,1712597516677,69.0,"Honey, Mommy has things to do this afternoon, but will be back later.",1459.0
1608,287,1712597517468,61.0,You stay in or be in the backyard until one of us comes home.,791.0
1608,288,1712597517987,11.0,"Love, Mommy",519.0
1608,289,1712597518697,48.0,I look at the word Love and then I underline it.,710.0
1608,290,1712597519240,29.0,Then I see the word backyard.,543.0
1608,291,1712597519741,22.0,Is it one word or two?,501.0
1608,292,1712597520178,3.0,***,436.0
1608,293,1712597521745,121.0,"I drive through farm country, through fields of oats and sugar beets and past apple orchards, cattle grazing in pastures.",1567.0
1608,294,1712597523160,99.0,"Then everything changes, more like shacks than farmhouses and stands of timber instead of orchards.",1415.0
1608,295,1712597524101,78.0,"Then mountains, and on the right, far below, I sometimes see the Naches River.",940.0
1608,296,1712597525719,64.0,A green pickup comes up behind me and stays behind me for miles.,1618.0
1608,297,1712597529081,55.0,"I keep slowing at the wrong times, hoping he will pass.",3362.0
1608,298,1712597529687,16.0,Then I speed up.,606.0
1608,299,1712597531108,36.0,"But this is at the wrong times, too.",1421.0
1608,300,1712597531802,39.0,I grip the wheel until my fingers hurt.,693.0
1608,301,1712597532758,37.0,On a long clear stretch he goes past.,956.0
1608,302,1712597534518,73.0,"But he drives along beside for a bit, a crewcut man in a blue work shirt.",1760.0
1608,303,1712597535295,24.0,We look each other over.,777.0
1608,304,1712597536649,53.0,"Then he waves, toots his horn, and pulls on up ahead.",1354.0
1608,305,1712597537458,29.0,I slow down and find a place.,808.0
1608,306,1712597538149,35.0,I pull over and shut off the motor.,691.0
1608,307,1712597538922,42.0,I can hear the river down below the trees.,773.0
1608,308,1712597539423,35.0,Then I hear the pickup coming back.,501.0
1608,309,1712597540069,41.0,I lock the doors and roll up the windows.,646.0
1608,310,1712597540702,30.0,"""You all right?"" the man says.",633.0
1608,311,1712597541293,21.0,He raps on the glass.,591.0
1608,312,1712597541723,11.0,"""You okay?""",430.0
1608,313,1712597542864,64.0,He leans his arms on the door and brings his face to the window.,1140.0
1608,314,1712597543360,15.0,I stare at him.,496.0
1608,315,1712597543800,30.0,I can't think what else to do.,440.0
1608,316,1712597544355,34.0,"""Is everything all right in there?",555.0
1608,317,1712597545294,31.0,"How come you're all locked up?""",939.0
1608,318,1712597545771,16.0,I shake my head.,477.0
1608,319,1712597546280,24.0,"""Roll down your window.""",509.0
1608,320,1712597549025,64.0,He shakes his head and looks at the highway and then back at me.,2745.0
1608,321,1712597549709,19.0,"""Roll it down now.""",684.0
1608,322,1712597550353,32.0,"""Please,"" I say, ""I have to go.""",644.0
1608,323,1712597551586,50.0,"""Open the door,"" he says as if he isn't listening.",1233.0
1608,324,1712597553098,33.0,"""You're going to choke in there.""",1512.0
1608,325,1712597554090,32.0,"He looks at my breasts, my legs.",991.0
1608,326,1712597554789,34.0,I can tell that's what he's doing.,699.0
1608,327,1712597555282,22.0,"""Hey, sugar,"" he says.",493.0
1608,328,1712597556059,31.0,"""I'm just here to help is all.""",777.0
1608,329,1712597556515,3.0,***,456.0
1608,330,1712597557281,52.0,The casket is closed and covered with floral sprays.,766.0
1608,331,1712597557925,45.0,The organ starts up the minute I take a seat.,644.0
1608,332,1712597559132,40.0,People are coming in and finding chairs.,1207.0
1608,333,1712597560451,63.0,There's a boy in flared pants and a yellow short-sleeved shirt.,1318.0
1608,334,1712597562781,100.0,A door opens and the family comes in in a group and moves over to a curtained place off to one side.,2330.0
1608,335,1712597563770,39.0,Chairs creak as everybody gets settled.,989.0
1608,336,1712597565248,83.0,"Directly, a nice blond man in a nice dark suit stands and asks us to bow our heads.",1477.0
1608,337,1712597566402,105.0,"He says a prayer for us, the living, and when he finishes, he says a prayer for the soul of the departed.",1154.0
1608,338,1712597567012,43.0,Along with the others I go past the casket.,610.0
1608,339,1712597567596,66.0,Then I move out onto the front steps and into the afternoon light.,584.0
1608,340,1712597568133,66.0,There's a woman who limps as she goes down the stairs ahead of me.,537.0
1608,341,1712597569032,33.0,On the sidewalk she looks around.,899.0
1608,342,1712597570430,31.0,"""Well, they got him,"" she says.",1397.0
1608,343,1712597571162,27.0,"""If that's any consolation.",732.0
1608,344,1712597571872,31.0,They arrested him this morning.,710.0
1608,345,1712597572512,38.0,I heard it on the radio before I come.,640.0
1608,346,1712597573092,26.0,"A boy right here in town.""",579.0
1608,347,1712597574311,42.0,We move a few steps down the hot sidewalk.,1219.0
1608,348,1712597575026,25.0,People are starting cars.,715.0
1608,349,1712597575652,49.0,I put out my hand and hold on to a parking meter.,626.0
1608,350,1712597576316,36.0,Polished hoods and polished fenders.,663.0
1608,351,1712597576845,14.0,My head swims.,529.0
1608,352,1712597578351,41.0,"I say, ""They have friends, these killers.",1506.0
1608,353,1712597579125,16.0,"You can't tell.""",774.0
1608,354,1712597581680,70.0,"""I have known that child since she was a little girl,"" the woman says.",2555.0
1608,355,1712597582875,93.0,"""She used to come over and I'd bake cookies for her and let her eat them in front of the TV.""",1195.0
1608,356,1712597583416,3.0,***,541.0
1608,357,1712597584783,76.0,"Back home, Stuart sits at the table with a drink of whiskey in front of him.",1367.0
1608,358,1712597585984,57.0,For a crazy instant I think something's happened to Dean.,1201.0
1608,359,1712597586498,14.0,"""Where is he?""",514.0
1608,360,1712597586899,6.0,I say.,401.0
1608,361,1712597587303,16.0,"""Where is Dean?""",404.0
1608,362,1712597587706,27.0,"""Outside,"" my husband says.",403.0
1608,363,1712597588151,34.0,He drains his glass and stands up.,445.0
1608,364,1712597588494,40.0,"He says, ""I think I know what you need.""",343.0
1608,365,1712597589760,138.0,He reaches an arm around my waist and with his other hand he begins to unbutton my jacket and then he goes on to the buttons of my blouse.,1266.0
1608,366,1712597590306,30.0,"""First things first,"" he says.",545.0
1608,367,1712597590738,23.0,He says something else.,432.0
1608,368,1712597591130,27.0,But I don't need to listen.,392.0
1608,369,1712597591525,46.0,I can't hear a thing with so much water going.,395.0
1608,370,1712597591925,3.0,***,400.0
1614,105,1712614118278,3.0,***,1423.0
1614,106,1712614119534,37.0,My husband eats with a good appetite.,1256.0
1614,107,1712614120967,37.0,But I don't think he's really hungry.,1433.0
1614,108,1712614128095,69.0,"He chews, arms on the table, and stares at something across the room.",7128.0
1614,109,1712614129145,30.0,He looks at me and looks away.,1050.0
1614,110,1712614130187,33.0,He wipes his mouth on the napkin.,1042.0
1614,111,1712614131584,30.0,"He shrugs, and goes on eating.",1397.0
1614,112,1712614132666,42.0,"""What are you staring at me for?"" he says.",1082.0
1614,113,1712614134018,45.0,"""What is it?"" he says and lays down his fork.",1352.0
1614,114,1712614136413,42.0,"""Was I staring?"" I say, and shake my head.",2395.0
1614,115,1712614137034,20.0,The telephone rings.,621.0
1614,116,1712614137856,27.0,"""Don't answer it,"" he says.",821.0
1614,117,1712614138738,33.0,"""It might be your mother,"" I say.",881.0
1614,118,1712614139649,25.0,"""Watch and see,"" he says.",911.0
1614,119,1712614140725,34.0,I pick up the receiver and listen.,1076.0
1614,120,1712614141565,24.0,My husband stops eating.,840.0
1614,121,1712614142658,46.0,"""What did I tell you?"" he says when I hang up.",1093.0
1614,122,1712614144251,23.0,He starts to eat again.,1593.0
1614,123,1712614145570,36.0,Then throws his napkin on his plate.,1318.0
1614,124,1712614147427,63.0,"He says, ""Goddamn it, why can't people mind their own business?",1857.0
1614,125,1712614148735,41.0,Tell me what I did wrong and I'll listen!,1308.0
1614,126,1712614149960,28.0,I wasn't the only man there.,1225.0
1614,127,1712614151567,37.0,We talked it over and we all decided.,1607.0
1614,128,1712614152658,29.0,We couldn't just turn around.,1091.0
1614,129,1712614153612,32.0,We were five miles from the car.,954.0
1614,130,1712614155106,34.0,I won't have you passing judgment.,1494.0
1614,131,1712614155777,13.0,"Do you hear?""",671.0
1614,132,1712614157135,18.0,"""You know,"" I say.",1358.0
1614,133,1712614160248,33.0,"He says, ""What do I know, Claire?",3113.0
1614,134,1712614161308,34.0,Tell me what I'm supposed to know.,1060.0
1614,135,1712614162552,40.0,"I don't know anything except one thing?""",1244.0
1614,136,1712614164488,48.0,He gives me what he thinks is a meaningful look.,1936.0
1614,137,1712614165424,24.0,"""She was dead,"" he says.",936.0
1614,138,1712614168197,33.0,"""And I'm as sorry as anyone else.",2773.0
1614,139,1712614169024,18.0,"But she was dead.""",827.0
1614,140,1712614170107,26.0,"""That's the point,"" I say.",1083.0
1614,141,1712614170864,20.0,He raises his hands.,757.0
1614,142,1712614172197,40.0,He pushes his chair away from the table.,1332.0
1614,143,1712614175359,72.0,He takes out his cigarettes and goes out to the back with a can of beer.,3162.0
1614,144,1712614178090,64.0,I see him sit in the lawn chair and pick up the newspaper again.,2731.0
1614,145,1712614179289,39.0,His name is in there on the first page.,1199.0
1614,146,1712614180266,36.0,Along with the names of his friends.,976.0
1614,147,1712614181498,40.0,I close my eyes and hold on to the sink.,1232.0
1614,148,1712614184539,74.0,Then I rake my arm across the drainboard and send the dishes to the floor.,3041.0
1614,149,1712614185197,16.0,He doesn't move.,658.0
1614,150,1712614185759,18.0,I know he's heard.,562.0
1614,151,1712614187102,40.0,He lifts his head as if still listening.,1343.0
1614,152,1712614188386,30.0,But he doesn't move otherwise.,1284.0
1614,153,1712614189056,23.0,He doesn't turn around.,670.0
1614,154,1712614189670,3.0,***,614.0
1614,155,1712614194666,88.0,"He and Gordon Johnson and Mel Dorn and Vern Williams, they play poker and bowl and fish.",4996.0
1614,156,1712614197684,85.0,They fish every spring and early summer before visiting relatives can get in the way.,3018.0
1614,157,1712614199455,65.0,"They are decent men, family men, men who take care of their jobs.",1770.0
1614,158,1712614202227,65.0,"They have sons and daughters who go to school with our son, Dean.",2772.0
1614,159,1712614203924,55.0,Last Friday these family men left for the Naches River.,1696.0
1614,160,1712614205830,76.0,They parked the car in the mountains and hiked to where they wanted to fish.,1906.0
1614,161,1712614207370,76.0,"They carried their bedrolls, their food, their playing cards, their whiskey.",1540.0
1614,162,1712614208973,42.0,They saw the girl before they set up camp.,1603.0
1614,163,1712614209993,19.0,Mel Dorn found her.,1020.0
1614,164,1712614210630,25.0,No clothes on her at all.,637.0
1614,165,1712614212190,64.0,She was wedged into some branches that stuck out over the water.,1560.0
1614,166,1712614213524,43.0,He called the others and they came to look.,1333.0
1614,167,1712614214199,29.0,They talked about what to do.,675.0
1614,168,1712614216678,82.0,One of the men - my Stuart didn't say which - said they should start back at once.,2479.0
1614,169,1712614219634,86.0,"The others stirred the sand with their shoes, said they didn't feel inclined that way.",2956.0
1614,170,1712614223395,82.0,"They pleaded fatigue, the late hour, the fact that the girl wasn't going anywhere.",3761.0
1614,171,1712614224767,47.0,In the end they went ahead and set up the camp.,1372.0
1614,172,1712614225874,42.0,They built a fire and drank their whiskey.,1107.0
1614,173,1712614227429,50.0,"When the moon came up, they talked about the girl.",1555.0
1614,174,1712614228914,59.0,Someone said they should -keep the body from drifting away.,1484.0
1614,175,1712614230348,55.0,They took their flashlights and went back to the river.,1434.0
1614,176,1712614232062,66.0,One of the men - it might have been Stuart - waded in and got her.,1714.0
1614,177,1712614235569,53.0,He took her by the fingers and pulled her into shore.,3506.0
1614,178,1712614237951,87.0,He got some nylon cord and tied it to her wrist and then looped the rest around a tree.,2382.0
1614,179,1712614239713,99.0,"The next morning they cooked breakfast, drank coffee, and drank whiskey, and then split up to fish.",1762.0
1614,180,1712614241441,182.0,"That night they cooked fish, cooked potatoes, drank coffee, drank whiskey, then took their cooking things and eating things back down to the river and washed them where the girl was.",1728.0
1614,181,1712614242237,32.0,They played some cards later on.,796.0
1614,182,1712614243749,55.0,Maybe they played until they couldn't see them anymore.,1512.0
1614,183,1712614245068,28.0,Vern Williams went to sleep.,1319.0
1614,184,1712614245774,28.0,But the others told stories.,706.0
1614,185,1712614252884,100.0,Gordon Johnson said the trout they'd caught were hard because of the terrible coldness of the water.,7110.0
1614,186,1712614255182,154.0,"The next morning they got up late, drank whiskey, fished a little, took down their tents, rolled their sleeping bags, gathered their stuff, and hiked out.",2297.0
1614,187,1712614256079,41.0,They drove until they got to a telephone.,897.0
1614,188,1712614258067,86.0,It was Stuart who made the call while the others stood around in the sun and listened.,1988.0
1614,189,1712614258994,32.0,He gave the sheriff their names.,927.0
1614,190,1712614259718,25.0,They had nothing to hide.,724.0
1614,191,1712614260267,21.0,They weren't ashamed.,549.0
1614,192,1712614264195,100.0,They said they'd wait until someone could come for better directions and take down their statements.,3928.0
1614,193,1712614264703,3.0,***,508.0
1614,194,1712614265430,30.0,I was asleep when he got home.,727.0
1614,195,1712614266477,46.0,But I woke up when I heard him in the kitchen.,1047.0
1614,196,1712614267877,64.0,I found him leaning against the refrigerator with a can of beer.,1399.0
1614,197,1712614269724,68.0,He put his heavy arms around me and rubbed his big hands on my back.,1847.0
1614,198,1712614273116,85.0,In bed he put his hands on me again and then waited as if thinking of something else.,3391.0
1614,199,1712614274428,28.0,I turned and opened my legs.,1312.0
1614,200,1712614275277,36.0,"Afterwards, I think he stayed awake.",849.0
1614,201,1712614277456,53.0,He was up that morning before I could get out of bed.,2179.0
1614,202,1712614278815,54.0,"To see if there was something in the paper, I suppose.",1359.0
1614,203,1712614279975,46.0,The telephone began ringing right after eight.,1160.0
1614,204,1712614280582,13.0,"""Go to hell!""",607.0
1614,205,1712614281101,18.0,I heard him shout.,518.0
1614,206,1712614281716,31.0,The telephone rang right again.,615.0
1614,207,1712614283318,59.0,"""I have nothing to add to what I already told the sheriff!""",1602.0
1614,208,1712614284098,29.0,He slammed the receiver down.,780.0
1614,209,1712614284672,27.0,"""What is going on?"" I said.",574.0
1614,210,1712614286563,49.0,It was then that he told me what I just told you.,1891.0
1614,211,1712614286987,3.0,***,423.0
1614,212,1712614288660,44.0,I sweep up the broken dishes and go outside.,1673.0
1614,213,1712614291348,85.0,"He is lying on his back on the grass now, the newspaper and can of beer within reach.",2688.0
1614,214,1712614292737,41.0,"""Stuart, could we go for a drive?"" I say.",1389.0
1614,215,1712614293389,30.0,He rolls over and looks at me.,652.0
1614,216,1712614294497,37.0,"""We'll pick up some beer,"" he says...",1108.0
1614,217,1712614296909,62.0,He gets to his feet and touches me on the hip as he goes past.,2412.0
1614,218,1712614297690,28.0,"""Give me a minute,"" he says.",781.0
1614,219,1712614298830,39.0,We drive through town without speaking.,1139.0
1614,220,1712614299969,39.0,He stops at a roadside market for beer.,1139.0
1614,221,1712614301946,54.0,I notice a great stack of papers just inside the door.,1977.0
1614,222,1712614305439,89.0,On the top step a fat woman in a print dress holds out a licorice stick to a little girl.,3493.0
1614,223,1712614307011,66.0,"Later on, we cross Everson Creek and turn into the picnic grounds.",1572.0
1614,224,1712614308623,79.0,The creek runs under the bridge and into a large pond a few hundred yards away.,1612.0
1614,225,1712614309644,28.0,I can see the men out there.,1021.0
1614,226,1712614310458,33.0,I can see them out there fishing.,814.0
1614,227,1712614311234,31.0,So much water so close to home.,776.0
1614,228,1712614313421,43.0,"I say, ""Why did you have to go miles away?""",2187.0
1614,229,1712614314271,25.0,"""Don't rile me,"" he says.",850.0
1614,230,1712614315147,29.0,We sit on a bench in the sun.,876.0
1614,231,1712614315875,25.0,He opens us cans of beer.,728.0
1614,232,1712614316968,25.0,"He says, ""Relax, Claire.""",1092.0
1614,233,1712614317786,30.0,"""They said they were innocent.",818.0
1614,234,1712614319569,27.0,"They said they were crazy.""",1783.0
1614,235,1712614320299,15.0,"He says, ""Who?""",729.0
1614,236,1712614321532,38.0,"He says, ""What are you talking about?""",1233.0
1614,237,1712614322751,21.0,"""The Maddox brothers.",1218.0
1614,238,1712614325580,54.0,They killed a girl named Arlene Hubly where I grew up.,2828.0
1614,239,1712614327390,60.0,They cut off her head and threw her into the Cle Elum River.,1810.0
1614,240,1712614328488,31.0,"It happened when I was a girl.""",1098.0
1614,241,1712614330756,40.0,"""You're going to get me riled,"" he says.",2268.0
1614,242,1712614331420,20.0,I look at the creek.,664.0
1614,243,1712614335283,79.0,"I'm right in it, eyes open, face down, staring at the moss on the bottom, dead.",3863.0
1614,244,1712614337213,62.0,"""I don't know what's wrong with you,"" he says on the way home.",1930.0
1614,245,1712614339159,45.0,"""You're getting me more riled by the minute.""",1946.0
1614,246,1712614339959,34.0,There is nothing I can say to him.,799.0
1614,247,1712614340864,36.0,He tries to concentrate on the road.,905.0
1614,248,1712614342210,47.0,But he keeps looking into the rear-view mirror.,1346.0
1614,249,1712614342725,9.0,He knows.,515.0
1614,250,1712614343118,3.0,***,393.0
1614,251,1712614345624,52.0,Stuart believes he is letting me sleep this morning.,2506.0
1614,252,1712614346821,47.0,But I was awake long before the alarm went off.,1196.0
1614,253,1712614348962,74.0,"I was thinking, lying on the far side of the bed away from his hairy legs.",2141.0
1614,254,1712614351621,78.0,"He gets Dean off for school, and then he shaves, dresses, and leaves for work.",2659.0
1614,255,1712614353425,40.0,Twice he looks in and clears his throat.,1804.0
1614,256,1712614354148,26.0,But I keep my eyes closed.,723.0
1614,257,1712614354986,38.0,In the kitchen I find a note from him.,837.0
1614,258,1712614355723,19.0,"It's signed ""Love.""",737.0
1614,259,1712614358863,74.0,I sit in the breakfast nook and drink coffee and leave a ring on the note.,3140.0
1614,260,1712614361413,67.0,I look at the newspaper and turn it this way and that on the table.,2549.0
1614,261,1712614364107,43.0,Then I skid it close and read what it says.,2694.0
1614,262,1712614365241,38.0,"The body has been identified, claimed.",1134.0
1614,263,1712614367071,155.0,"But it took some examining it, some putting things into it, some cutting, some weighing, some measuring, some putting things back again and sewing them in.",1829.0
1614,264,1712614368110,57.0,I sit for a long time holding the newspaper and thinking.,1039.0
1614,265,1712614368976,51.0,Then I call up to get a chair at the hairdresser's.,866.0
1614,266,1712614369373,3.0,***,396.0
1614,267,1712614371421,75.0,I sit under the dryer with a magazine on my lap and let Marnie do my nails.,2047.0
1614,268,1712614372697,42.0,"""I am going to a funeral tomorrow,"" I say.",1276.0
1614,269,1712614373581,38.0,"""I'm sorry to hear that,"" Marnie says.",884.0
1614,270,1712614374388,25.0,"""It was a murder,"" I say.",807.0
1614,271,1712614375202,37.0,"""That's the worst kind,"" Marnie says.",814.0
1614,272,1712614376365,35.0,"""We weren't all that close,"" I say.",1162.0
1614,273,1712614376992,15.0,"""But you know?""",627.0
1614,274,1712614378895,45.0,"""We'll get you fixed up for it,"" Marnie says.",1903.0
1614,275,1712614380787,72.0,"That night I make my bed on the sofa, and in the morning I get up first.",1892.0
1614,276,1712614382187,50.0,I put on coffee and fix breakfast while he shaves.,1400.0
1614,277,1712614384377,76.0,"He appears in the kitchen doorway, towel over his bare shoulder, appraising.",2189.0
1614,278,1712614385275,23.0,"""Here's coffee,"" I say.",898.0
1614,279,1712614386383,31.0,"""Eggs'll be ready in a minute.”",1108.0
1614,280,1712614387489,37.0,"I wake Dean, and the three of us eat.",1106.0
1614,281,1712614391241,79.0,"Whenever Stuart looks at me, I ask Dean if he wants more milk, more toast, etc.",3752.0
1614,282,1712614393445,56.0,"""I'll call you today,"" Stuart says as he opens the door.",2204.0
1614,283,1712614395272,42.0,"I say, ""I don't think I'll be home today.""",1827.0
1614,284,1712614396034,21.0,"""All right,"" he says.",762.0
1614,285,1712614396451,7.0,"""Sure.""",417.0
1614,286,1712614397492,18.0,I dress carefully.,1041.0
1614,287,1712614398662,48.0,I try on a hat and look at myself in the mirror.,1170.0
1614,288,1712614399478,28.0,I write out a note for Dean.,815.0
1614,289,1712614402069,69.0,"Honey, Mommy has things to do this afternoon, but will be back later.",2591.0
1614,290,1712614405080,61.0,You stay in or be in the backyard until one of us comes home.,3011.0
1614,291,1712614405608,11.0,"Love, Mommy",528.0
1614,292,1712614407956,48.0,I look at the word Love and then I underline it.,2348.0
1614,293,1712614409343,29.0,Then I see the word backyard.,1387.0
1614,294,1712614410132,22.0,Is it one word or two?,789.0
1614,295,1712614410612,3.0,***,480.0
1614,296,1712614413469,121.0,"I drive through farm country, through fields of oats and sugar beets and past apple orchards, cattle grazing in pastures.",2857.0
1614,297,1712614414535,99.0,"Then everything changes, more like shacks than farmhouses and stands of timber instead of orchards.",1066.0
1614,298,1712614415448,78.0,"Then mountains, and on the right, far below, I sometimes see the Naches River.",913.0
1614,299,1712614417178,64.0,A green pickup comes up behind me and stays behind me for miles.,1730.0
1614,300,1712614418438,55.0,"I keep slowing at the wrong times, hoping he will pass.",1260.0
1614,301,1712614419365,16.0,Then I speed up.,927.0
1614,302,1712614420351,36.0,"But this is at the wrong times, too.",985.0
1614,303,1712614421350,39.0,I grip the wheel until my fingers hurt.,999.0
1614,304,1712614422409,37.0,On a long clear stretch he goes past.,1058.0
1614,305,1712614425602,73.0,"But he drives along beside for a bit, a crewcut man in a blue work shirt.",3193.0
1614,306,1712614426190,24.0,We look each other over.,588.0
1614,307,1712614427606,53.0,"Then he waves, toots his horn, and pulls on up ahead.",1415.0
1614,308,1712614429306,29.0,I slow down and find a place.,1699.0
1614,309,1712614430282,35.0,I pull over and shut off the motor.,976.0
1614,310,1712614431460,42.0,I can hear the river down below the trees.,1178.0
1614,311,1712614432362,35.0,Then I hear the pickup coming back.,902.0
1614,312,1712614433497,41.0,I lock the doors and roll up the windows.,1135.0
1614,313,1712614434364,30.0,"""You all right?"" the man says.",866.0
1614,314,1712614435026,21.0,He raps on the glass.,662.0
1614,315,1712614435746,11.0,"""You okay?""",720.0
1614,316,1712614438141,64.0,He leans his arms on the door and brings his face to the window.,2395.0
1614,317,1712614438713,15.0,I stare at him.,572.0
1614,318,1712614439448,30.0,I can't think what else to do.,733.0
1614,319,1712614440433,34.0,"""Is everything all right in there?",985.0
1614,320,1712614441351,31.0,"How come you're all locked up?""",918.0
1614,321,1712614441949,16.0,I shake my head.,597.0
1614,322,1712614442602,24.0,"""Roll down your window.""",653.0
1614,323,1712614445574,64.0,He shakes his head and looks at the highway and then back at me.,2971.0
1614,324,1712614446170,19.0,"""Roll it down now.""",596.0
1614,325,1712614447340,32.0,"""Please,"" I say, ""I have to go.""",1170.0
1614,326,1712614448202,50.0,"""Open the door,"" he says as if he isn't listening.",862.0
1614,327,1712614449140,33.0,"""You're going to choke in there.""",938.0
1614,328,1712614449888,32.0,"He looks at my breasts, my legs.",748.0
1614,329,1712614451386,34.0,I can tell that's what he's doing.,1497.0
1614,330,1712614452208,22.0,"""Hey, sugar,"" he says.",822.0
1614,331,1712614453095,31.0,"""I'm just here to help is all.""",887.0
1614,332,1712614453522,3.0,***,427.0
1614,333,1712614455127,52.0,The casket is closed and covered with floral sprays.,1605.0
1614,334,1712614456055,45.0,The organ starts up the minute I take a seat.,928.0
1614,335,1712614456995,40.0,People are coming in and finding chairs.,940.0
1614,336,1712614458103,63.0,There's a boy in flared pants and a yellow short-sleeved shirt.,1108.0
1614,337,1712614462316,100.0,A door opens and the family comes in in a group and moves over to a curtained place off to one side.,4213.0
1614,338,1712614463395,39.0,Chairs creak as everybody gets settled.,1079.0
1614,339,1712614464394,83.0,"Directly, a nice blond man in a nice dark suit stands and asks us to bow our heads.",998.0
1614,340,1712614466089,105.0,"He says a prayer for us, the living, and when he finishes, he says a prayer for the soul of the departed.",1695.0
1614,341,1712614466894,43.0,Along with the others I go past the casket.,805.0
1614,342,1712614468119,66.0,Then I move out onto the front steps and into the afternoon light.,1225.0
1614,343,1712614470403,66.0,There's a woman who limps as she goes down the stairs ahead of me.,2284.0
1614,344,1712614471056,33.0,On the sidewalk she looks around.,653.0
1614,345,1712614472052,31.0,"""Well, they got him,"" she says.",996.0
1614,346,1712614472590,27.0,"""If that's any consolation.",538.0
1614,347,1712614473190,31.0,They arrested him this morning.,600.0
1614,348,1712614474296,38.0,I heard it on the radio before I come.,1106.0
1614,349,1712614474870,26.0,"A boy right here in town.""",574.0
1614,350,1712614476035,42.0,We move a few steps down the hot sidewalk.,1165.0
1614,351,1712614476766,25.0,People are starting cars.,731.0
1614,352,1712614477511,49.0,I put out my hand and hold on to a parking meter.,745.0
1614,353,1712614478618,36.0,Polished hoods and polished fenders.,1107.0
1614,354,1712614479123,14.0,My head swims.,505.0
1614,355,1712614480213,41.0,"I say, ""They have friends, these killers.",1090.0
1614,356,1712614480741,16.0,"You can't tell.""",528.0
1614,357,1712614483444,70.0,"""I have known that child since she was a little girl,"" the woman says.",2703.0
1614,358,1712614486036,93.0,"""She used to come over and I'd bake cookies for her and let her eat them in front of the TV.""",2592.0
1614,359,1712614486482,3.0,***,446.0
1614,360,1712614488227,76.0,"Back home, Stuart sits at the table with a drink of whiskey in front of him.",1745.0
1614,361,1712614489752,57.0,For a crazy instant I think something's happened to Dean.,1525.0
1614,362,1712614490307,14.0,"""Where is he?""",555.0
1614,363,1712614490692,6.0,I say.,385.0
1614,364,1712614491276,16.0,"""Where is Dean?""",584.0
1614,365,1712614491946,27.0,"""Outside,"" my husband says.",670.0
1614,366,1712614493267,34.0,He drains his glass and stands up.,1321.0
1614,367,1712614494581,40.0,"He says, ""I think I know what you need.""",1313.0
1614,368,1712614498789,138.0,He reaches an arm around my waist and with his other hand he begins to unbutton my jacket and then he goes on to the buttons of my blouse.,4208.0
1614,369,1712614499637,30.0,"""First things first,"" he says.",848.0
1614,370,1712614500195,23.0,He says something else.,558.0
1614,371,1712614500867,27.0,But I don't need to listen.,672.0
1614,372,1712614502055,46.0,I can't hear a thing with so much water going.,1187.0
1614,373,1712614502602,3.0,***,546.0
1678,104,1712619285338,3.0,***,5259.0
1678,105,1712619287490,37.0,My husband eats with a good appetite.,2152.0
1678,106,1712619289874,37.0,But I don't think he's really hungry.,2383.0
1678,107,1712619292994,69.0,"He chews, arms on the table, and stares at something across the room.",3120.0
1678,108,1712619294834,30.0,He looks at me and looks away.,1839.0
1678,109,1712619297385,33.0,He wipes his mouth on the napkin.,2551.0
1678,110,1712619299009,30.0,"He shrugs, and goes on eating.",1624.0
1678,111,1712619301689,42.0,"""What are you staring at me for?"" he says.",2679.0
1678,112,1712619303594,45.0,"""What is it?"" he says and lays down his fork.",1905.0
1678,113,1712619306066,42.0,"""Was I staring?"" I say, and shake my head.",2472.0
1678,114,1712619307065,20.0,The telephone rings.,999.0
1678,115,1712619308145,27.0,"""Don't answer it,"" he says.",1079.0
1678,116,1712619309938,33.0,"""It might be your mother,"" I say.",1791.0
1678,117,1712619311273,25.0,"""Watch and see,"" he says.",1335.0
1678,118,1712619312881,34.0,I pick up the receiver and listen.,1608.0
1678,119,1712619314082,24.0,My husband stops eating.,1200.0
1678,120,1712619316729,46.0,"""What did I tell you?"" he says when I hang up.",2647.0
1678,121,1712619318241,23.0,He starts to eat again.,1512.0
1678,122,1712619319993,36.0,Then throws his napkin on his plate.,1752.0
1678,123,1712619322545,63.0,"He says, ""Goddamn it, why can't people mind their own business?",2551.0
1678,124,1712619325393,41.0,Tell me what I did wrong and I'll listen!,2848.0
1678,125,1712619327417,28.0,I wasn't the only man there.,2023.0
1678,126,1712619329913,37.0,We talked it over and we all decided.,2496.0
1678,127,1712619331529,29.0,We couldn't just turn around.,1616.0
1678,128,1712619332969,32.0,We were five miles from the car.,1440.0
1678,129,1712619334385,34.0,I won't have you passing judgment.,1416.0
1678,130,1712619336073,13.0,"Do you hear?""",1688.0
1678,131,1712619337353,18.0,"""You know,"" I say.",1280.0
1678,132,1712619340713,33.0,"He says, ""What do I know, Claire?",3360.0
1678,133,1712619342145,34.0,Tell me what I'm supposed to know.,1432.0
1678,134,1712619345153,40.0,"I don't know anything except one thing?""",3008.0
1678,135,1712619349353,48.0,He gives me what he thinks is a meaningful look.,4200.0
1678,136,1712619350937,24.0,"""She was dead,"" he says.",1584.0
1678,137,1712619352297,33.0,"""And I'm as sorry as anyone else.",1360.0
1678,138,1712619353537,18.0,"But she was dead.""",1240.0
1678,139,1712619354817,26.0,"""That's the point,"" I say.",1280.0
1678,140,1712619355825,20.0,He raises his hands.,1008.0
1678,141,1712619358553,40.0,He pushes his chair away from the table.,2728.0
1678,142,1712619361641,72.0,He takes out his cigarettes and goes out to the back with a can of beer.,3088.0
1678,143,1712619365389,64.0,I see him sit in the lawn chair and pick up the newspaper again.,3748.0
1678,144,1712619367277,39.0,His name is in there on the first page.,1888.0
1678,145,1712619368653,36.0,Along with the names of his friends.,1376.0
1678,146,1712619371245,40.0,I close my eyes and hold on to the sink.,2592.0
1678,147,1712619376101,74.0,Then I rake my arm across the drainboard and send the dishes to the floor.,4856.0
1678,148,1712619377581,16.0,He doesn't move.,1480.0
1678,149,1712619379053,18.0,I know he's heard.,1472.0
1678,150,1712619381717,40.0,He lifts his head as if still listening.,2664.0
1678,151,1712619383469,30.0,But he doesn't move otherwise.,1752.0
1678,152,1712619384653,23.0,He doesn't turn around.,1184.0
1678,153,1712619385621,3.0,***,968.0
1678,154,1712619394973,88.0,"He and Gordon Johnson and Mel Dorn and Vern Williams, they play poker and bowl and fish.",9352.0
1678,155,1712619404661,85.0,They fish every spring and early summer before visiting relatives can get in the way.,9688.0
1678,156,1712619407653,65.0,"They are decent men, family men, men who take care of their jobs.",2992.0
1678,157,1712619411220,65.0,"They have sons and daughters who go to school with our son, Dean.",3567.0
1678,158,1712619415220,55.0,Last Friday these family men left for the Naches River.,3999.0
1678,159,1712619423725,76.0,They parked the car in the mountains and hiked to where they wanted to fish.,8504.0
1678,160,1712619426352,76.0,"They carried their bedrolls, their food, their playing cards, their whiskey.",2627.0
1678,161,1712619429872,42.0,They saw the girl before they set up camp.,3520.0
1678,162,1712619431536,19.0,Mel Dorn found her.,1664.0
1678,163,1712619432456,25.0,No clothes on her at all.,920.0
1678,164,1712619436616,64.0,She was wedged into some branches that stuck out over the water.,4160.0
1678,165,1712619438424,43.0,He called the others and they came to look.,1807.0
1678,166,1712619439904,29.0,They talked about what to do.,1480.0
1678,167,1712619443704,82.0,One of the men - my Stuart didn't say which - said they should start back at once.,3800.0
1678,168,1712619447952,86.0,"The others stirred the sand with their shoes, said they didn't feel inclined that way.",4248.0
1678,169,1712619452064,82.0,"They pleaded fatigue, the late hour, the fact that the girl wasn't going anywhere.",4112.0
1678,170,1712619455112,47.0,In the end they went ahead and set up the camp.,3048.0
1678,171,1712619456448,42.0,They built a fire and drank their whiskey.,1336.0
1678,172,1712619459248,50.0,"When the moon came up, they talked about the girl.",2800.0
1678,173,1712619462904,59.0,Someone said they should -keep the body from drifting away.,3656.0
1678,174,1712619464440,55.0,They took their flashlights and went back to the river.,1536.0
1678,175,1712619467120,66.0,One of the men - it might have been Stuart - waded in and got her.,2680.0
1678,176,1712619470360,53.0,He took her by the fingers and pulled her into shore.,3240.0
1678,177,1712619474648,87.0,He got some nylon cord and tied it to her wrist and then looped the rest around a tree.,4288.0
1678,178,1712619478320,99.0,"The next morning they cooked breakfast, drank coffee, and drank whiskey, and then split up to fish.",3672.0
1678,179,1712619489562,182.0,"That night they cooked fish, cooked potatoes, drank coffee, drank whiskey, then took their cooking things and eating things back down to the river and washed them where the girl was.",11242.0
1678,180,1712619491985,32.0,They played some cards later on.,2423.0
1678,181,1712619494153,55.0,Maybe they played until they couldn't see them anymore.,2167.0
1678,182,1712619496537,28.0,Vern Williams went to sleep.,2384.0
1678,183,1712619498185,28.0,But the others told stories.,1648.0
1678,184,1712619502785,100.0,Gordon Johnson said the trout they'd caught were hard because of the terrible coldness of the water.,4600.0
1678,185,1712619507441,154.0,"The next morning they got up late, drank whiskey, fished a little, took down their tents, rolled their sleeping bags, gathered their stuff, and hiked out.",4655.0
1678,186,1712619508913,41.0,They drove until they got to a telephone.,1472.0
1678,187,1712619513465,86.0,It was Stuart who made the call while the others stood around in the sun and listened.,4552.0
1678,188,1712619515009,32.0,He gave the sheriff their names.,1543.0
1678,189,1712619516065,25.0,They had nothing to hide.,1056.0
1678,190,1712619516665,21.0,They weren't ashamed.,600.0
1678,191,1712619524705,100.0,They said they'd wait until someone could come for better directions and take down their statements.,8040.0
1678,192,1712619525569,3.0,***,864.0
1678,193,1712619526497,30.0,I was asleep when he got home.,928.0
1678,194,1712619528385,46.0,But I woke up when I heard him in the kitchen.,1888.0
1678,195,1712619530817,64.0,I found him leaning against the refrigerator with a can of beer.,2432.0
1678,196,1712619534089,68.0,He put his heavy arms around me and rubbed his big hands on my back.,3272.0
1678,197,1712619539241,85.0,In bed he put his hands on me again and then waited as if thinking of something else.,5152.0
1678,198,1712619541001,28.0,I turned and opened my legs.,1760.0
1678,199,1712619543185,36.0,"Afterwards, I think he stayed awake.",2184.0
1678,200,1712619546617,53.0,He was up that morning before I could get out of bed.,3432.0
1678,201,1712619548113,54.0,"To see if there was something in the paper, I suppose.",1496.0
1678,202,1712619550456,46.0,The telephone began ringing right after eight.,2343.0
1678,203,1712619551464,13.0,"""Go to hell!""",1008.0
1678,204,1712619552112,18.0,I heard him shout.,648.0
1678,205,1712619554616,31.0,The telephone rang right again.,2504.0
1678,206,1712619557496,59.0,"""I have nothing to add to what I already told the sheriff!""",2880.0
1678,207,1712619558704,29.0,He slammed the receiver down.,1208.0
1678,208,1712619559568,27.0,"""What is going on?"" I said.",864.0
1678,209,1712619562064,49.0,It was then that he told me what I just told you.,2496.0
1678,210,1712619562704,3.0,***,640.0
1678,211,1712619564928,44.0,I sweep up the broken dishes and go outside.,2224.0
1678,212,1712619570488,85.0,"He is lying on his back on the grass now, the newspaper and can of beer within reach.",5560.0
1678,213,1712619571864,41.0,"""Stuart, could we go for a drive?"" I say.",1376.0
1678,214,1712619582920,30.0,He rolls over and looks at me.,11056.0
1678,215,1712619585551,37.0,"""We'll pick up some beer,"" he says...",2631.0
1678,216,1712619596664,62.0,He gets to his feet and touches me on the hip as he goes past.,11112.0
1678,217,1712619597607,28.0,"""Give me a minute,"" he says.",943.0
1678,218,1712619599055,39.0,We drive through town without speaking.,1448.0
1678,219,1712619600463,39.0,He stops at a roadside market for beer.,1407.0
1678,220,1712619602623,54.0,I notice a great stack of papers just inside the door.,2159.0
1678,221,1712619610408,89.0,On the top step a fat woman in a print dress holds out a licorice stick to a little girl.,7783.0
1678,222,1712619622039,66.0,"Later on, we cross Everson Creek and turn into the picnic grounds.",11631.0
1678,223,1712619629119,79.0,The creek runs under the bridge and into a large pond a few hundred yards away.,7080.0
1678,224,1712619633119,28.0,I can see the men out there.,4000.0
1678,225,1712619634887,33.0,I can see them out there fishing.,1768.0
1678,226,1712619637607,31.0,So much water so close to home.,2720.0
1678,227,1712619641935,43.0,"I say, ""Why did you have to go miles away?""",4328.0
1678,228,1712619646031,25.0,"""Don't rile me,"" he says.",4096.0
1678,229,1712619648750,29.0,We sit on a bench in the sun.,2719.0
1678,230,1712619650182,25.0,He opens us cans of beer.,1431.0
1678,231,1712619651334,25.0,"He says, ""Relax, Claire.""",1151.0
1678,232,1712619654342,30.0,"""They said they were innocent.",3008.0
1678,233,1712619655766,27.0,"They said they were crazy.""",1423.0
1678,234,1712619656647,15.0,"He says, ""Who?""",880.0
1678,235,1712619657654,38.0,"He says, ""What are you talking about?""",1007.0
1678,236,1712619659262,21.0,"""The Maddox brothers.",1608.0
1678,237,1712619662590,54.0,They killed a girl named Arlene Hubly where I grew up.,3327.0
1678,238,1712619669470,60.0,They cut off her head and threw her into the Cle Elum River.,6879.0
1678,239,1712619672986,31.0,"It happened when I was a girl.""",3515.0
1678,240,1712619674402,40.0,"""You're going to get me riled,"" he says.",1416.0
1678,241,1712619675194,20.0,I look at the creek.,792.0
1678,242,1712619677642,79.0,"I'm right in it, eyes open, face down, staring at the moss on the bottom, dead.",2448.0
1678,243,1712619681114,62.0,"""I don't know what's wrong with you,"" he says on the way home.",3472.0
1678,244,1712619683706,45.0,"""You're getting me more riled by the minute.""",2592.0
1678,245,1712619686370,34.0,There is nothing I can say to him.,2664.0
1678,246,1712619690906,36.0,He tries to concentrate on the road.,4536.0
1678,247,1712619699778,47.0,But he keeps looking into the rear-view mirror.,8872.0
1678,248,1712619700458,9.0,He knows.,679.0
1678,249,1712619700978,3.0,***,520.0
1678,250,1712619704530,52.0,Stuart believes he is letting me sleep this morning.,3552.0
1678,251,1712619706202,47.0,But I was awake long before the alarm went off.,1672.0
1678,252,1712619709506,74.0,"I was thinking, lying on the far side of the bed away from his hairy legs.",3304.0
1678,253,1712619712858,78.0,"He gets Dean off for school, and then he shaves, dresses, and leaves for work.",3352.0
1678,254,1712619715314,40.0,Twice he looks in and clears his throat.,2456.0
1678,255,1712619716978,26.0,But I keep my eyes closed.,1664.0
1678,256,1712619719050,38.0,In the kitchen I find a note from him.,2072.0
1678,257,1712619720218,19.0,"It's signed ""Love.""",1168.0
1678,258,1712619725906,74.0,I sit in the breakfast nook and drink coffee and leave a ring on the note.,5688.0
1678,259,1712619732274,67.0,I look at the newspaper and turn it this way and that on the table.,6368.0
1678,260,1712619736166,43.0,Then I skid it close and read what it says.,3892.0
1678,261,1712619738878,38.0,"The body has been identified, claimed.",2712.0
1678,262,1712619747854,155.0,"But it took some examining it, some putting things into it, some cutting, some weighing, some measuring, some putting things back again and sewing them in.",8976.0
1678,263,1712619751246,57.0,I sit for a long time holding the newspaper and thinking.,3392.0
1678,264,1712619754998,51.0,Then I call up to get a chair at the hairdresser's.,3752.0
1678,265,1712619756590,3.0,***,1592.0
1678,266,1712619763150,75.0,I sit under the dryer with a magazine on my lap and let Marnie do my nails.,6560.0
1678,267,1712619764878,42.0,"""I am going to a funeral tomorrow,"" I say.",1728.0
1678,268,1712619766486,38.0,"""I'm sorry to hear that,"" Marnie says.",1608.0
1678,269,1712619767486,25.0,"""It was a murder,"" I say.",1000.0
1678,270,1712619769142,37.0,"""That's the worst kind,"" Marnie says.",1656.0
1678,271,1712619770406,35.0,"""We weren't all that close,"" I say.",1264.0
1678,272,1712619771342,15.0,"""But you know?""",936.0
1678,273,1712619773270,45.0,"""We'll get you fixed up for it,"" Marnie says.",1928.0
1678,274,1712619780102,72.0,"That night I make my bed on the sofa, and in the morning I get up first.",6832.0
1678,275,1712619781926,50.0,I put on coffee and fix breakfast while he shaves.,1824.0
1678,276,1712619785430,76.0,"He appears in the kitchen doorway, towel over his bare shoulder, appraising.",3504.0
1678,277,1712619786814,23.0,"""Here's coffee,"" I say.",1384.0
1678,278,1712619788470,31.0,"""Eggs'll be ready in a minute.”",1656.0
1678,279,1712619792613,37.0,"I wake Dean, and the three of us eat.",4143.0
1678,280,1712619796750,79.0,"Whenever Stuart looks at me, I ask Dean if he wants more milk, more toast, etc.",4136.0
1678,281,1712619799005,56.0,"""I'll call you today,"" Stuart says as he opens the door.",2255.0
1678,282,1712619800861,42.0,"I say, ""I don't think I'll be home today.""",1856.0
1678,283,1712619801573,21.0,"""All right,"" he says.",712.0
1678,284,1712619802133,7.0,"""Sure.""",560.0
1678,285,1712619802709,18.0,I dress carefully.,576.0
1678,286,1712619805781,48.0,I try on a hat and look at myself in the mirror.,3072.0
1678,287,1712619807845,28.0,I write out a note for Dean.,2064.0
1678,288,1712619810797,69.0,"Honey, Mommy has things to do this afternoon, but will be back later.",2951.0
1678,289,1712619815125,61.0,You stay in or be in the backyard until one of us comes home.,4328.0
1678,290,1712619816037,11.0,"Love, Mommy",912.0
1678,291,1712619818629,48.0,I look at the word Love and then I underline it.,2592.0
1678,292,1712619821213,29.0,Then I see the word backyard.,2584.0
1678,293,1712619822493,22.0,Is it one word or two?,1280.0
1678,294,1712619823189,3.0,***,696.0
1678,295,1712619831805,121.0,"I drive through farm country, through fields of oats and sugar beets and past apple orchards, cattle grazing in pastures.",8616.0
1678,296,1712619839141,99.0,"Then everything changes, more like shacks than farmhouses and stands of timber instead of orchards.",7336.0
1678,297,1712619844949,78.0,"Then mountains, and on the right, far below, I sometimes see the Naches River.",5808.0
1678,298,1712619849037,64.0,A green pickup comes up behind me and stays behind me for miles.,4088.0
1678,299,1712619852789,55.0,"I keep slowing at the wrong times, hoping he will pass.",3752.0
1678,300,1712619853669,16.0,Then I speed up.,880.0
1678,301,1712619856181,36.0,"But this is at the wrong times, too.",2512.0
1678,302,1712619857925,39.0,I grip the wheel until my fingers hurt.,1744.0
1678,303,1712619862629,37.0,On a long clear stretch he goes past.,4704.0
1678,304,1712619866061,73.0,"But he drives along beside for a bit, a crewcut man in a blue work shirt.",3432.0
1678,305,1712619867957,24.0,We look each other over.,1896.0
1678,306,1712619872229,53.0,"Then he waves, toots his horn, and pulls on up ahead.",4272.0
1678,307,1712619873485,29.0,I slow down and find a place.,1256.0
1678,308,1712619877277,35.0,I pull over and shut off the motor.,3792.0
1678,309,1712619878893,42.0,I can hear the river down below the trees.,1616.0
1678,310,1712619880501,35.0,Then I hear the pickup coming back.,1608.0
1678,311,1712619882381,41.0,I lock the doors and roll up the windows.,1880.0
1678,312,1712619883709,30.0,"""You all right?"" the man says.",1328.0
1678,313,1712619885997,21.0,He raps on the glass.,2288.0
1678,314,1712619886757,11.0,"""You okay?""",760.0
1678,315,1712619890629,64.0,He leans his arms on the door and brings his face to the window.,3872.0
1678,316,1712619891373,15.0,I stare at him.,744.0
1678,317,1712619893109,30.0,I can't think what else to do.,1736.0
1678,318,1712619894133,34.0,"""Is everything all right in there?",1024.0
1678,319,1712619895965,31.0,"How come you're all locked up?""",1832.0
1678,320,1712619896724,16.0,I shake my head.,759.0
1678,321,1712619897829,24.0,"""Roll down your window.""",1104.0
1678,322,1712619901517,64.0,He shakes his head and looks at the highway and then back at me.,3688.0
1678,323,1712619902869,19.0,"""Roll it down now.""",1352.0
1678,324,1712619905540,32.0,"""Please,"" I say, ""I have to go.""",2671.0
1678,325,1712619907476,50.0,"""Open the door,"" he says as if he isn't listening.",1935.0
1678,326,1712619909005,33.0,"""You're going to choke in there.""",1528.0
1678,327,1712619911348,32.0,"He looks at my breasts, my legs.",2343.0
1678,328,1712619913221,34.0,I can tell that's what he's doing.,1872.0
1678,329,1712619914172,22.0,"""Hey, sugar,"" he says.",951.0
1678,330,1712619915220,31.0,"""I'm just here to help is all.""",1048.0
1678,331,1712619915861,3.0,***,641.0
1678,332,1712619919068,52.0,The casket is closed and covered with floral sprays.,3207.0
1678,333,1712619921157,45.0,The organ starts up the minute I take a seat.,2089.0
1678,334,1712619923381,40.0,People are coming in and finding chairs.,2224.0
1678,335,1712619929908,63.0,There's a boy in flared pants and a yellow short-sleeved shirt.,6527.0
1678,336,1712619939317,100.0,A door opens and the family comes in in a group and moves over to a curtained place off to one side.,9408.0
1678,337,1712619940876,39.0,Chairs creak as everybody gets settled.,1559.0
1678,338,1712619948612,83.0,"Directly, a nice blond man in a nice dark suit stands and asks us to bow our heads.",7736.0
1678,339,1712619955500,105.0,"He says a prayer for us, the living, and when he finishes, he says a prayer for the soul of the departed.",6888.0
1678,340,1712619958404,43.0,Along with the others I go past the casket.,2904.0
1678,341,1712619963844,66.0,Then I move out onto the front steps and into the afternoon light.,5440.0
1678,342,1712619967180,66.0,There's a woman who limps as she goes down the stairs ahead of me.,3336.0
1678,343,1712619970292,33.0,On the sidewalk she looks around.,3112.0
1678,344,1712619978562,31.0,"""Well, they got him,"" she says.",8270.0
1678,345,1712619980266,27.0,"""If that's any consolation.",1704.0
1678,346,1712619981146,31.0,They arrested him this morning.,880.0
1678,347,1712619987530,38.0,I heard it on the radio before I come.,6384.0
1678,348,1712619996410,26.0,"A boy right here in town.""",8880.0
1678,349,1712620012282,42.0,We move a few steps down the hot sidewalk.,15872.0
1678,350,1712620013145,25.0,People are starting cars.,863.0
1678,351,1712620018505,49.0,I put out my hand and hold on to a parking meter.,5359.0
1678,352,1712620020609,36.0,Polished hoods and polished fenders.,2103.0
1678,353,1712620021425,14.0,My head swims.,816.0
1678,354,1712620024161,41.0,"I say, ""They have friends, these killers.",2735.0
1678,355,1712620024857,16.0,"You can't tell.""",695.0
1678,356,1712620029425,70.0,"""I have known that child since she was a little girl,"" the woman says.",4568.0
1678,357,1712620033169,93.0,"""She used to come over and I'd bake cookies for her and let her eat them in front of the TV.""",3744.0
1678,358,1712620033809,3.0,***,640.0
1678,359,1712620041457,76.0,"Back home, Stuart sits at the table with a drink of whiskey in front of him.",7648.0
1678,360,1712620044441,57.0,For a crazy instant I think something's happened to Dean.,2984.0
1678,361,1712620045185,14.0,"""Where is he?""",744.0
1678,362,1712620046545,6.0,I say.,1360.0
1678,363,1712620047617,16.0,"""Where is Dean?""",1072.0
1678,364,1712620048585,27.0,"""Outside,"" my husband says.",968.0
1678,365,1712620057169,34.0,He drains his glass and stands up.,8584.0
1678,366,1712620059361,40.0,"He says, ""I think I know what you need.""",2192.0
1678,367,1712620064137,138.0,He reaches an arm around my waist and with his other hand he begins to unbutton my jacket and then he goes on to the buttons of my blouse.,4776.0
1678,368,1712620064993,30.0,"""First things first,"" he says.",856.0
1678,369,1712620066081,23.0,He says something else.,1088.0
1678,370,1712620067617,27.0,But I don't need to listen.,1536.0
1678,371,1712620069361,46.0,I can't hear a thing with so much water going.,1744.0
1678,372,1712620070113,3.0,***,752.0
1692,112,1712422747971,3.0,***,4348.0
1692,113,1712422751210,37.0,My husband eats with a good appetite.,3239.0
1692,114,1712422752797,37.0,But I don't think he's really hungry.,1587.0
1692,115,1712422756238,69.0,"He chews, arms on the table, and stares at something across the room.",3441.0
1692,116,1712422758315,30.0,He looks at me and looks away.,2077.0
1692,117,1712422761509,33.0,He wipes his mouth on the napkin.,3194.0
1692,118,1712422764910,30.0,"He shrugs, and goes on eating.",3401.0
1692,119,1712422769885,42.0,"""What are you staring at me for?"" he says.",4974.0
1692,120,1712422772076,45.0,"""What is it?"" he says and lays down his fork.",2191.0
1692,121,1712422775287,42.0,"""Was I staring?"" I say, and shake my head.",3211.0
1692,122,1712422776240,20.0,The telephone rings.,952.0
1692,123,1712422777471,27.0,"""Don't answer it,"" he says.",1231.0
1692,124,1712422778797,33.0,"""It might be your mother,"" I say.",1326.0
1692,125,1712422779940,25.0,"""Watch and see,"" he says.",1143.0
1692,126,1712422781299,34.0,I pick up the receiver and listen.,1359.0
1692,127,1712422782620,24.0,My husband stops eating.,1321.0
1692,128,1712422791867,46.0,"""What did I tell you?"" he says when I hang up.",9246.0
1692,129,1712422792673,23.0,He starts to eat again.,806.0
1692,130,1712422793713,36.0,Then throws his napkin on his plate.,1040.0
1692,131,1712422795795,63.0,"He says, ""Goddamn it, why can't people mind their own business?",2082.0
1692,132,1712422797350,41.0,Tell me what I did wrong and I'll listen!,1555.0
1692,133,1712422800527,28.0,I wasn't the only man there.,3177.0
1692,134,1712422803589,37.0,We talked it over and we all decided.,3062.0
1692,135,1712422806454,29.0,We couldn't just turn around.,2865.0
1692,136,1712422810366,32.0,We were five miles from the car.,3912.0
1692,137,1712422822858,34.0,I won't have you passing judgment.,12492.0
1692,138,1712422825583,13.0,"Do you hear?""",2725.0
1692,139,1712422834789,18.0,"""You know,"" I say.",9206.0
1692,140,1712422842915,33.0,"He says, ""What do I know, Claire?",8126.0
1692,141,1712422844863,34.0,Tell me what I'm supposed to know.,1948.0
1692,142,1712422848281,40.0,"I don't know anything except one thing?""",3418.0
1692,143,1712422850445,48.0,He gives me what he thinks is a meaningful look.,2163.0
1692,144,1712422851828,24.0,"""She was dead,"" he says.",1383.0
1692,145,1712422853397,33.0,"""And I'm as sorry as anyone else.",1569.0
1692,146,1712422854535,18.0,"But she was dead.""",1138.0
1692,147,1712422855334,26.0,"""That's the point,"" I say.",799.0
1692,148,1712422856330,20.0,He raises his hands.,996.0
1692,149,1712422857389,40.0,He pushes his chair away from the table.,1059.0
1692,150,1712422858984,72.0,He takes out his cigarettes and goes out to the back with a can of beer.,1595.0
1692,151,1712422861444,64.0,I see him sit in the lawn chair and pick up the newspaper again.,2460.0
1692,152,1712422870243,39.0,His name is in there on the first page.,8799.0
1692,153,1712422877493,36.0,Along with the names of his friends.,7250.0
1692,154,1712422880503,40.0,I close my eyes and hold on to the sink.,3010.0
1692,155,1712422884478,74.0,Then I rake my arm across the drainboard and send the dishes to the floor.,3975.0
1692,156,1712422885390,16.0,He doesn't move.,912.0
1692,157,1712422886288,18.0,I know he's heard.,898.0
1692,158,1712422888090,40.0,He lifts his head as if still listening.,1802.0
1692,159,1712422889188,30.0,But he doesn't move otherwise.,1098.0
1692,160,1712422890380,23.0,He doesn't turn around.,1192.0
1692,161,1712422899785,3.0,***,9405.0
1692,162,1712422904064,88.0,"He and Gordon Johnson and Mel Dorn and Vern Williams, they play poker and bowl and fish.",4279.0
1692,163,1712422940233,85.0,They fish every spring and early summer before visiting relatives can get in the way.,36169.0
1692,164,1712422942502,65.0,"They are decent men, family men, men who take care of their jobs.",2269.0
1692,165,1712422945187,65.0,"They have sons and daughters who go to school with our son, Dean.",2685.0
1692,166,1712422946894,55.0,Last Friday these family men left for the Naches River.,1707.0
1692,167,1712422951787,76.0,They parked the car in the mountains and hiked to where they wanted to fish.,4893.0
1692,168,1712422982520,76.0,"They carried their bedrolls, their food, their playing cards, their whiskey.",30733.0
1692,169,1712422995383,42.0,They saw the girl before they set up camp.,12863.0
1692,170,1712423002543,19.0,Mel Dorn found her.,7160.0
1692,171,1712423003737,25.0,No clothes on her at all.,1194.0
1692,172,1712423012773,64.0,She was wedged into some branches that stuck out over the water.,9036.0
1692,173,1712423014631,43.0,He called the others and they came to look.,1858.0
1692,174,1712423016551,29.0,They talked about what to do.,1920.0
1692,175,1712423038558,82.0,One of the men - my Stuart didn't say which - said they should start back at once.,22007.0
1692,176,1712423045735,86.0,"The others stirred the sand with their shoes, said they didn't feel inclined that way.",7177.0
1692,177,1712423053137,82.0,"They pleaded fatigue, the late hour, the fact that the girl wasn't going anywhere.",7401.0
1692,178,1712423055356,47.0,In the end they went ahead and set up the camp.,2219.0
1692,179,1712423056480,42.0,They built a fire and drank their whiskey.,1124.0
1692,180,1712423057757,50.0,"When the moon came up, they talked about the girl.",1277.0
1692,181,1712423059851,59.0,Someone said they should -keep the body from drifting away.,2094.0
1692,182,1712423065435,55.0,They took their flashlights and went back to the river.,5584.0
1692,183,1712423067887,66.0,One of the men - it might have been Stuart - waded in and got her.,2452.0
1692,184,1712423069923,53.0,He took her by the fingers and pulled her into shore.,2036.0
1692,185,1712423072405,87.0,He got some nylon cord and tied it to her wrist and then looped the rest around a tree.,2481.0
1692,186,1712423075117,99.0,"The next morning they cooked breakfast, drank coffee, and drank whiskey, and then split up to fish.",2712.0
1692,187,1712423080754,182.0,"That night they cooked fish, cooked potatoes, drank coffee, drank whiskey, then took their cooking things and eating things back down to the river and washed them where the girl was.",5637.0
1692,188,1712423081948,32.0,They played some cards later on.,1194.0
1692,189,1712423083860,55.0,Maybe they played until they couldn't see them anymore.,1912.0
1692,190,1712423084907,28.0,Vern Williams went to sleep.,1047.0
1692,191,1712423085837,28.0,But the others told stories.,928.0
1692,192,1712423087803,100.0,Gordon Johnson said the trout they'd caught were hard because of the terrible coldness of the water.,1966.0
1692,193,1712423092962,154.0,"The next morning they got up late, drank whiskey, fished a little, took down their tents, rolled their sleeping bags, gathered their stuff, and hiked out.",5159.0
1692,194,1712423094389,41.0,They drove until they got to a telephone.,1427.0
1692,195,1712423098979,86.0,It was Stuart who made the call while the others stood around in the sun and listened.,4590.0
1692,196,1712423100953,32.0,He gave the sheriff their names.,1974.0
1692,197,1712423102335,25.0,They had nothing to hide.,1382.0
1692,198,1712423103323,21.0,They weren't ashamed.,988.0
1692,199,1712423106097,100.0,They said they'd wait until someone could come for better directions and take down their statements.,2774.0
1692,200,1712423106878,3.0,***,781.0
1692,201,1712423108281,30.0,I was asleep when he got home.,1403.0
1692,202,1712423156255,46.0,But I woke up when I heard him in the kitchen.,47974.0
1692,203,1712423161402,64.0,I found him leaning against the refrigerator with a can of beer.,5147.0
1692,204,1712423163386,68.0,He put his heavy arms around me and rubbed his big hands on my back.,1984.0
1692,205,1712423165455,85.0,In bed he put his hands on me again and then waited as if thinking of something else.,2069.0
1692,206,1712423166735,28.0,I turned and opened my legs.,1279.0
1692,207,1712423168950,36.0,"Afterwards, I think he stayed awake.",2215.0
1692,208,1712423170457,53.0,He was up that morning before I could get out of bed.,1507.0
1692,209,1712423172111,54.0,"To see if there was something in the paper, I suppose.",1654.0
1692,210,1712423173614,46.0,The telephone began ringing right after eight.,1503.0
1692,211,1712423174543,13.0,"""Go to hell!""",928.0
1692,212,1712423175662,18.0,I heard him shout.,1119.0
1692,213,1712423176558,31.0,The telephone rang right again.,895.0
1692,214,1712423178231,59.0,"""I have nothing to add to what I already told the sheriff!""",1673.0
1692,215,1712423179232,29.0,He slammed the receiver down.,1001.0
1692,216,1712423180259,27.0,"""What is going on?"" I said.",1027.0
1692,217,1712423182683,49.0,It was then that he told me what I just told you.,2424.0
1692,218,1712423183217,3.0,***,534.0
1692,219,1712423184424,44.0,I sweep up the broken dishes and go outside.,1207.0
1692,220,1712423186819,85.0,"He is lying on his back on the grass now, the newspaper and can of beer within reach.",2395.0
1692,221,1712423188123,41.0,"""Stuart, could we go for a drive?"" I say.",1304.0
1692,222,1712423189262,30.0,He rolls over and looks at me.,1139.0
1692,223,1712423190407,37.0,"""We'll pick up some beer,"" he says...",1145.0
1692,224,1712423192534,62.0,He gets to his feet and touches me on the hip as he goes past.,2127.0
1692,225,1712423193246,28.0,"""Give me a minute,"" he says.",712.0
1692,226,1712423194757,39.0,We drive through town without speaking.,1511.0
1692,227,1712423195939,39.0,He stops at a roadside market for beer.,1182.0
1692,228,1712423197457,54.0,I notice a great stack of papers just inside the door.,1518.0
1692,229,1712423202076,89.0,On the top step a fat woman in a print dress holds out a licorice stick to a little girl.,4619.0
1692,230,1712423204172,66.0,"Later on, we cross Everson Creek and turn into the picnic grounds.",2096.0
1692,231,1712423213898,79.0,The creek runs under the bridge and into a large pond a few hundred yards away.,9726.0
1692,232,1712423215167,28.0,I can see the men out there.,1269.0
1692,233,1712423218370,33.0,I can see them out there fishing.,3203.0
1692,234,1712423223267,31.0,So much water so close to home.,4896.0
1692,235,1712423225624,43.0,"I say, ""Why did you have to go miles away?""",2357.0
1692,236,1712423226598,25.0,"""Don't rile me,"" he says.",974.0
1692,237,1712423227858,29.0,We sit on a bench in the sun.,1260.0
1692,238,1712423229113,25.0,He opens us cans of beer.,1255.0
1692,239,1712423230339,25.0,"He says, ""Relax, Claire.""",1226.0
1692,240,1712423231722,30.0,"""They said they were innocent.",1383.0
1692,241,1712423232671,27.0,"They said they were crazy.""",949.0
1692,242,1712423233359,15.0,"He says, ""Who?""",687.0
1692,243,1712423234416,38.0,"He says, ""What are you talking about?""",1056.0
1692,244,1712423235060,21.0,"""The Maddox brothers.",644.0
1692,245,1712423236698,54.0,They killed a girl named Arlene Hubly where I grew up.,1637.0
1692,246,1712423238376,60.0,They cut off her head and threw her into the Cle Elum River.,1678.0
1692,247,1712423239412,31.0,"It happened when I was a girl.""",1036.0
1692,248,1712423241140,40.0,"""You're going to get me riled,"" he says.",1728.0
1692,249,1712423242577,20.0,I look at the creek.,1437.0
1692,250,1712423244601,79.0,"I'm right in it, eyes open, face down, staring at the moss on the bottom, dead.",2024.0
1692,251,1712423246480,62.0,"""I don't know what's wrong with you,"" he says on the way home.",1879.0
1692,252,1712423247806,45.0,"""You're getting me more riled by the minute.""",1326.0
1692,253,1712423249071,34.0,There is nothing I can say to him.,1264.0
1692,254,1712423250343,36.0,He tries to concentrate on the road.,1272.0
1692,255,1712423251579,47.0,But he keeps looking into the rear-view mirror.,1236.0
1692,256,1712423252535,9.0,He knows.,956.0
1692,257,1712423253412,3.0,***,877.0
1692,258,1712423254975,52.0,Stuart believes he is letting me sleep this morning.,1563.0
1692,259,1712423257213,47.0,But I was awake long before the alarm went off.,2238.0
1692,260,1712423275822,74.0,"I was thinking, lying on the far side of the bed away from his hairy legs.",18608.0
1692,261,1712423277321,78.0,"He gets Dean off for school, and then he shaves, dresses, and leaves for work.",1499.0
1692,262,1712423278435,40.0,Twice he looks in and clears his throat.,1114.0
1692,263,1712423279435,26.0,But I keep my eyes closed.,1000.0
1692,264,1712423280429,38.0,In the kitchen I find a note from him.,994.0
1692,265,1712423280988,19.0,"It's signed ""Love.""",559.0
1692,266,1712423282832,74.0,I sit in the breakfast nook and drink coffee and leave a ring on the note.,1844.0
1692,267,1712423284685,67.0,I look at the newspaper and turn it this way and that on the table.,1852.0
1692,268,1712423286380,43.0,Then I skid it close and read what it says.,1695.0
1692,269,1712423287755,38.0,"The body has been identified, claimed.",1375.0
1692,270,1712423291283,155.0,"But it took some examining it, some putting things into it, some cutting, some weighing, some measuring, some putting things back again and sewing them in.",3528.0
1692,271,1712423292466,57.0,I sit for a long time holding the newspaper and thinking.,1183.0
1692,272,1712423293735,51.0,Then I call up to get a chair at the hairdresser's.,1269.0
1692,273,1712423294443,3.0,***,708.0
1692,274,1712423325951,75.0,I sit under the dryer with a magazine on my lap and let Marnie do my nails.,31508.0
1692,275,1712423326879,42.0,"""I am going to a funeral tomorrow,"" I say.",928.0
1692,276,1712423327853,38.0,"""I'm sorry to hear that,"" Marnie says.",972.0
1692,277,1712423328671,25.0,"""It was a murder,"" I say.",818.0
1692,278,1712423329571,37.0,"""That's the worst kind,"" Marnie says.",899.0
1692,279,1712423330389,35.0,"""We weren't all that close,"" I say.",818.0
1692,280,1712423331277,15.0,"""But you know?""",888.0
1692,281,1712423332569,45.0,"""We'll get you fixed up for it,"" Marnie says.",1292.0
1692,282,1712423333779,72.0,"That night I make my bed on the sofa, and in the morning I get up first.",1210.0
1692,283,1712423335176,50.0,I put on coffee and fix breakfast while he shaves.,1397.0
1692,284,1712423337241,76.0,"He appears in the kitchen doorway, towel over his bare shoulder, appraising.",2065.0
1692,285,1712423337968,23.0,"""Here's coffee,"" I say.",727.0
1692,286,1712423339075,31.0,"""Eggs'll be ready in a minute.”",1107.0
1692,287,1712423340333,37.0,"I wake Dean, and the three of us eat.",1258.0
1692,288,1712423342384,79.0,"Whenever Stuart looks at me, I ask Dean if he wants more milk, more toast, etc.",2051.0
1692,289,1712423343874,56.0,"""I'll call you today,"" Stuart says as he opens the door.",1489.0
1692,290,1712423345316,42.0,"I say, ""I don't think I'll be home today.""",1442.0
1692,291,1712423346115,21.0,"""All right,"" he says.",799.0
1692,292,1712423346869,7.0,"""Sure.""",754.0
1692,293,1712423347870,18.0,I dress carefully.,1001.0
1692,294,1712423349774,48.0,I try on a hat and look at myself in the mirror.,1903.0
1692,295,1712423350977,28.0,I write out a note for Dean.,1203.0
1692,296,1712423352942,69.0,"Honey, Mommy has things to do this afternoon, but will be back later.",1964.0
1692,297,1712423354674,61.0,You stay in or be in the backyard until one of us comes home.,1732.0
1692,298,1712423355364,11.0,"Love, Mommy",690.0
1692,299,1712423357144,48.0,I look at the word Love and then I underline it.,1780.0
1692,300,1712423358174,29.0,Then I see the word backyard.,1030.0
1692,301,1712423359368,22.0,Is it one word or two?,1194.0
1692,302,1712423360133,3.0,***,765.0
1692,303,1712423362452,121.0,"I drive through farm country, through fields of oats and sugar beets and past apple orchards, cattle grazing in pastures.",2319.0
1692,304,1712423365529,99.0,"Then everything changes, more like shacks than farmhouses and stands of timber instead of orchards.",3076.0
1692,305,1712423367637,78.0,"Then mountains, and on the right, far below, I sometimes see the Naches River.",2108.0
1692,306,1712423369264,64.0,A green pickup comes up behind me and stays behind me for miles.,1627.0
1692,307,1712423371018,55.0,"I keep slowing at the wrong times, hoping he will pass.",1754.0
1692,308,1712423371718,16.0,Then I speed up.,699.0
1692,309,1712423373375,36.0,"But this is at the wrong times, too.",1657.0
1692,310,1712423374993,39.0,I grip the wheel until my fingers hurt.,1618.0
1692,311,1712423376090,37.0,On a long clear stretch he goes past.,1097.0
1692,312,1712423378058,73.0,"But he drives along beside for a bit, a crewcut man in a blue work shirt.",1968.0
1692,313,1712423378962,24.0,We look each other over.,903.0
1692,314,1712423380316,53.0,"Then he waves, toots his horn, and pulls on up ahead.",1354.0
1692,315,1712423381398,29.0,I slow down and find a place.,1082.0
1692,316,1712423382256,35.0,I pull over and shut off the motor.,857.0
1692,317,1712423383882,42.0,I can hear the river down below the trees.,1626.0
1692,318,1712423384803,35.0,Then I hear the pickup coming back.,921.0
1692,319,1712423386118,41.0,I lock the doors and roll up the windows.,1315.0
1692,320,1712423386923,30.0,"""You all right?"" the man says.",805.0
1692,321,1712423388344,21.0,He raps on the glass.,1421.0
1692,322,1712423389233,11.0,"""You okay?""",889.0
1692,323,1712423390760,64.0,He leans his arms on the door and brings his face to the window.,1527.0
1692,324,1712423391441,15.0,I stare at him.,681.0
1692,325,1712423392373,30.0,I can't think what else to do.,932.0
1692,326,1712423397285,34.0,"""Is everything all right in there?",4912.0
1692,327,1712423398426,31.0,"How come you're all locked up?""",1141.0
1692,328,1712423403206,16.0,I shake my head.,4780.0
1692,329,1712423404036,24.0,"""Roll down your window.""",830.0
1692,330,1712423405972,64.0,He shakes his head and looks at the highway and then back at me.,1936.0
1692,331,1712423406806,19.0,"""Roll it down now.""",834.0
1692,332,1712423408156,32.0,"""Please,"" I say, ""I have to go.""",1350.0
1692,333,1712423409593,50.0,"""Open the door,"" he says as if he isn't listening.",1437.0
1692,334,1712423410895,33.0,"""You're going to choke in there.""",1301.0
1692,335,1712423411732,32.0,"He looks at my breasts, my legs.",837.0
1692,336,1712423413271,34.0,I can tell that's what he's doing.,1539.0
1692,337,1712423414070,22.0,"""Hey, sugar,"" he says.",799.0
1692,338,1712423414952,31.0,"""I'm just here to help is all.""",882.0
1692,339,1712423415694,3.0,***,742.0
1692,340,1712423417020,52.0,The casket is closed and covered with floral sprays.,1326.0
1692,341,1712423418408,45.0,The organ starts up the minute I take a seat.,1388.0
1692,342,1712423419882,40.0,People are coming in and finding chairs.,1474.0
1692,343,1712423421577,63.0,There's a boy in flared pants and a yellow short-sleeved shirt.,1695.0
1692,344,1712423423780,100.0,A door opens and the family comes in in a group and moves over to a curtained place off to one side.,2203.0
1692,345,1712423424860,39.0,Chairs creak as everybody gets settled.,1080.0
1692,346,1712423428273,83.0,"Directly, a nice blond man in a nice dark suit stands and asks us to bow our heads.",3413.0
1692,347,1712423430145,105.0,"He says a prayer for us, the living, and when he finishes, he says a prayer for the soul of the departed.",1871.0
1692,348,1712423431227,43.0,Along with the others I go past the casket.,1082.0
1692,349,1712423439213,66.0,Then I move out onto the front steps and into the afternoon light.,7986.0
1692,350,1712423441487,66.0,There's a woman who limps as she goes down the stairs ahead of me.,2274.0
1692,351,1712423442271,33.0,On the sidewalk she looks around.,784.0
1692,352,1712423443453,31.0,"""Well, they got him,"" she says.",1181.0
1692,353,1712423444298,27.0,"""If that's any consolation.",845.0
1692,354,1712423445306,31.0,They arrested him this morning.,1007.0
1692,355,1712423446391,38.0,I heard it on the radio before I come.,1085.0
1692,356,1712423447412,26.0,"A boy right here in town.""",1021.0
1692,357,1712423448844,42.0,We move a few steps down the hot sidewalk.,1431.0
1692,358,1712423449696,25.0,People are starting cars.,852.0
1692,359,1712423451353,49.0,I put out my hand and hold on to a parking meter.,1657.0
1692,360,1712423453110,36.0,Polished hoods and polished fenders.,1757.0
1692,361,1712423454071,14.0,My head swims.,961.0
1692,362,1712423456006,41.0,"I say, ""They have friends, these killers.",1934.0
1692,363,1712423456941,16.0,"You can't tell.""",935.0
1692,364,1712423459450,70.0,"""I have known that child since she was a little girl,"" the woman says.",2509.0
1692,365,1712423462676,93.0,"""She used to come over and I'd bake cookies for her and let her eat them in front of the TV.""",3224.0
1692,366,1712423463357,3.0,***,681.0
1692,367,1712423465670,76.0,"Back home, Stuart sits at the table with a drink of whiskey in front of him.",2313.0
1692,368,1712423467967,57.0,For a crazy instant I think something's happened to Dean.,2297.0
1692,369,1712423468794,14.0,"""Where is he?""",826.0
1692,370,1712423469583,6.0,I say.,787.0
1692,371,1712423470551,16.0,"""Where is Dean?""",967.0
1692,372,1712423471548,27.0,"""Outside,"" my husband says.",997.0
1692,373,1712423473583,34.0,He drains his glass and stands up.,2035.0
1692,374,1712423475080,40.0,"He says, ""I think I know what you need.""",1497.0
1692,375,1712423479366,138.0,He reaches an arm around my waist and with his other hand he begins to unbutton my jacket and then he goes on to the buttons of my blouse.,4285.0
1692,376,1712423480276,30.0,"""First things first,"" he says.",909.0
1692,377,1712423481049,23.0,He says something else.,773.0
1692,378,1712423481825,27.0,But I don't need to listen.,776.0
1692,379,1712423483343,46.0,I can't hear a thing with so much water going.,1518.0
1692,380,1712423483828,3.0,***,485.0
1651,80,1712590040864,3.0,***,5006.0
1651,81,1712590043464,37.0,My husband eats with a good appetite.,2600.0
1651,82,1712590045088,37.0,But I don't think he's really hungry.,1624.0
1651,83,1712590048490,69.0,"He chews, arms on the table, and stares at something across the room.",3402.0
1651,84,1712590049809,30.0,He looks at me and looks away.,1319.0
1651,85,1712590051217,33.0,He wipes his mouth on the napkin.,1408.0
1651,86,1712590052273,30.0,"He shrugs, and goes on eating.",1056.0
1651,87,1712590053673,42.0,"""What are you staring at me for?"" he says.",1400.0
1651,88,1712590055145,45.0,"""What is it?"" he says and lays down his fork.",1472.0
1651,89,1712590056521,42.0,"""Was I staring?"" I say, and shake my head.",1376.0
1651,90,1712590057793,20.0,The telephone rings.,1271.0
1651,91,1712590059026,27.0,"""Don't answer it,"" he says.",1232.0
1651,92,1712590060401,33.0,"""It might be your mother,"" I say.",1375.0
1651,93,1712590061345,25.0,"""Watch and see,"" he says.",944.0
1651,94,1712590062377,34.0,I pick up the receiver and listen.,1032.0
1651,95,1712590063553,24.0,My husband stops eating.,1176.0
1651,96,1712590065305,46.0,"""What did I tell you?"" he says when I hang up.",1752.0
1651,97,1712590066361,23.0,He starts to eat again.,1056.0
1651,98,1712590067321,36.0,Then throws his napkin on his plate.,960.0
1651,99,1712590069674,63.0,"He says, ""Goddamn it, why can't people mind their own business?",2352.0
1651,100,1712590070713,41.0,Tell me what I did wrong and I'll listen!,1039.0
1651,101,1712590071825,28.0,I wasn't the only man there.,1112.0
1651,102,1712590073105,37.0,We talked it over and we all decided.,1280.0
1651,103,1712590075385,29.0,We couldn't just turn around.,2280.0
1651,104,1712590077161,32.0,We were five miles from the car.,1776.0
1651,105,1712590079049,34.0,I won't have you passing judgment.,1888.0
1651,106,1712590080217,13.0,"Do you hear?""",1167.0
1651,107,1712590081889,18.0,"""You know,"" I say.",1671.0
1651,108,1712590083385,33.0,"He says, ""What do I know, Claire?",1496.0
1651,109,1712590084633,34.0,Tell me what I'm supposed to know.,1248.0
1651,110,1712590086201,40.0,"I don't know anything except one thing?""",1568.0
1651,111,1712590087497,48.0,He gives me what he thinks is a meaningful look.,1296.0
1651,112,1712590088281,24.0,"""She was dead,"" he says.",783.0
1651,113,1712590089001,33.0,"""And I'm as sorry as anyone else.",719.0
1651,114,1712590090033,18.0,"But she was dead.""",1032.0
1651,115,1712590091121,26.0,"""That's the point,"" I say.",1088.0
1651,116,1712590091865,20.0,He raises his hands.,743.0
1651,117,1712590093409,40.0,He pushes his chair away from the table.,1544.0
1651,118,1712590095321,72.0,He takes out his cigarettes and goes out to the back with a can of beer.,1912.0
1651,119,1712590097609,64.0,I see him sit in the lawn chair and pick up the newspaper again.,2288.0
1651,120,1712590098833,39.0,His name is in there on the first page.,1224.0
1651,121,1712590100289,36.0,Along with the names of his friends.,1456.0
1651,122,1712590101233,40.0,I close my eyes and hold on to the sink.,944.0
1651,123,1712590103681,74.0,Then I rake my arm across the drainboard and send the dishes to the floor.,2447.0
1651,124,1712590104857,16.0,He doesn't move.,1176.0
1651,125,1712590105521,18.0,I know he's heard.,664.0
1651,126,1712590107225,40.0,He lifts his head as if still listening.,1704.0
1651,127,1712590108498,30.0,But he doesn't move otherwise.,1273.0
1651,128,1712590108906,23.0,He doesn't turn around.,408.0
1651,129,1712590109970,3.0,***,1064.0
1651,130,1712590114658,88.0,"He and Gordon Johnson and Mel Dorn and Vern Williams, they play poker and bowl and fish.",4688.0
1651,131,1712590117058,85.0,They fish every spring and early summer before visiting relatives can get in the way.,2400.0
1651,132,1712590119618,65.0,"They are decent men, family men, men who take care of their jobs.",2560.0
1651,133,1712590121722,65.0,"They have sons and daughters who go to school with our son, Dean.",2104.0
1651,134,1712590123658,55.0,Last Friday these family men left for the Naches River.,1936.0
1651,135,1712590126394,76.0,They parked the car in the mountains and hiked to where they wanted to fish.,2736.0
1651,136,1712590129314,76.0,"They carried their bedrolls, their food, their playing cards, their whiskey.",2920.0
1651,137,1712590132050,42.0,They saw the girl before they set up camp.,2736.0
1651,138,1712590132930,19.0,Mel Dorn found her.,880.0
1651,139,1712590133706,25.0,No clothes on her at all.,776.0
1651,140,1712590136066,64.0,She was wedged into some branches that stuck out over the water.,2360.0
1651,141,1712590137338,43.0,He called the others and they came to look.,1272.0
1651,142,1712590138050,29.0,They talked about what to do.,712.0
1651,143,1712590141298,82.0,One of the men - my Stuart didn't say which - said they should start back at once.,3248.0
1651,144,1712590144154,86.0,"The others stirred the sand with their shoes, said they didn't feel inclined that way.",2856.0
1651,145,1712590147090,82.0,"They pleaded fatigue, the late hour, the fact that the girl wasn't going anywhere.",2936.0
1651,146,1712590148330,47.0,In the end they went ahead and set up the camp.,1240.0
1651,147,1712590149938,42.0,They built a fire and drank their whiskey.,1608.0
1651,148,1712590151818,50.0,"When the moon came up, they talked about the girl.",1880.0
1651,149,1712590153442,59.0,Someone said they should -keep the body from drifting away.,1624.0
1651,150,1712590155018,55.0,They took their flashlights and went back to the river.,1576.0
1651,151,1712590157978,66.0,One of the men - it might have been Stuart - waded in and got her.,2960.0
1651,152,1712590159570,53.0,He took her by the fingers and pulled her into shore.,1592.0
1651,153,1712590162226,87.0,He got some nylon cord and tied it to her wrist and then looped the rest around a tree.,2656.0
1651,154,1712590165634,99.0,"The next morning they cooked breakfast, drank coffee, and drank whiskey, and then split up to fish.",3408.0
1651,155,1712590172525,182.0,"That night they cooked fish, cooked potatoes, drank coffee, drank whiskey, then took their cooking things and eating things back down to the river and washed them where the girl was.",6891.0
1651,156,1712590173517,32.0,They played some cards later on.,991.0
1651,157,1712590174517,55.0,Maybe they played until they couldn't see them anymore.,1000.0
1651,158,1712590175693,28.0,Vern Williams went to sleep.,1176.0
1651,159,1712590176741,28.0,But the others told stories.,1048.0
1651,160,1712590179293,100.0,Gordon Johnson said the trout they'd caught were hard because of the terrible coldness of the water.,2552.0
1651,161,1712590184173,154.0,"The next morning they got up late, drank whiskey, fished a little, took down their tents, rolled their sleeping bags, gathered their stuff, and hiked out.",4880.0
1651,162,1712590184909,41.0,They drove until they got to a telephone.,735.0
1651,163,1712590188013,86.0,It was Stuart who made the call while the others stood around in the sun and listened.,3104.0
1651,164,1712590188821,32.0,He gave the sheriff their names.,808.0
1651,165,1712590190061,25.0,They had nothing to hide.,1240.0
1651,166,1712590190645,21.0,They weren't ashamed.,584.0
1651,167,1712590193629,100.0,They said they'd wait until someone could come for better directions and take down their statements.,2984.0
1651,168,1712590194966,3.0,***,1336.0
1651,169,1712590195821,30.0,I was asleep when he got home.,855.0
1651,170,1712590197157,46.0,But I woke up when I heard him in the kitchen.,1336.0
1651,171,1712590198813,64.0,I found him leaning against the refrigerator with a can of beer.,1656.0
1651,172,1712590201053,68.0,He put his heavy arms around me and rubbed his big hands on my back.,2240.0
1651,173,1712590203837,85.0,In bed he put his hands on me again and then waited as if thinking of something else.,2784.0
1651,174,1712590204733,28.0,I turned and opened my legs.,896.0
1651,175,1712590206397,36.0,"Afterwards, I think he stayed awake.",1664.0
1651,176,1712590208357,53.0,He was up that morning before I could get out of bed.,1960.0
1651,177,1712590210117,54.0,"To see if there was something in the paper, I suppose.",1759.0
1651,178,1712590211461,46.0,The telephone began ringing right after eight.,1344.0
1651,179,1712590212221,13.0,"""Go to hell!""",760.0
1651,180,1712590212901,18.0,I heard him shout.,679.0
1651,181,1712590214157,31.0,The telephone rang right again.,1256.0
1651,182,1712590215821,59.0,"""I have nothing to add to what I already told the sheriff!""",1664.0
1651,183,1712590216701,29.0,He slammed the receiver down.,880.0
1651,184,1712590217413,27.0,"""What is going on?"" I said.",712.0
1651,185,1712590218941,49.0,It was then that he told me what I just told you.,1528.0
1651,186,1712590219885,3.0,***,944.0
1651,187,1712590220845,44.0,I sweep up the broken dishes and go outside.,960.0
1651,188,1712590223541,85.0,"He is lying on his back on the grass now, the newspaper and can of beer within reach.",2696.0
1651,189,1712590224781,41.0,"""Stuart, could we go for a drive?"" I say.",1240.0
1651,190,1712590225557,30.0,He rolls over and looks at me.,776.0
1651,191,1712590226461,37.0,"""We'll pick up some beer,"" he says...",904.0
1651,192,1712590228789,62.0,He gets to his feet and touches me on the hip as he goes past.,2328.0
1651,193,1712590229509,28.0,"""Give me a minute,"" he says.",720.0
1651,194,1712590230421,39.0,We drive through town without speaking.,912.0
1651,195,1712590231117,39.0,He stops at a roadside market for beer.,696.0
1651,196,1712590233009,54.0,I notice a great stack of papers just inside the door.,1892.0
1651,197,1712590236625,89.0,On the top step a fat woman in a print dress holds out a licorice stick to a little girl.,3616.0
1651,198,1712590238945,66.0,"Later on, we cross Everson Creek and turn into the picnic grounds.",2320.0
1651,199,1712590241569,79.0,The creek runs under the bridge and into a large pond a few hundred yards away.,2623.0
1651,200,1712590242481,28.0,I can see the men out there.,912.0
1651,201,1712590243177,33.0,I can see them out there fishing.,696.0
1651,202,1712590243793,31.0,So much water so close to home.,616.0
1651,203,1712590245265,43.0,"I say, ""Why did you have to go miles away?""",1472.0
1651,204,1712590245969,25.0,"""Don't rile me,"" he says.",704.0
1651,205,1712590246617,29.0,We sit on a bench in the sun.,648.0
1651,206,1712590247273,25.0,He opens us cans of beer.,656.0
1651,207,1712590248233,25.0,"He says, ""Relax, Claire.""",960.0
1651,208,1712590249257,30.0,"""They said they were innocent.",1024.0
1651,209,1712590249825,27.0,"They said they were crazy.""",568.0
1651,210,1712590250649,15.0,"He says, ""Who?""",824.0
1651,211,1712590251665,38.0,"He says, ""What are you talking about?""",1016.0
1651,212,1712590252537,21.0,"""The Maddox brothers.",872.0
1651,213,1712590254961,54.0,They killed a girl named Arlene Hubly where I grew up.,2424.0
1651,214,1712590257177,60.0,They cut off her head and threw her into the Cle Elum River.,2216.0
1651,215,1712590258105,31.0,"It happened when I was a girl.""",928.0
1651,216,1712590259089,40.0,"""You're going to get me riled,"" he says.",984.0
1651,217,1712590259993,20.0,I look at the creek.,904.0
1651,218,1712590262641,79.0,"I'm right in it, eyes open, face down, staring at the moss on the bottom, dead.",2648.0
1651,219,1712590263977,62.0,"""I don't know what's wrong with you,"" he says on the way home.",1336.0
1651,220,1712590265169,45.0,"""You're getting me more riled by the minute.""",1192.0
1651,221,1712590265777,34.0,There is nothing I can say to him.,608.0
1651,222,1712590266505,36.0,He tries to concentrate on the road.,728.0
1651,223,1712590268033,47.0,But he keeps looking into the rear-view mirror.,1528.0
1651,224,1712590268929,9.0,He knows.,896.0
1651,225,1712590269545,3.0,***,616.0
1651,226,1712590271329,52.0,Stuart believes he is letting me sleep this morning.,1784.0
1651,227,1712590272529,47.0,But I was awake long before the alarm went off.,1200.0
1651,228,1712590274337,74.0,"I was thinking, lying on the far side of the bed away from his hairy legs.",1808.0
1651,229,1712590276497,78.0,"He gets Dean off for school, and then he shaves, dresses, and leaves for work.",2160.0
1651,230,1712590277593,40.0,Twice he looks in and clears his throat.,1096.0
1651,231,1712590278273,26.0,But I keep my eyes closed.,680.0
1651,232,1712590279641,38.0,In the kitchen I find a note from him.,1368.0
1651,233,1712590280305,19.0,"It's signed ""Love.""",664.0
1651,234,1712590282785,74.0,I sit in the breakfast nook and drink coffee and leave a ring on the note.,2480.0
1651,235,1712590284689,67.0,I look at the newspaper and turn it this way and that on the table.,1904.0
1651,236,1712590286249,43.0,Then I skid it close and read what it says.,1560.0
1651,237,1712590287649,38.0,"The body has been identified, claimed.",1400.0
1651,238,1712590292521,155.0,"But it took some examining it, some putting things into it, some cutting, some weighing, some measuring, some putting things back again and sewing them in.",4872.0
1651,239,1712590293721,57.0,I sit for a long time holding the newspaper and thinking.,1200.0
1651,240,1712590294721,51.0,Then I call up to get a chair at the hairdresser's.,999.0
1651,241,1712590295520,3.0,***,799.0
1651,242,1712590299320,75.0,I sit under the dryer with a magazine on my lap and let Marnie do my nails.,3799.0
1651,243,1712590300641,42.0,"""I am going to a funeral tomorrow,"" I say.",1319.0
1651,244,1712590301561,38.0,"""I'm sorry to hear that,"" Marnie says.",919.0
1651,245,1712590302424,25.0,"""It was a murder,"" I say.",863.0
1651,246,1712590303192,37.0,"""That's the worst kind,"" Marnie says.",767.0
1651,247,1712590304065,35.0,"""We weren't all that close,"" I say.",872.0
1651,248,1712590304801,15.0,"""But you know?""",735.0
1651,249,1712590305904,45.0,"""We'll get you fixed up for it,"" Marnie says.",1103.0
1651,250,1712590307720,72.0,"That night I make my bed on the sofa, and in the morning I get up first.",1815.0
1651,251,1712590308921,50.0,I put on coffee and fix breakfast while he shaves.,1201.0
1651,252,1712590311137,76.0,"He appears in the kitchen doorway, towel over his bare shoulder, appraising.",2216.0
1651,253,1712590311920,23.0,"""Here's coffee,"" I say.",783.0
1651,254,1712590312633,31.0,"""Eggs'll be ready in a minute.”",711.0
1651,255,1712590313577,37.0,"I wake Dean, and the three of us eat.",943.0
1651,256,1712590315897,79.0,"Whenever Stuart looks at me, I ask Dean if he wants more milk, more toast, etc.",2320.0
1651,257,1712590317784,56.0,"""I'll call you today,"" Stuart says as he opens the door.",1887.0
1651,258,1712590318753,42.0,"I say, ""I don't think I'll be home today.""",967.0
1651,259,1712590319456,21.0,"""All right,"" he says.",703.0
1651,260,1712590320072,7.0,"""Sure.""",615.0
1651,261,1712590320681,18.0,I dress carefully.,608.0
1651,262,1712590321928,48.0,I try on a hat and look at myself in the mirror.,1247.0
1651,263,1712590322600,28.0,I write out a note for Dean.,671.0
1651,264,1712590324913,69.0,"Honey, Mommy has things to do this afternoon, but will be back later.",2312.0
1651,265,1712590327057,61.0,You stay in or be in the backyard until one of us comes home.,2144.0
1651,266,1712590327896,11.0,"Love, Mommy",839.0
1651,267,1712590329480,48.0,I look at the word Love and then I underline it.,1583.0
1651,268,1712590330480,29.0,Then I see the word backyard.,999.0
1651,269,1712590331081,22.0,Is it one word or two?,600.0
1651,270,1712590332449,3.0,***,1367.0
1651,271,1712590336472,121.0,"I drive through farm country, through fields of oats and sugar beets and past apple orchards, cattle grazing in pastures.",4023.0
1651,272,1712590339417,99.0,"Then everything changes, more like shacks than farmhouses and stands of timber instead of orchards.",2944.0
1651,273,1712590341880,78.0,"Then mountains, and on the right, far below, I sometimes see the Naches River.",2463.0
1651,274,1712590343753,64.0,A green pickup comes up behind me and stays behind me for miles.,1871.0
1651,275,1712590344760,55.0,"I keep slowing at the wrong times, hoping he will pass.",1007.0
1651,276,1712590345440,16.0,Then I speed up.,679.0
1651,277,1712590346032,36.0,"But this is at the wrong times, too.",592.0
1651,278,1712590347464,39.0,I grip the wheel until my fingers hurt.,1432.0
1651,279,1712590348032,37.0,On a long clear stretch he goes past.,567.0
1651,280,1712590349385,73.0,"But he drives along beside for a bit, a crewcut man in a blue work shirt.",1352.0
1651,281,1712590350073,24.0,We look each other over.,688.0
1651,282,1712590351296,53.0,"Then he waves, toots his horn, and pulls on up ahead.",1223.0
1651,283,1712590352136,29.0,I slow down and find a place.,839.0
1651,284,1712590353264,35.0,I pull over and shut off the motor.,1128.0
1651,285,1712590355097,42.0,I can hear the river down below the trees.,1832.0
1651,286,1712590356265,35.0,Then I hear the pickup coming back.,1168.0
1651,287,1712590357041,41.0,I lock the doors and roll up the windows.,776.0
1651,288,1712590357913,30.0,"""You all right?"" the man says.",872.0
1651,289,1712590358761,21.0,He raps on the glass.,848.0
1651,290,1712590359433,11.0,"""You okay?""",672.0
1651,291,1712590361249,64.0,He leans his arms on the door and brings his face to the window.,1816.0
1651,292,1712590362177,15.0,I stare at him.,928.0
1651,293,1712590363025,30.0,I can't think what else to do.,848.0
1651,294,1712590364009,34.0,"""Is everything all right in there?",984.0
1651,295,1712590365097,31.0,"How come you're all locked up?""",1088.0
1651,296,1712590365777,16.0,I shake my head.,680.0
1651,297,1712590366561,24.0,"""Roll down your window.""",784.0
1651,298,1712590368289,64.0,He shakes his head and looks at the highway and then back at me.,1728.0
1651,299,1712590368937,19.0,"""Roll it down now.""",648.0
1651,300,1712590369553,32.0,"""Please,"" I say, ""I have to go.""",616.0
1651,301,1712590370737,50.0,"""Open the door,"" he says as if he isn't listening.",1184.0
1651,302,1712590371617,33.0,"""You're going to choke in there.""",880.0
1651,303,1712590372913,32.0,"He looks at my breasts, my legs.",1296.0
1651,304,1712590373849,34.0,I can tell that's what he's doing.,936.0
1651,305,1712590374641,22.0,"""Hey, sugar,"" he says.",792.0
1651,306,1712590375417,31.0,"""I'm just here to help is all.""",776.0
1651,307,1712590376641,3.0,***,1224.0
1651,308,1712590378265,52.0,The casket is closed and covered with floral sprays.,1624.0
1651,309,1712590379417,45.0,The organ starts up the minute I take a seat.,1152.0
1651,310,1712590380473,40.0,People are coming in and finding chairs.,1056.0
1651,311,1712590381953,63.0,There's a boy in flared pants and a yellow short-sleeved shirt.,1480.0
1651,312,1712590385033,100.0,A door opens and the family comes in in a group and moves over to a curtained place off to one side.,3080.0
1651,313,1712590386057,39.0,Chairs creak as everybody gets settled.,1024.0
1651,314,1712590386665,83.0,"Directly, a nice blond man in a nice dark suit stands and asks us to bow our heads.",608.0
1651,315,1712590388609,105.0,"He says a prayer for us, the living, and when he finishes, he says a prayer for the soul of the departed.",1944.0
1651,316,1712590389657,43.0,Along with the others I go past the casket.,1048.0
1651,317,1712590390865,66.0,Then I move out onto the front steps and into the afternoon light.,1208.0
1651,318,1712590392761,66.0,There's a woman who limps as she goes down the stairs ahead of me.,1896.0
1651,319,1712590393625,33.0,On the sidewalk she looks around.,864.0
1651,320,1712590394241,31.0,"""Well, they got him,"" she says.",616.0
1651,321,1712590395305,27.0,"""If that's any consolation.",1064.0
1651,322,1712590395753,31.0,They arrested him this morning.,448.0
1651,323,1712590396993,38.0,I heard it on the radio before I come.,1240.0
1651,324,1712590397753,26.0,"A boy right here in town.""",760.0
1651,325,1712590398705,42.0,We move a few steps down the hot sidewalk.,952.0
1651,326,1712590399561,25.0,People are starting cars.,856.0
1651,327,1712590400697,49.0,I put out my hand and hold on to a parking meter.,1136.0
1651,328,1712590401833,36.0,Polished hoods and polished fenders.,1136.0
1651,329,1712590402601,14.0,My head swims.,768.0
1651,330,1712590403713,41.0,"I say, ""They have friends, these killers.",1112.0
1651,331,1712590404545,16.0,"You can't tell.""",832.0
1651,332,1712590406745,70.0,"""I have known that child since she was a little girl,"" the woman says.",2200.0
1651,333,1712590409009,93.0,"""She used to come over and I'd bake cookies for her and let her eat them in front of the TV.""",2264.0
1651,334,1712590409809,3.0,***,800.0
1651,335,1712590412025,76.0,"Back home, Stuart sits at the table with a drink of whiskey in front of him.",2216.0
1651,336,1712590413497,57.0,For a crazy instant I think something's happened to Dean.,1472.0
1651,337,1712590414137,14.0,"""Where is he?""",640.0
1651,338,1712590414705,6.0,I say.,568.0
1651,339,1712590415250,16.0,"""Where is Dean?""",545.0
1651,340,1712590415866,27.0,"""Outside,"" my husband says.",616.0
1651,341,1712590417010,34.0,He drains his glass and stands up.,1144.0
1651,342,1712590418034,40.0,"He says, ""I think I know what you need.""",1024.0
1651,343,1712590421074,138.0,He reaches an arm around my waist and with his other hand he begins to unbutton my jacket and then he goes on to the buttons of my blouse.,3040.0
1651,344,1712590421938,30.0,"""First things first,"" he says.",864.0
1651,345,1712590422578,23.0,He says something else.,640.0
1651,346,1712590423178,27.0,But I don't need to listen.,600.0
1651,347,1712590423970,46.0,I can't hear a thing with so much water going.,792.0
1651,348,1712590424706,3.0,***,736.0
1713,122,1712427936795,3.0,***,1994.0
1713,123,1712427939221,37.0,My husband eats with a good appetite.,2426.0
1713,124,1712427946744,37.0,But I don't think he's really hungry.,7523.0
1713,125,1712427950885,69.0,"He chews, arms on the table, and stares at something across the room.",4141.0
1713,126,1712427968280,30.0,He looks at me and looks away.,17395.0
1713,127,1712427975318,33.0,He wipes his mouth on the napkin.,7038.0
1713,128,1712427979614,30.0,"He shrugs, and goes on eating.",4296.0
1713,129,1712427983380,42.0,"""What are you staring at me for?"" he says.",3766.0
1713,130,1712427987448,45.0,"""What is it?"" he says and lays down his fork.",4068.0
1713,131,1712427989292,42.0,"""Was I staring?"" I say, and shake my head.",1844.0
1713,132,1712427990709,20.0,The telephone rings.,1417.0
1713,133,1712427991824,27.0,"""Don't answer it,"" he says.",1115.0
1713,134,1712427993057,33.0,"""It might be your mother,"" I say.",1233.0
1713,135,1712427994167,25.0,"""Watch and see,"" he says.",1110.0
1713,136,1712427995451,34.0,I pick up the receiver and listen.,1284.0
1713,137,1712427996684,24.0,My husband stops eating.,1233.0
1713,138,1712427997898,46.0,"""What did I tell you?"" he says when I hang up.",1213.0
1713,139,1712427999077,23.0,He starts to eat again.,1179.0
1713,140,1712428000343,36.0,Then throws his napkin on his plate.,1266.0
1713,141,1712428001991,63.0,"He says, ""Goddamn it, why can't people mind their own business?",1648.0
1713,142,1712428003394,41.0,Tell me what I did wrong and I'll listen!,1403.0
1713,143,1712428005133,28.0,I wasn't the only man there.,1739.0
1713,144,1712428006631,37.0,We talked it over and we all decided.,1498.0
1713,145,1712428008144,29.0,We couldn't just turn around.,1513.0
1713,146,1712428009211,32.0,We were five miles from the car.,1066.0
1713,147,1712428010617,34.0,I won't have you passing judgment.,1406.0
1713,148,1712428011687,13.0,"Do you hear?""",1070.0
1713,149,1712428012567,18.0,"""You know,"" I say.",880.0
1713,150,1712428014244,33.0,"He says, ""What do I know, Claire?",1677.0
1713,151,1712428015760,34.0,Tell me what I'm supposed to know.,1516.0
1713,152,1712428017759,40.0,"I don't know anything except one thing?""",1999.0
1713,153,1712428019949,48.0,He gives me what he thinks is a meaningful look.,2190.0
1713,154,1712428021783,24.0,"""She was dead,"" he says.",1834.0
1713,155,1712428023119,33.0,"""And I'm as sorry as anyone else.",1336.0
1713,156,1712428023989,18.0,"But she was dead.""",870.0
1713,157,1712428024989,26.0,"""That's the point,"" I say.",1000.0
1713,158,1712428025979,20.0,He raises his hands.,990.0
1713,159,1712428027338,40.0,He pushes his chair away from the table.,1359.0
1713,160,1712428030215,72.0,He takes out his cigarettes and goes out to the back with a can of beer.,2877.0
1713,161,1712428033056,64.0,I see him sit in the lawn chair and pick up the newspaper again.,2841.0
1713,162,1712428035047,39.0,His name is in there on the first page.,1991.0
1713,163,1712428036152,36.0,Along with the names of his friends.,1105.0
1713,164,1712428037302,40.0,I close my eyes and hold on to the sink.,1150.0
1713,165,1712428040555,74.0,Then I rake my arm across the drainboard and send the dishes to the floor.,3253.0
1713,166,1712428041535,16.0,He doesn't move.,980.0
1713,167,1712428042581,18.0,I know he's heard.,1046.0
1713,168,1712428043529,40.0,He lifts his head as if still listening.,948.0
1713,169,1712428044775,30.0,But he doesn't move otherwise.,1246.0
1713,170,1712428045652,23.0,He doesn't turn around.,877.0
1713,171,1712428047818,3.0,***,2166.0
1713,172,1712428050881,88.0,"He and Gordon Johnson and Mel Dorn and Vern Williams, they play poker and bowl and fish.",3063.0
1713,173,1712428054015,85.0,They fish every spring and early summer before visiting relatives can get in the way.,3134.0
1713,174,1712428055957,65.0,"They are decent men, family men, men who take care of their jobs.",1942.0
1713,175,1712428057781,65.0,"They have sons and daughters who go to school with our son, Dean.",1824.0
1713,176,1712428059296,55.0,Last Friday these family men left for the Naches River.,1515.0
1713,177,1712428061890,76.0,They parked the car in the mountains and hiked to where they wanted to fish.,2594.0
1713,178,1712428064187,76.0,"They carried their bedrolls, their food, their playing cards, their whiskey.",2297.0
1713,179,1712428066028,42.0,They saw the girl before they set up camp.,1840.0
1713,180,1712428067277,19.0,Mel Dorn found her.,1249.0
1713,181,1712428068760,25.0,No clothes on her at all.,1483.0
1713,182,1712428072104,64.0,She was wedged into some branches that stuck out over the water.,3344.0
1713,183,1712428073918,43.0,He called the others and they came to look.,1814.0
1713,184,1712428076155,29.0,They talked about what to do.,2237.0
1713,185,1712428079691,82.0,One of the men - my Stuart didn't say which - said they should start back at once.,3536.0
1713,186,1712428082796,86.0,"The others stirred the sand with their shoes, said they didn't feel inclined that way.",3104.0
1713,187,1712428085038,82.0,"They pleaded fatigue, the late hour, the fact that the girl wasn't going anywhere.",2242.0
1713,188,1712428086794,47.0,In the end they went ahead and set up the camp.,1756.0
1713,189,1712428087905,42.0,They built a fire and drank their whiskey.,1111.0
1713,190,1712428088990,50.0,"When the moon came up, they talked about the girl.",1085.0
1713,191,1712428091268,59.0,Someone said they should -keep the body from drifting away.,2278.0
1713,192,1712428095675,55.0,They took their flashlights and went back to the river.,4407.0
1713,193,1712428100398,66.0,One of the men - it might have been Stuart - waded in and got her.,4723.0
1713,194,1712428102589,53.0,He took her by the fingers and pulled her into shore.,2191.0
1713,195,1712428104994,87.0,He got some nylon cord and tied it to her wrist and then looped the rest around a tree.,2405.0
1713,196,1712428107883,99.0,"The next morning they cooked breakfast, drank coffee, and drank whiskey, and then split up to fish.",2889.0
1713,197,1712428113862,182.0,"That night they cooked fish, cooked potatoes, drank coffee, drank whiskey, then took their cooking things and eating things back down to the river and washed them where the girl was.",5979.0
1713,198,1712428115006,32.0,They played some cards later on.,1144.0
1713,199,1712428117834,55.0,Maybe they played until they couldn't see them anymore.,2828.0
1713,200,1712428119117,28.0,Vern Williams went to sleep.,1283.0
1713,201,1712428120083,28.0,But the others told stories.,966.0
1713,202,1712428124614,100.0,Gordon Johnson said the trout they'd caught were hard because of the terrible coldness of the water.,4531.0
1713,203,1712428128702,154.0,"The next morning they got up late, drank whiskey, fished a little, took down their tents, rolled their sleeping bags, gathered their stuff, and hiked out.",4088.0
1713,204,1712428130104,41.0,They drove until they got to a telephone.,1402.0
1713,205,1712428132442,86.0,It was Stuart who made the call while the others stood around in the sun and listened.,2338.0
1713,206,1712428133355,32.0,He gave the sheriff their names.,913.0
1713,207,1712428134113,25.0,They had nothing to hide.,758.0
1713,208,1712428134728,21.0,They weren't ashamed.,615.0
1713,209,1712428137428,100.0,They said they'd wait until someone could come for better directions and take down their statements.,2700.0
1713,210,1712428139063,3.0,***,1635.0
1713,211,1712428140048,30.0,I was asleep when he got home.,985.0
1713,212,1712428141801,46.0,But I woke up when I heard him in the kitchen.,1753.0
1713,213,1712428143326,64.0,I found him leaning against the refrigerator with a can of beer.,1525.0
1713,214,1712428145927,68.0,He put his heavy arms around me and rubbed his big hands on my back.,2601.0
1713,215,1712428148882,85.0,In bed he put his hands on me again and then waited as if thinking of something else.,2955.0
1713,216,1712428150274,28.0,I turned and opened my legs.,1392.0
1713,217,1712428151556,36.0,"Afterwards, I think he stayed awake.",1282.0
1713,218,1712428155266,53.0,He was up that morning before I could get out of bed.,3710.0
1713,219,1712428156892,54.0,"To see if there was something in the paper, I suppose.",1626.0
1713,220,1712428157875,46.0,The telephone began ringing right after eight.,982.0
1713,221,1712428158723,13.0,"""Go to hell!""",848.0
1713,222,1712428159559,18.0,I heard him shout.,836.0
1713,223,1712428160353,31.0,The telephone rang right again.,794.0
1713,224,1712428161982,59.0,"""I have nothing to add to what I already told the sheriff!""",1629.0
1713,225,1712428162808,29.0,He slammed the receiver down.,826.0
1713,226,1712428163624,27.0,"""What is going on?"" I said.",816.0
1713,227,1712428165831,49.0,It was then that he told me what I just told you.,2207.0
1713,228,1712428166839,3.0,***,1008.0
1713,229,1712428168149,44.0,I sweep up the broken dishes and go outside.,1310.0
1713,230,1712428171327,85.0,"He is lying on his back on the grass now, the newspaper and can of beer within reach.",3178.0
1713,231,1712428173141,41.0,"""Stuart, could we go for a drive?"" I say.",1814.0
1713,232,1712428174018,30.0,He rolls over and looks at me.,877.0
1713,233,1712428174890,37.0,"""We'll pick up some beer,"" he says...",872.0
1713,234,1712428177372,62.0,He gets to his feet and touches me on the hip as he goes past.,2482.0
1713,235,1712428178224,28.0,"""Give me a minute,"" he says.",852.0
1713,236,1712428179534,39.0,We drive through town without speaking.,1310.0
1713,237,1712428181748,39.0,He stops at a roadside market for beer.,2214.0
1713,238,1712428183748,54.0,I notice a great stack of papers just inside the door.,1999.0
1713,239,1712428190595,89.0,On the top step a fat woman in a print dress holds out a licorice stick to a little girl.,6847.0
1713,240,1712428192841,66.0,"Later on, we cross Everson Creek and turn into the picnic grounds.",2246.0
1713,241,1712428195928,79.0,The creek runs under the bridge and into a large pond a few hundred yards away.,3087.0
1713,242,1712428196677,28.0,I can see the men out there.,749.0
1713,243,1712428197446,33.0,I can see them out there fishing.,769.0
1713,244,1712428198267,31.0,So much water so close to home.,821.0
1713,245,1712428200170,43.0,"I say, ""Why did you have to go miles away?""",1903.0
1713,246,1712428200995,25.0,"""Don't rile me,"" he says.",825.0
1713,247,1712428201735,29.0,We sit on a bench in the sun.,740.0
1713,248,1712428202548,25.0,He opens us cans of beer.,813.0
1713,249,1712428203565,25.0,"He says, ""Relax, Claire.""",1017.0
1713,250,1712428204868,30.0,"""They said they were innocent.",1303.0
1713,251,1712428205643,27.0,"They said they were crazy.""",775.0
1713,252,1712428206459,15.0,"He says, ""Who?""",816.0
1713,253,1712428207558,38.0,"He says, ""What are you talking about?""",1098.0
1713,254,1712428208530,21.0,"""The Maddox brothers.",972.0
1713,255,1712428210373,54.0,They killed a girl named Arlene Hubly where I grew up.,1843.0
1713,256,1712428212656,60.0,They cut off her head and threw her into the Cle Elum River.,2283.0
1713,257,1712428213846,31.0,"It happened when I was a girl.""",1189.0
1713,258,1712428215086,40.0,"""You're going to get me riled,"" he says.",1240.0
1713,259,1712428215784,20.0,I look at the creek.,698.0
1713,260,1712428219725,79.0,"I'm right in it, eyes open, face down, staring at the moss on the bottom, dead.",3941.0
1713,261,1712428221383,62.0,"""I don't know what's wrong with you,"" he says on the way home.",1658.0
1713,262,1712428222810,45.0,"""You're getting me more riled by the minute.""",1427.0
1713,263,1712428224555,34.0,There is nothing I can say to him.,1745.0
1713,264,1712428225812,36.0,He tries to concentrate on the road.,1257.0
1713,265,1712428227464,47.0,But he keeps looking into the rear-view mirror.,1652.0
1713,266,1712428228016,9.0,He knows.,552.0
1713,267,1712428228449,3.0,***,433.0
1713,268,1712428230470,52.0,Stuart believes he is letting me sleep this morning.,2021.0
1713,269,1712428232885,47.0,But I was awake long before the alarm went off.,2415.0
1713,270,1712428235227,74.0,"I was thinking, lying on the far side of the bed away from his hairy legs.",2342.0
1713,271,1712428237801,78.0,"He gets Dean off for school, and then he shaves, dresses, and leaves for work.",2574.0
1713,272,1712428239259,40.0,Twice he looks in and clears his throat.,1458.0
1713,273,1712428240317,26.0,But I keep my eyes closed.,1058.0
1713,274,1712428241903,38.0,In the kitchen I find a note from him.,1586.0
1713,275,1712428242663,19.0,"It's signed ""Love.""",760.0
1713,276,1712428244965,74.0,I sit in the breakfast nook and drink coffee and leave a ring on the note.,2302.0
1713,277,1712428247330,67.0,I look at the newspaper and turn it this way and that on the table.,2364.0
1713,278,1712428248696,43.0,Then I skid it close and read what it says.,1366.0
1713,279,1712428249929,38.0,"The body has been identified, claimed.",1233.0
1713,280,1712428259884,155.0,"But it took some examining it, some putting things into it, some cutting, some weighing, some measuring, some putting things back again and sewing them in.",9955.0
1713,281,1712428262407,57.0,I sit for a long time holding the newspaper and thinking.,2523.0
1713,282,1712428264425,51.0,Then I call up to get a chair at the hairdresser's.,2018.0
1713,283,1712428266207,3.0,***,1782.0
1713,284,1712428268164,75.0,I sit under the dryer with a magazine on my lap and let Marnie do my nails.,1956.0
1713,285,1712428269495,42.0,"""I am going to a funeral tomorrow,"" I say.",1331.0
1713,286,1712428270759,38.0,"""I'm sorry to hear that,"" Marnie says.",1264.0
1713,287,1712428271869,25.0,"""It was a murder,"" I say.",1110.0
1713,288,1712428272822,37.0,"""That's the worst kind,"" Marnie says.",953.0
1713,289,1712428273840,35.0,"""We weren't all that close,"" I say.",1018.0
1713,290,1712428274607,15.0,"""But you know?""",767.0
1713,291,1712428276307,45.0,"""We'll get you fixed up for it,"" Marnie says.",1700.0
1713,292,1712428279372,72.0,"That night I make my bed on the sofa, and in the morning I get up first.",3065.0
1713,293,1712428280948,50.0,I put on coffee and fix breakfast while he shaves.,1576.0
1713,294,1712428283249,76.0,"He appears in the kitchen doorway, towel over his bare shoulder, appraising.",2301.0
1713,295,1712428284243,23.0,"""Here's coffee,"" I say.",993.0
1713,296,1712428285216,31.0,"""Eggs'll be ready in a minute.”",973.0
1713,297,1712428286243,37.0,"I wake Dean, and the three of us eat.",1027.0
1713,298,1712428289390,79.0,"Whenever Stuart looks at me, I ask Dean if he wants more milk, more toast, etc.",3147.0
1713,299,1712428291546,56.0,"""I'll call you today,"" Stuart says as he opens the door.",2155.0
1713,300,1712428292953,42.0,"I say, ""I don't think I'll be home today.""",1407.0
1713,301,1712428293519,21.0,"""All right,"" he says.",566.0
1713,302,1712428293933,7.0,"""Sure.""",413.0
1713,303,1712428294376,18.0,I dress carefully.,443.0
1713,304,1712428295988,48.0,I try on a hat and look at myself in the mirror.,1612.0
1713,305,1712428296946,28.0,I write out a note for Dean.,958.0
1713,306,1712428299501,69.0,"Honey, Mommy has things to do this afternoon, but will be back later.",2555.0
1713,307,1712428301681,61.0,You stay in or be in the backyard until one of us comes home.,2180.0
1713,308,1712428302262,11.0,"Love, Mommy",581.0
1713,309,1712428304487,48.0,I look at the word Love and then I underline it.,2225.0
1713,310,1712428305416,29.0,Then I see the word backyard.,929.0
1713,311,1712428306500,22.0,Is it one word or two?,1084.0
1713,312,1712428307413,3.0,***,913.0
1713,313,1712428310280,121.0,"I drive through farm country, through fields of oats and sugar beets and past apple orchards, cattle grazing in pastures.",2867.0
1713,314,1712428313087,99.0,"Then everything changes, more like shacks than farmhouses and stands of timber instead of orchards.",2807.0
1713,315,1712428314889,78.0,"Then mountains, and on the right, far below, I sometimes see the Naches River.",1802.0
1713,316,1712428318764,64.0,A green pickup comes up behind me and stays behind me for miles.,3875.0
1713,317,1712428320345,55.0,"I keep slowing at the wrong times, hoping he will pass.",1581.0
1713,318,1712428321053,16.0,Then I speed up.,708.0
1713,319,1712428321920,36.0,"But this is at the wrong times, too.",867.0
1713,320,1712428323590,39.0,I grip the wheel until my fingers hurt.,1670.0
1713,321,1712428324494,37.0,On a long clear stretch he goes past.,904.0
1713,322,1712428325421,73.0,"But he drives along beside for a bit, a crewcut man in a blue work shirt.",927.0
1713,323,1712428326267,24.0,We look each other over.,846.0
1713,324,1712428327716,53.0,"Then he waves, toots his horn, and pulls on up ahead.",1449.0
1713,325,1712428328456,29.0,I slow down and find a place.,740.0
1713,326,1712428330067,35.0,I pull over and shut off the motor.,1611.0
1713,327,1712428331731,42.0,I can hear the river down below the trees.,1664.0
1713,328,1712428333042,35.0,Then I hear the pickup coming back.,1311.0
1713,329,1712428335073,41.0,I lock the doors and roll up the windows.,2031.0
1713,330,1712428335844,30.0,"""You all right?"" the man says.",771.0
1713,331,1712428336568,21.0,He raps on the glass.,724.0
1713,332,1712428337049,11.0,"""You okay?""",480.0
1713,333,1712428338779,64.0,He leans his arms on the door and brings his face to the window.,1730.0
1713,334,1712428339449,15.0,I stare at him.,669.0
1713,335,1712428340350,30.0,I can't think what else to do.,901.0
1713,336,1712428340985,34.0,"""Is everything all right in there?",635.0
1713,337,1712428341836,31.0,"How come you're all locked up?""",851.0
1713,338,1712428342704,16.0,I shake my head.,868.0
1713,339,1712428344223,24.0,"""Roll down your window.""",1518.0
1713,340,1712428346134,64.0,He shakes his head and looks at the highway and then back at me.,1911.0
1713,341,1712428346722,19.0,"""Roll it down now.""",588.0
1713,342,1712428348422,32.0,"""Please,"" I say, ""I have to go.""",1700.0
1713,343,1712428350280,50.0,"""Open the door,"" he says as if he isn't listening.",1858.0
1713,344,1712428351534,33.0,"""You're going to choke in there.""",1254.0
1713,345,1712428352655,32.0,"He looks at my breasts, my legs.",1121.0
1713,346,1712428353658,34.0,I can tell that's what he's doing.,1003.0
1713,347,1712428354438,22.0,"""Hey, sugar,"" he says.",780.0
1713,348,1712428355733,31.0,"""I'm just here to help is all.""",1295.0
1713,349,1712428356151,3.0,***,418.0
1713,350,1712428358605,52.0,The casket is closed and covered with floral sprays.,2454.0
1713,351,1712428359821,45.0,The organ starts up the minute I take a seat.,1216.0
1713,352,1712428360983,40.0,People are coming in and finding chairs.,1162.0
1713,353,1712428362471,63.0,There's a boy in flared pants and a yellow short-sleeved shirt.,1488.0
1713,354,1712428365143,100.0,A door opens and the family comes in in a group and moves over to a curtained place off to one side.,2672.0
1713,355,1712428366162,39.0,Chairs creak as everybody gets settled.,1019.0
1713,356,1712428369258,83.0,"Directly, a nice blond man in a nice dark suit stands and asks us to bow our heads.",3096.0
1713,357,1712428373139,105.0,"He says a prayer for us, the living, and when he finishes, he says a prayer for the soul of the departed.",3881.0
1713,358,1712428375532,43.0,Along with the others I go past the casket.,2393.0
1713,359,1712428377677,66.0,Then I move out onto the front steps and into the afternoon light.,2145.0
1713,360,1712428380553,66.0,There's a woman who limps as she goes down the stairs ahead of me.,2876.0
1713,361,1712428381791,33.0,On the sidewalk she looks around.,1238.0
1713,362,1712428382937,31.0,"""Well, they got him,"" she says.",1146.0
1713,363,1712428383942,27.0,"""If that's any consolation.",1005.0
1713,364,1712428384728,31.0,They arrested him this morning.,786.0
1713,365,1712428385882,38.0,I heard it on the radio before I come.,1154.0
1713,366,1712428386892,26.0,"A boy right here in town.""",1010.0
1713,367,1712428388893,42.0,We move a few steps down the hot sidewalk.,2001.0
1713,368,1712428389620,25.0,People are starting cars.,727.0
1713,369,1712428391630,49.0,I put out my hand and hold on to a parking meter.,2010.0
1713,370,1712428393126,36.0,Polished hoods and polished fenders.,1496.0
1713,371,1712428394286,14.0,My head swims.,1159.0
1713,372,1712428395786,41.0,"I say, ""They have friends, these killers.",1500.0
1713,373,1712428396443,16.0,"You can't tell.""",657.0
1713,374,1712428400983,70.0,"""I have known that child since she was a little girl,"" the woman says.",4540.0
1713,375,1712428407634,93.0,"""She used to come over and I'd bake cookies for her and let her eat them in front of the TV.""",6651.0
1713,376,1712428408609,3.0,***,975.0
1713,377,1712428410583,76.0,"Back home, Stuart sits at the table with a drink of whiskey in front of him.",1974.0
1713,378,1712428413190,57.0,For a crazy instant I think something's happened to Dean.,2607.0
1713,379,1712428413827,14.0,"""Where is he?""",637.0
1713,380,1712428414464,6.0,I say.,637.0
1713,381,1712428414967,16.0,"""Where is Dean?""",503.0
1713,382,1712428415739,27.0,"""Outside,"" my husband says.",772.0
1713,383,1712428417047,34.0,He drains his glass and stands up.,1308.0
1713,384,1712428419065,40.0,"He says, ""I think I know what you need.""",2018.0
1713,385,1712428422860,138.0,He reaches an arm around my waist and with his other hand he begins to unbutton my jacket and then he goes on to the buttons of my blouse.,3795.0
1713,386,1712428423560,30.0,"""First things first,"" he says.",700.0
1713,387,1712428424164,23.0,He says something else.,604.0
1713,388,1712428424996,27.0,But I don't need to listen.,831.0
1713,389,1712428426476,46.0,I can't hear a thing with so much water going.,1480.0
1713,390,1712428426902,3.0,***,426.0
1704,125,1712620205631,3.0,***,10139.0
1704,126,1712620208427,37.0,My husband eats with a good appetite.,2796.0
1704,127,1712620212275,37.0,But I don't think he's really hungry.,3848.0
1704,128,1712620218293,69.0,"He chews, arms on the table, and stares at something across the room.",6017.0
1704,129,1712620219955,30.0,He looks at me and looks away.,1662.0
1704,130,1712620221563,33.0,He wipes his mouth on the napkin.,1607.0
1704,131,1712620223781,30.0,"He shrugs, and goes on eating.",2218.0
1704,132,1712620226211,42.0,"""What are you staring at me for?"" he says.",2429.0
1704,133,1712620230265,45.0,"""What is it?"" he says and lays down his fork.",4053.0
1704,134,1712620232595,42.0,"""Was I staring?"" I say, and shake my head.",2330.0
1704,135,1712620233648,20.0,The telephone rings.,1053.0
1704,136,1712620235003,27.0,"""Don't answer it,"" he says.",1355.0
1704,137,1712620237631,33.0,"""It might be your mother,"" I say.",2628.0
1704,138,1712620238581,25.0,"""Watch and see,"" he says.",950.0
1704,139,1712620239639,34.0,I pick up the receiver and listen.,1058.0
1704,140,1712620240961,24.0,My husband stops eating.,1322.0
1704,141,1712620242656,46.0,"""What did I tell you?"" he says when I hang up.",1693.0
1704,142,1712620244063,23.0,He starts to eat again.,1407.0
1704,143,1712620245172,36.0,Then throws his napkin on his plate.,1107.0
1704,144,1712620246860,63.0,"He says, ""Goddamn it, why can't people mind their own business?",1688.0
1704,145,1712620248492,41.0,Tell me what I did wrong and I'll listen!,1631.0
1704,146,1712620250372,28.0,I wasn't the only man there.,1880.0
1704,147,1712620252054,37.0,We talked it over and we all decided.,1682.0
1704,148,1712620253470,29.0,We couldn't just turn around.,1416.0
1704,149,1712620255929,32.0,We were five miles from the car.,2458.0
1704,150,1712620258048,34.0,I won't have you passing judgment.,2119.0
1704,151,1712620259059,13.0,"Do you hear?""",1010.0
1704,152,1712620261316,18.0,"""You know,"" I say.",2257.0
1704,153,1712620264541,33.0,"He says, ""What do I know, Claire?",3224.0
1704,154,1712620265904,34.0,Tell me what I'm supposed to know.,1362.0
1704,155,1712620268964,40.0,"I don't know anything except one thing?""",3060.0
1704,156,1712620270674,48.0,He gives me what he thinks is a meaningful look.,1710.0
1704,157,1712620273139,24.0,"""She was dead,"" he says.",2465.0
1704,158,1712620274729,33.0,"""And I'm as sorry as anyone else.",1590.0
1704,159,1712620275706,18.0,"But she was dead.""",977.0
1704,160,1712620276582,26.0,"""That's the point,"" I say.",876.0
1704,161,1712620277564,20.0,He raises his hands.,982.0
1704,162,1712620279250,40.0,He pushes his chair away from the table.,1686.0
1704,163,1712620281767,72.0,He takes out his cigarettes and goes out to the back with a can of beer.,2517.0
1704,164,1712620284695,64.0,I see him sit in the lawn chair and pick up the newspaper again.,2928.0
1704,165,1712620285972,39.0,His name is in there on the first page.,1277.0
1704,166,1712620287219,36.0,Along with the names of his friends.,1247.0
1704,167,1712620288972,40.0,I close my eyes and hold on to the sink.,1753.0
1704,168,1712620291772,74.0,Then I rake my arm across the drainboard and send the dishes to the floor.,2799.0
1704,169,1712620292792,16.0,He doesn't move.,1018.0
1704,170,1712620294123,18.0,I know he's heard.,1331.0
1704,171,1712620295265,40.0,He lifts his head as if still listening.,1142.0
1704,172,1712620296784,30.0,But he doesn't move otherwise.,1518.0
1704,173,1712620297648,23.0,He doesn't turn around.,863.0
1704,174,1712620298532,3.0,***,883.0
1704,175,1712620304360,88.0,"He and Gordon Johnson and Mel Dorn and Vern Williams, they play poker and bowl and fish.",5827.0
1704,176,1712620306552,85.0,They fish every spring and early summer before visiting relatives can get in the way.,2192.0
1704,177,1712620308815,65.0,"They are decent men, family men, men who take care of their jobs.",2263.0
1704,178,1712620311585,65.0,"They have sons and daughters who go to school with our son, Dean.",2770.0
1704,179,1712620314826,55.0,Last Friday these family men left for the Naches River.,3241.0
1704,180,1712620317204,76.0,They parked the car in the mountains and hiked to where they wanted to fish.,2378.0
1704,181,1712620318839,76.0,"They carried their bedrolls, their food, their playing cards, their whiskey.",1635.0
1704,182,1712620320658,42.0,They saw the girl before they set up camp.,1819.0
1704,183,1712620322140,19.0,Mel Dorn found her.,1482.0
1704,184,1712620323738,25.0,No clothes on her at all.,1598.0
1704,185,1712620325685,64.0,She was wedged into some branches that stuck out over the water.,1946.0
1704,186,1712620327400,43.0,He called the others and they came to look.,1715.0
1704,187,1712620328807,29.0,They talked about what to do.,1406.0
1704,188,1712620332089,82.0,One of the men - my Stuart didn't say which - said they should start back at once.,3282.0
1704,189,1712620339403,86.0,"The others stirred the sand with their shoes, said they didn't feel inclined that way.",7314.0
1704,190,1712620344222,82.0,"They pleaded fatigue, the late hour, the fact that the girl wasn't going anywhere.",4818.0
1704,191,1712620346574,47.0,In the end they went ahead and set up the camp.,2351.0
1704,192,1712620348874,42.0,They built a fire and drank their whiskey.,2300.0
1704,193,1712620350661,50.0,"When the moon came up, they talked about the girl.",1786.0
1704,194,1712620353297,59.0,Someone said they should -keep the body from drifting away.,2636.0
1704,195,1712620355671,55.0,They took their flashlights and went back to the river.,2374.0
1704,196,1712620358596,66.0,One of the men - it might have been Stuart - waded in and got her.,2925.0
1704,197,1712620359659,53.0,He took her by the fingers and pulled her into shore.,1063.0
1704,198,1712620362667,87.0,He got some nylon cord and tied it to her wrist and then looped the rest around a tree.,3008.0
1704,199,1712620365380,99.0,"The next morning they cooked breakfast, drank coffee, and drank whiskey, and then split up to fish.",2713.0
1704,200,1712620370034,182.0,"That night they cooked fish, cooked potatoes, drank coffee, drank whiskey, then took their cooking things and eating things back down to the river and washed them where the girl was.",4654.0
1704,201,1712620371469,32.0,They played some cards later on.,1435.0
1704,202,1712620373660,55.0,Maybe they played until they couldn't see them anymore.,2191.0
1704,203,1712620375433,28.0,Vern Williams went to sleep.,1773.0
1704,204,1712620376641,28.0,But the others told stories.,1208.0
1704,205,1712620379780,100.0,Gordon Johnson said the trout they'd caught were hard because of the terrible coldness of the water.,3139.0
1704,206,1712620383218,154.0,"The next morning they got up late, drank whiskey, fished a little, took down their tents, rolled their sleeping bags, gathered their stuff, and hiked out.",3438.0
1704,207,1712620385262,41.0,They drove until they got to a telephone.,2043.0
1704,208,1712620391959,86.0,It was Stuart who made the call while the others stood around in the sun and listened.,6697.0
1704,209,1712620393668,32.0,He gave the sheriff their names.,1709.0
1704,210,1712620394650,25.0,They had nothing to hide.,982.0
1704,211,1712620395695,21.0,They weren't ashamed.,1043.0
1704,212,1712620398392,100.0,They said they'd wait until someone could come for better directions and take down their statements.,2697.0
1704,213,1712620399111,3.0,***,719.0
1704,214,1712620400734,30.0,I was asleep when he got home.,1622.0
1704,215,1712620403908,46.0,But I woke up when I heard him in the kitchen.,3174.0
1704,216,1712620405425,64.0,I found him leaning against the refrigerator with a can of beer.,1517.0
1704,217,1712620407447,68.0,He put his heavy arms around me and rubbed his big hands on my back.,2022.0
1704,218,1712620410853,85.0,In bed he put his hands on me again and then waited as if thinking of something else.,3406.0
1704,219,1712620412166,28.0,I turned and opened my legs.,1312.0
1704,220,1712620414010,36.0,"Afterwards, I think he stayed awake.",1844.0
1704,221,1712620415683,53.0,He was up that morning before I could get out of bed.,1673.0
1704,222,1712620418970,54.0,"To see if there was something in the paper, I suppose.",3286.0
1704,223,1712620421398,46.0,The telephone began ringing right after eight.,2428.0
1704,224,1712620422802,13.0,"""Go to hell!""",1404.0
1704,225,1712620423539,18.0,I heard him shout.,737.0
1704,226,1712620424322,31.0,The telephone rang right again.,783.0
1704,227,1712620427468,59.0,"""I have nothing to add to what I already told the sheriff!""",3146.0
1704,228,1712620428383,29.0,He slammed the receiver down.,915.0
1704,229,1712620429374,27.0,"""What is going on?"" I said.",991.0
1704,230,1712620431667,49.0,It was then that he told me what I just told you.,2292.0
1704,231,1712620432361,3.0,***,694.0
1704,232,1712620434681,44.0,I sweep up the broken dishes and go outside.,2320.0
1704,233,1712620438606,85.0,"He is lying on his back on the grass now, the newspaper and can of beer within reach.",3925.0
1704,234,1712620440494,41.0,"""Stuart, could we go for a drive?"" I say.",1888.0
1704,235,1712620441708,30.0,He rolls over and looks at me.,1214.0
1704,236,1712620443335,37.0,"""We'll pick up some beer,"" he says...",1627.0
1704,237,1712620447071,62.0,He gets to his feet and touches me on the hip as he goes past.,3736.0
1704,238,1712620448017,28.0,"""Give me a minute,"" he says.",945.0
1704,239,1712620449679,39.0,We drive through town without speaking.,1662.0
1704,240,1712620451518,39.0,He stops at a roadside market for beer.,1839.0
1704,241,1712620453377,54.0,I notice a great stack of papers just inside the door.,1858.0
1704,242,1712620456381,89.0,On the top step a fat woman in a print dress holds out a licorice stick to a little girl.,3004.0
1704,243,1712620459010,66.0,"Later on, we cross Everson Creek and turn into the picnic grounds.",2629.0
1704,244,1712620461049,79.0,The creek runs under the bridge and into a large pond a few hundred yards away.,2038.0
1704,245,1712620462110,28.0,I can see the men out there.,1061.0
1704,246,1712620463897,33.0,I can see them out there fishing.,1787.0
1704,247,1712620465977,31.0,So much water so close to home.,2080.0
1704,248,1712620468036,43.0,"I say, ""Why did you have to go miles away?""",2059.0
1704,249,1712620469159,25.0,"""Don't rile me,"" he says.",1123.0
1704,250,1712620470208,29.0,We sit on a bench in the sun.,1049.0
1704,251,1712620472451,25.0,He opens us cans of beer.,2243.0
1704,252,1712620474236,25.0,"He says, ""Relax, Claire.""",1784.0
1704,253,1712620475321,30.0,"""They said they were innocent.",1085.0
1704,254,1712620476787,27.0,"They said they were crazy.""",1464.0
1704,255,1712620477607,15.0,"He says, ""Who?""",820.0
1704,256,1712620478836,38.0,"He says, ""What are you talking about?""",1228.0
1704,257,1712620479573,21.0,"""The Maddox brothers.",736.0
1704,258,1712620482061,54.0,They killed a girl named Arlene Hubly where I grew up.,2488.0
1704,259,1712620483788,60.0,They cut off her head and threw her into the Cle Elum River.,1726.0
1704,260,1712620486030,31.0,"It happened when I was a girl.""",2241.0
1704,261,1712620488330,40.0,"""You're going to get me riled,"" he says.",2300.0
1704,262,1712620489770,20.0,I look at the creek.,1440.0
1704,263,1712620492051,79.0,"I'm right in it, eyes open, face down, staring at the moss on the bottom, dead.",2280.0
1704,264,1712620493954,62.0,"""I don't know what's wrong with you,"" he says on the way home.",1903.0
1704,265,1712620495233,45.0,"""You're getting me more riled by the minute.""",1279.0
1704,266,1712620496733,34.0,There is nothing I can say to him.,1500.0
1704,267,1712620498438,36.0,He tries to concentrate on the road.,1705.0
1704,268,1712620500231,47.0,But he keeps looking into the rear-view mirror.,1793.0
1704,269,1712620501280,9.0,He knows.,1049.0
1704,270,1712620502113,3.0,***,833.0
1704,271,1712620504544,52.0,Stuart believes he is letting me sleep this morning.,2431.0
1704,272,1712620507383,47.0,But I was awake long before the alarm went off.,2839.0
1704,273,1712620509733,74.0,"I was thinking, lying on the far side of the bed away from his hairy legs.",2350.0
1704,274,1712620512786,78.0,"He gets Dean off for school, and then he shaves, dresses, and leaves for work.",3053.0
1704,275,1712620514793,40.0,Twice he looks in and clears his throat.,2006.0
1704,276,1712620516065,26.0,But I keep my eyes closed.,1272.0
1704,277,1712620517348,38.0,In the kitchen I find a note from him.,1282.0
1704,278,1712620518480,19.0,"It's signed ""Love.""",1132.0
1704,279,1712620520445,74.0,I sit in the breakfast nook and drink coffee and leave a ring on the note.,1964.0
1704,280,1712620522626,67.0,I look at the newspaper and turn it this way and that on the table.,2181.0
1704,281,1712620524673,43.0,Then I skid it close and read what it says.,2047.0
1704,282,1712620528487,38.0,"The body has been identified, claimed.",3813.0
1704,283,1712620533546,155.0,"But it took some examining it, some putting things into it, some cutting, some weighing, some measuring, some putting things back again and sewing them in.",5058.0
1704,284,1712620535424,57.0,I sit for a long time holding the newspaper and thinking.,1877.0
1704,285,1712620537600,51.0,Then I call up to get a chair at the hairdresser's.,2175.0
1704,286,1712620538358,3.0,***,757.0
1704,287,1712620546481,75.0,I sit under the dryer with a magazine on my lap and let Marnie do my nails.,8123.0
1704,288,1712620549371,42.0,"""I am going to a funeral tomorrow,"" I say.",2890.0
1704,289,1712620550655,38.0,"""I'm sorry to hear that,"" Marnie says.",1283.0
1704,290,1712620551635,25.0,"""It was a murder,"" I say.",979.0
1704,291,1712620552661,37.0,"""That's the worst kind,"" Marnie says.",1024.0
1704,292,1712620554417,35.0,"""We weren't all that close,"" I say.",1756.0
1704,293,1712620555070,15.0,"""But you know?""",653.0
1704,294,1712620557817,45.0,"""We'll get you fixed up for it,"" Marnie says.",2746.0
1704,295,1712620560232,72.0,"That night I make my bed on the sofa, and in the morning I get up first.",2415.0
1704,296,1712620561924,50.0,I put on coffee and fix breakfast while he shaves.,1692.0
1704,297,1712620564791,76.0,"He appears in the kitchen doorway, towel over his bare shoulder, appraising.",2866.0
1704,298,1712620565751,23.0,"""Here's coffee,"" I say.",960.0
1704,299,1712620566886,31.0,"""Eggs'll be ready in a minute.”",1135.0
1704,300,1712620568452,37.0,"I wake Dean, and the three of us eat.",1566.0
1704,301,1712620571845,79.0,"Whenever Stuart looks at me, I ask Dean if he wants more milk, more toast, etc.",3393.0
1704,302,1712620575016,56.0,"""I'll call you today,"" Stuart says as he opens the door.",3171.0
1704,303,1712620577048,42.0,"I say, ""I don't think I'll be home today.""",2032.0
1704,304,1712620578072,21.0,"""All right,"" he says.",1023.0
1704,305,1712620578901,7.0,"""Sure.""",829.0
1704,306,1712620580333,18.0,I dress carefully.,1432.0
1704,307,1712620583136,48.0,I try on a hat and look at myself in the mirror.,2802.0
1704,308,1712620584522,28.0,I write out a note for Dean.,1386.0
1704,309,1712620587249,69.0,"Honey, Mommy has things to do this afternoon, but will be back later.",2727.0
1704,310,1712620588674,61.0,You stay in or be in the backyard until one of us comes home.,1423.0
1704,311,1712620589526,11.0,"Love, Mommy",852.0
1704,312,1712620591642,48.0,I look at the word Love and then I underline it.,2116.0
1704,313,1712620592727,29.0,Then I see the word backyard.,1085.0
1704,314,1712620593755,22.0,Is it one word or two?,1028.0
1704,315,1712620594415,3.0,***,660.0
1704,316,1712620596954,121.0,"I drive through farm country, through fields of oats and sugar beets and past apple orchards, cattle grazing in pastures.",2538.0
1704,317,1712620599755,99.0,"Then everything changes, more like shacks than farmhouses and stands of timber instead of orchards.",2800.0
1704,318,1712620601704,78.0,"Then mountains, and on the right, far below, I sometimes see the Naches River.",1949.0
1704,319,1712620603448,64.0,A green pickup comes up behind me and stays behind me for miles.,1743.0
1704,320,1712620605650,55.0,"I keep slowing at the wrong times, hoping he will pass.",2202.0
1704,321,1712620606559,16.0,Then I speed up.,909.0
1704,322,1712620607536,36.0,"But this is at the wrong times, too.",977.0
1704,323,1712620608958,39.0,I grip the wheel until my fingers hurt.,1421.0
1704,324,1712620610573,37.0,On a long clear stretch he goes past.,1615.0
1704,325,1712620612480,73.0,"But he drives along beside for a bit, a crewcut man in a blue work shirt.",1907.0
1704,326,1712620613458,24.0,We look each other over.,978.0
1704,327,1712620615124,53.0,"Then he waves, toots his horn, and pulls on up ahead.",1665.0
1704,328,1712620616132,29.0,I slow down and find a place.,1007.0
1704,329,1712620617579,35.0,I pull over and shut off the motor.,1447.0
1704,330,1712620619418,42.0,I can hear the river down below the trees.,1839.0
1704,331,1712620620990,35.0,Then I hear the pickup coming back.,1572.0
1704,332,1712620622323,41.0,I lock the doors and roll up the windows.,1332.0
1704,333,1712620623488,30.0,"""You all right?"" the man says.",1165.0
1704,334,1712620624700,21.0,He raps on the glass.,1211.0
1704,335,1712620625702,11.0,"""You okay?""",1000.0
1704,336,1712620627114,64.0,He leans his arms on the door and brings his face to the window.,1412.0
1704,337,1712620628096,15.0,I stare at him.,981.0
1704,338,1712620628924,30.0,I can't think what else to do.,828.0
1704,339,1712620629816,34.0,"""Is everything all right in there?",892.0
1704,340,1712620630769,31.0,"How come you're all locked up?""",952.0
1704,341,1712620631541,16.0,I shake my head.,771.0
1704,342,1712620632581,24.0,"""Roll down your window.""",1040.0
1704,343,1712620634399,64.0,He shakes his head and looks at the highway and then back at me.,1817.0
1704,344,1712620635348,19.0,"""Roll it down now.""",949.0
1704,345,1712620636236,32.0,"""Please,"" I say, ""I have to go.""",888.0
1704,346,1712620638194,50.0,"""Open the door,"" he says as if he isn't listening.",1958.0
1704,347,1712620640292,33.0,"""You're going to choke in there.""",2098.0
1704,348,1712620641202,32.0,"He looks at my breasts, my legs.",910.0
1704,349,1712620642118,34.0,I can tell that's what he's doing.,916.0
1704,350,1712620643011,22.0,"""Hey, sugar,"" he says.",893.0
1704,351,1712620644105,31.0,"""I'm just here to help is all.""",1093.0
1704,352,1712620644709,3.0,***,604.0
1704,353,1712620646514,52.0,The casket is closed and covered with floral sprays.,1805.0
1704,354,1712620649569,45.0,The organ starts up the minute I take a seat.,3055.0
1704,355,1712620650842,40.0,People are coming in and finding chairs.,1273.0
1704,356,1712620652552,63.0,There's a boy in flared pants and a yellow short-sleeved shirt.,1710.0
1704,357,1712620655782,100.0,A door opens and the family comes in in a group and moves over to a curtained place off to one side.,3229.0
1704,358,1712620657668,39.0,Chairs creak as everybody gets settled.,1885.0
1704,359,1712620659947,83.0,"Directly, a nice blond man in a nice dark suit stands and asks us to bow our heads.",2278.0
1704,360,1712620662406,105.0,"He says a prayer for us, the living, and when he finishes, he says a prayer for the soul of the departed.",2459.0
1704,361,1712620663977,43.0,Along with the others I go past the casket.,1570.0
1704,362,1712620666259,66.0,Then I move out onto the front steps and into the afternoon light.,2281.0
1704,363,1712620667943,66.0,There's a woman who limps as she goes down the stairs ahead of me.,1684.0
1704,364,1712620668962,33.0,On the sidewalk she looks around.,1017.0
1704,365,1712620670235,31.0,"""Well, they got him,"" she says.",1273.0
1704,366,1712620670983,27.0,"""If that's any consolation.",747.0
1704,367,1712620672344,31.0,They arrested him this morning.,1361.0
1704,368,1712620673345,38.0,I heard it on the radio before I come.,1001.0
1704,369,1712620674694,26.0,"A boy right here in town.""",1349.0
1704,370,1712620677547,42.0,We move a few steps down the hot sidewalk.,2853.0
1704,371,1712620678584,25.0,People are starting cars.,1037.0
1704,372,1712620680487,49.0,I put out my hand and hold on to a parking meter.,1902.0
1704,373,1712620682066,36.0,Polished hoods and polished fenders.,1579.0
1704,374,1712620683287,14.0,My head swims.,1221.0
1704,375,1712620684909,41.0,"I say, ""They have friends, these killers.",1622.0
1704,376,1712620685804,16.0,"You can't tell.""",895.0
1704,377,1712620688360,70.0,"""I have known that child since she was a little girl,"" the woman says.",2556.0
1704,378,1712620691329,93.0,"""She used to come over and I'd bake cookies for her and let her eat them in front of the TV.""",2969.0
1704,379,1712620692434,3.0,***,1104.0
1704,380,1712620694357,76.0,"Back home, Stuart sits at the table with a drink of whiskey in front of him.",1923.0
1704,381,1712620695600,57.0,For a crazy instant I think something's happened to Dean.,1243.0
1704,382,1712620696256,14.0,"""Where is he?""",656.0
1704,383,1712620696717,6.0,I say.,461.0
1704,384,1712620697494,16.0,"""Where is Dean?""",776.0
1704,385,1712620698461,27.0,"""Outside,"" my husband says.",967.0
1704,386,1712620699911,34.0,He drains his glass and stands up.,1450.0
1704,387,1712620701492,40.0,"He says, ""I think I know what you need.""",1580.0
1704,388,1712620704542,138.0,He reaches an arm around my waist and with his other hand he begins to unbutton my jacket and then he goes on to the buttons of my blouse.,3049.0
1704,389,1712620705713,30.0,"""First things first,"" he says.",1170.0
1704,390,1712620706564,23.0,He says something else.,851.0
1704,391,1712620707519,27.0,But I don't need to listen.,955.0
1704,392,1712620709635,46.0,I can't hear a thing with so much water going.,2116.0
1704,393,1712620710421,3.0,***,785.0
1635,118,1712614358154,3.0,***,9098.0
1635,119,1712614366698,37.0,My husband eats with a good appetite.,8544.0
1635,120,1712614368514,37.0,But I don't think he's really hungry.,1816.0
1635,121,1712614372178,69.0,"He chews, arms on the table, and stares at something across the room.",3663.0
1635,122,1712614373754,30.0,He looks at me and looks away.,1576.0
1635,123,1712614376418,33.0,He wipes his mouth on the napkin.,2664.0
1635,124,1712614378266,30.0,"He shrugs, and goes on eating.",1848.0
1635,125,1712614380394,42.0,"""What are you staring at me for?"" he says.",2128.0
1635,126,1712614382394,45.0,"""What is it?"" he says and lays down his fork.",2000.0
1635,127,1712614384866,42.0,"""Was I staring?"" I say, and shake my head.",2472.0
1635,128,1712614385946,20.0,The telephone rings.,1080.0
1635,129,1712614387130,27.0,"""Don't answer it,"" he says.",1184.0
1635,130,1712614388442,33.0,"""It might be your mother,"" I say.",1312.0
1635,131,1712614389946,25.0,"""Watch and see,"" he says.",1504.0
1635,132,1712614391466,34.0,I pick up the receiver and listen.,1520.0
1635,133,1712614392802,24.0,My husband stops eating.,1336.0
1635,134,1712614395250,46.0,"""What did I tell you?"" he says when I hang up.",2448.0
1635,135,1712614396570,23.0,He starts to eat again.,1320.0
1635,136,1712614398050,36.0,Then throws his napkin on his plate.,1480.0
1635,137,1712614400778,63.0,"He says, ""Goddamn it, why can't people mind their own business?",2728.0
1635,138,1712614402594,41.0,Tell me what I did wrong and I'll listen!,1816.0
1635,139,1712614404618,28.0,I wasn't the only man there.,2024.0
1635,140,1712614406914,37.0,We talked it over and we all decided.,2296.0
1635,141,1712614408586,29.0,We couldn't just turn around.,1672.0
1635,142,1712614409962,32.0,We were five miles from the car.,1376.0
1635,143,1712614411482,34.0,I won't have you passing judgment.,1520.0
1635,144,1712614412378,13.0,"Do you hear?""",896.0
1635,145,1712614413626,18.0,"""You know,"" I say.",1248.0
1635,146,1712614415674,33.0,"He says, ""What do I know, Claire?",2048.0
1635,147,1712614417417,34.0,Tell me what I'm supposed to know.,1743.0
1635,148,1712614419225,40.0,"I don't know anything except one thing?""",1808.0
1635,149,1712614421450,48.0,He gives me what he thinks is a meaningful look.,2224.0
1635,150,1712614422714,24.0,"""She was dead,"" he says.",1264.0
1635,151,1712614426274,33.0,"""And I'm as sorry as anyone else.",3559.0
1635,152,1712614427274,18.0,"But she was dead.""",999.0
1635,153,1712614428369,26.0,"""That's the point,"" I say.",1095.0
1635,154,1712614429425,20.0,He raises his hands.,1055.0
1635,155,1712614430873,40.0,He pushes his chair away from the table.,1447.0
1635,156,1712614433658,72.0,He takes out his cigarettes and goes out to the back with a can of beer.,2784.0
1635,157,1712614436914,64.0,I see him sit in the lawn chair and pick up the newspaper again.,3256.0
1635,158,1712614439314,39.0,His name is in there on the first page.,2399.0
1635,159,1712614440698,36.0,Along with the names of his friends.,1383.0
1635,160,1712614442529,40.0,I close my eyes and hold on to the sink.,1831.0
1635,161,1712614445697,74.0,Then I rake my arm across the drainboard and send the dishes to the floor.,3168.0
1635,162,1712614446505,16.0,He doesn't move.,807.0
1635,163,1712614448217,18.0,I know he's heard.,1712.0
1635,164,1712614450593,40.0,He lifts his head as if still listening.,2376.0
1635,165,1712614451898,30.0,But he doesn't move otherwise.,1304.0
1635,166,1712614453073,23.0,He doesn't turn around.,1175.0
1635,167,1712614453241,3.0,***,168.0
1635,168,1712614458769,88.0,"He and Gordon Johnson and Mel Dorn and Vern Williams, they play poker and bowl and fish.",5528.0
1635,169,1712614463665,85.0,They fish every spring and early summer before visiting relatives can get in the way.,4896.0
1635,170,1712614466545,65.0,"They are decent men, family men, men who take care of their jobs.",2880.0
1635,171,1712614469705,65.0,"They have sons and daughters who go to school with our son, Dean.",3160.0
1635,172,1712614473321,55.0,Last Friday these family men left for the Naches River.,3616.0
1635,173,1712614475569,76.0,They parked the car in the mountains and hiked to where they wanted to fish.,2248.0
1635,174,1712614478729,76.0,"They carried their bedrolls, their food, their playing cards, their whiskey.",3160.0
1635,175,1712614480673,42.0,They saw the girl before they set up camp.,1944.0
1635,176,1712614481745,19.0,Mel Dorn found her.,1072.0
1635,177,1712614483465,25.0,No clothes on her at all.,1720.0
1635,178,1712614486817,64.0,She was wedged into some branches that stuck out over the water.,3352.0
1635,179,1712614488257,43.0,He called the others and they came to look.,1440.0
1635,180,1712614490185,29.0,They talked about what to do.,1928.0
1635,181,1712614494673,82.0,One of the men - my Stuart didn't say which - said they should start back at once.,4488.0
1635,182,1712614499785,86.0,"The others stirred the sand with their shoes, said they didn't feel inclined that way.",5112.0
1635,183,1712614503465,82.0,"They pleaded fatigue, the late hour, the fact that the girl wasn't going anywhere.",3680.0
1635,184,1712614505697,47.0,In the end they went ahead and set up the camp.,2232.0
1635,185,1712614507433,42.0,They built a fire and drank their whiskey.,1736.0
1635,186,1712614509649,50.0,"When the moon came up, they talked about the girl.",2216.0
1635,187,1712614512289,59.0,Someone said they should -keep the body from drifting away.,2640.0
1635,188,1712614514025,55.0,They took their flashlights and went back to the river.,1736.0
1635,189,1712614516729,66.0,One of the men - it might have been Stuart - waded in and got her.,2704.0
1635,190,1712614519465,53.0,He took her by the fingers and pulled her into shore.,2736.0
1635,191,1712614523977,87.0,He got some nylon cord and tied it to her wrist and then looped the rest around a tree.,4512.0
1635,192,1712614528169,99.0,"The next morning they cooked breakfast, drank coffee, and drank whiskey, and then split up to fish.",4192.0
1635,193,1712614534233,182.0,"That night they cooked fish, cooked potatoes, drank coffee, drank whiskey, then took their cooking things and eating things back down to the river and washed them where the girl was.",6064.0
1635,194,1712614535649,32.0,They played some cards later on.,1416.0
1635,195,1712614538769,55.0,Maybe they played until they couldn't see them anymore.,3120.0
1635,196,1712614540257,28.0,Vern Williams went to sleep.,1488.0
1635,197,1712614542065,28.0,But the others told stories.,1808.0
1635,198,1712614546169,100.0,Gordon Johnson said the trout they'd caught were hard because of the terrible coldness of the water.,4104.0
1635,199,1712614551921,154.0,"The next morning they got up late, drank whiskey, fished a little, took down their tents, rolled their sleeping bags, gathered their stuff, and hiked out.",5752.0
1635,200,1712614553465,41.0,They drove until they got to a telephone.,1544.0
1635,201,1712614556585,86.0,It was Stuart who made the call while the others stood around in the sun and listened.,3120.0
1635,202,1712614558753,32.0,He gave the sheriff their names.,2168.0
1635,203,1712614560057,25.0,They had nothing to hide.,1304.0
1635,204,1712614561033,21.0,They weren't ashamed.,976.0
1635,205,1712614564849,100.0,They said they'd wait until someone could come for better directions and take down their statements.,3816.0
1635,206,1712614565665,3.0,***,816.0
1635,207,1712614567104,30.0,I was asleep when he got home.,1439.0
1635,208,1712614569345,46.0,But I woke up when I heard him in the kitchen.,2240.0
1635,209,1712614572065,64.0,I found him leaning against the refrigerator with a can of beer.,2719.0
1635,210,1712614575432,68.0,He put his heavy arms around me and rubbed his big hands on my back.,3367.0
1635,211,1712614580744,85.0,In bed he put his hands on me again and then waited as if thinking of something else.,5311.0
1635,212,1712614582296,28.0,I turned and opened my legs.,1552.0
1635,213,1712614584368,36.0,"Afterwards, I think he stayed awake.",2072.0
1635,214,1712614588416,53.0,He was up that morning before I could get out of bed.,4048.0
1635,215,1712614590160,54.0,"To see if there was something in the paper, I suppose.",1744.0
1635,216,1712614592896,46.0,The telephone began ringing right after eight.,2736.0
1635,217,1712614594112,13.0,"""Go to hell!""",1216.0
1635,218,1712614595184,18.0,I heard him shout.,1072.0
1635,219,1712614597512,31.0,The telephone rang right again.,2328.0
1635,220,1712614600152,59.0,"""I have nothing to add to what I already told the sheriff!""",2639.0
1635,221,1712614601512,29.0,He slammed the receiver down.,1360.0
1635,222,1712614602848,27.0,"""What is going on?"" I said.",1336.0
1635,223,1712614605872,49.0,It was then that he told me what I just told you.,3024.0
1635,224,1712614606560,3.0,***,688.0
1635,225,1712614608592,44.0,I sweep up the broken dishes and go outside.,2032.0
1635,226,1712614612944,85.0,"He is lying on his back on the grass now, the newspaper and can of beer within reach.",4352.0
1635,227,1712614615056,41.0,"""Stuart, could we go for a drive?"" I say.",2112.0
1635,228,1712614616288,30.0,He rolls over and looks at me.,1232.0
1635,229,1712614618088,37.0,"""We'll pick up some beer,"" he says...",1800.0
1635,230,1712614621728,62.0,He gets to his feet and touches me on the hip as he goes past.,3640.0
1635,231,1712614622976,28.0,"""Give me a minute,"" he says.",1248.0
1635,232,1712614624608,39.0,We drive through town without speaking.,1632.0
1635,233,1712614626496,39.0,He stops at a roadside market for beer.,1888.0
1635,234,1712614629680,54.0,I notice a great stack of papers just inside the door.,3184.0
1635,235,1712614634776,89.0,On the top step a fat woman in a print dress holds out a licorice stick to a little girl.,5096.0
1635,236,1712614638087,66.0,"Later on, we cross Everson Creek and turn into the picnic grounds.",3311.0
1635,237,1712614641759,79.0,The creek runs under the bridge and into a large pond a few hundred yards away.,3672.0
1635,238,1712614644047,28.0,I can see the men out there.,2288.0
1635,239,1712614645863,33.0,I can see them out there fishing.,1816.0
1635,240,1712614647159,31.0,So much water so close to home.,1296.0
1635,241,1712614649176,43.0,"I say, ""Why did you have to go miles away?""",2017.0
1635,242,1712614650463,25.0,"""Don't rile me,"" he says.",1287.0
1635,243,1712614652207,29.0,We sit on a bench in the sun.,1744.0
1635,244,1712614653991,25.0,He opens us cans of beer.,1784.0
1635,245,1712614655175,25.0,"He says, ""Relax, Claire.""",1184.0
1635,246,1712614656663,30.0,"""They said they were innocent.",1488.0
1635,247,1712614657887,27.0,"They said they were crazy.""",1224.0
1635,248,1712614659911,15.0,"He says, ""Who?""",2024.0
1635,249,1712614661655,38.0,"He says, ""What are you talking about?""",1744.0
1635,250,1712614663007,21.0,"""The Maddox brothers.",1352.0
1635,251,1712614665711,54.0,They killed a girl named Arlene Hubly where I grew up.,2704.0
1635,252,1712614668967,60.0,They cut off her head and threw her into the Cle Elum River.,3256.0
1635,253,1712614670911,31.0,"It happened when I was a girl.""",1944.0
1635,254,1712614672671,40.0,"""You're going to get me riled,"" he says.",1760.0
1635,255,1712614674151,20.0,I look at the creek.,1480.0
1635,256,1712614681847,79.0,"I'm right in it, eyes open, face down, staring at the moss on the bottom, dead.",7696.0
1635,257,1712614684399,62.0,"""I don't know what's wrong with you,"" he says on the way home.",2552.0
1635,258,1712614686479,45.0,"""You're getting me more riled by the minute.""",2080.0
1635,259,1712614687999,34.0,There is nothing I can say to him.,1520.0
1635,260,1712614689479,36.0,He tries to concentrate on the road.,1480.0
1635,261,1712614691495,47.0,But he keeps looking into the rear-view mirror.,2016.0
1635,262,1712614692431,9.0,He knows.,936.0
1635,263,1712614693191,3.0,***,760.0
1635,264,1712614696679,52.0,Stuart believes he is letting me sleep this morning.,3488.0
1635,265,1712614698600,47.0,But I was awake long before the alarm went off.,1921.0
1635,266,1712614701640,74.0,"I was thinking, lying on the far side of the bed away from his hairy legs.",3039.0
1635,267,1712614705280,78.0,"He gets Dean off for school, and then he shaves, dresses, and leaves for work.",3640.0
1635,268,1712614707127,40.0,Twice he looks in and clears his throat.,1847.0
1635,269,1712614708719,26.0,But I keep my eyes closed.,1591.0
1635,270,1712614710463,38.0,In the kitchen I find a note from him.,1743.0
1635,271,1712614711744,19.0,"It's signed ""Love.""",1280.0
1635,272,1712614717776,74.0,I sit in the breakfast nook and drink coffee and leave a ring on the note.,6032.0
1635,273,1712614720720,67.0,I look at the newspaper and turn it this way and that on the table.,2944.0
1635,274,1712614723031,43.0,Then I skid it close and read what it says.,2311.0
1635,275,1712614724743,38.0,"The body has been identified, claimed.",1712.0
1635,276,1712614732000,155.0,"But it took some examining it, some putting things into it, some cutting, some weighing, some measuring, some putting things back again and sewing them in.",7257.0
1635,277,1712614733975,57.0,I sit for a long time holding the newspaper and thinking.,1975.0
1635,278,1712614736272,51.0,Then I call up to get a chair at the hairdresser's.,2297.0
1635,279,1712614736944,3.0,***,672.0
1635,280,1712614741311,75.0,I sit under the dryer with a magazine on my lap and let Marnie do my nails.,4367.0
1635,281,1712614743607,42.0,"""I am going to a funeral tomorrow,"" I say.",2296.0
1635,282,1712614744991,38.0,"""I'm sorry to hear that,"" Marnie says.",1384.0
1635,283,1712614746303,25.0,"""It was a murder,"" I say.",1312.0
1635,284,1712614747575,37.0,"""That's the worst kind,"" Marnie says.",1272.0
1635,285,1712614749599,35.0,"""We weren't all that close,"" I say.",2024.0
1635,286,1712614750799,15.0,"""But you know?""",1200.0
1635,287,1712614753079,45.0,"""We'll get you fixed up for it,"" Marnie says.",2280.0
1635,288,1712614757039,72.0,"That night I make my bed on the sofa, and in the morning I get up first.",3960.0
1635,289,1712614759375,50.0,I put on coffee and fix breakfast while he shaves.,2336.0
1635,290,1712614762959,76.0,"He appears in the kitchen doorway, towel over his bare shoulder, appraising.",3584.0
1635,291,1712614764311,23.0,"""Here's coffee,"" I say.",1352.0
1635,292,1712614765951,31.0,"""Eggs'll be ready in a minute.”",1640.0
1635,293,1712614767879,37.0,"I wake Dean, and the three of us eat.",1928.0
1635,294,1712614771543,79.0,"Whenever Stuart looks at me, I ask Dean if he wants more milk, more toast, etc.",3664.0
1635,295,1712614774400,56.0,"""I'll call you today,"" Stuart says as he opens the door.",2856.0
1635,296,1712614776087,42.0,"I say, ""I don't think I'll be home today.""",1687.0
1635,297,1712614777151,21.0,"""All right,"" he says.",1064.0
1635,298,1712614777831,7.0,"""Sure.""",680.0
1635,299,1712614778631,18.0,I dress carefully.,800.0
1635,300,1712614780655,48.0,I try on a hat and look at myself in the mirror.,2024.0
1635,301,1712614782191,28.0,I write out a note for Dean.,1536.0
1635,302,1712614784807,69.0,"Honey, Mommy has things to do this afternoon, but will be back later.",2616.0
1635,303,1712614787703,61.0,You stay in or be in the backyard until one of us comes home.,2896.0
1635,304,1712614788959,11.0,"Love, Mommy",1256.0
1635,305,1712614790991,48.0,I look at the word Love and then I underline it.,2032.0
1635,306,1712614792407,29.0,Then I see the word backyard.,1416.0
1635,307,1712614793623,22.0,Is it one word or two?,1216.0
1635,308,1712614794359,3.0,***,736.0
1635,309,1712614796695,121.0,"I drive through farm country, through fields of oats and sugar beets and past apple orchards, cattle grazing in pastures.",2336.0
1635,310,1712614798975,99.0,"Then everything changes, more like shacks than farmhouses and stands of timber instead of orchards.",2280.0
1635,311,1712614800687,78.0,"Then mountains, and on the right, far below, I sometimes see the Naches River.",1712.0
1635,312,1712614803487,64.0,A green pickup comes up behind me and stays behind me for miles.,2800.0
1635,313,1712614806327,55.0,"I keep slowing at the wrong times, hoping he will pass.",2840.0
1635,314,1712614807471,16.0,Then I speed up.,1144.0
1635,315,1712614809831,36.0,"But this is at the wrong times, too.",2360.0
1635,316,1712614811519,39.0,I grip the wheel until my fingers hurt.,1688.0
1635,317,1712614813231,37.0,On a long clear stretch he goes past.,1712.0
1635,318,1712614816999,73.0,"But he drives along beside for a bit, a crewcut man in a blue work shirt.",3768.0
1635,319,1712614817991,24.0,We look each other over.,992.0
1635,320,1712614820990,53.0,"Then he waves, toots his horn, and pulls on up ahead.",2999.0
1635,321,1712614822222,29.0,I slow down and find a place.,1232.0
1635,322,1712614823494,35.0,I pull over and shut off the motor.,1272.0
1635,323,1712614825318,42.0,I can hear the river down below the trees.,1824.0
1635,324,1712614827030,35.0,Then I hear the pickup coming back.,1712.0
1635,325,1712614828630,41.0,I lock the doors and roll up the windows.,1600.0
1635,326,1712614829838,30.0,"""You all right?"" the man says.",1208.0
1635,327,1712614831334,21.0,He raps on the glass.,1496.0
1635,328,1712614832086,11.0,"""You okay?""",752.0
1635,329,1712614834446,64.0,He leans his arms on the door and brings his face to the window.,2360.0
1635,330,1712614835318,15.0,I stare at him.,872.0
1635,331,1712614836814,30.0,I can't think what else to do.,1496.0
1635,332,1712614838526,34.0,"""Is everything all right in there?",1712.0
1635,333,1712614840366,31.0,"How come you're all locked up?""",1840.0
1635,334,1712614841374,16.0,I shake my head.,1008.0
1635,335,1712614842718,24.0,"""Roll down your window.""",1344.0
1635,336,1712614845550,64.0,He shakes his head and looks at the highway and then back at me.,2832.0
1635,337,1712614846662,19.0,"""Roll it down now.""",1112.0
1635,338,1712614848334,32.0,"""Please,"" I say, ""I have to go.""",1672.0
1635,339,1712614851222,50.0,"""Open the door,"" he says as if he isn't listening.",2888.0
1635,340,1712614852782,33.0,"""You're going to choke in there.""",1560.0
1635,341,1712614854982,32.0,"He looks at my breasts, my legs.",2200.0
1635,342,1712614856830,34.0,I can tell that's what he's doing.,1848.0
1635,343,1712614857814,22.0,"""Hey, sugar,"" he says.",984.0
1635,344,1712614858958,31.0,"""I'm just here to help is all.""",1144.0
1635,345,1712614859622,3.0,***,664.0
1635,346,1712614861838,52.0,The casket is closed and covered with floral sprays.,2216.0
1635,347,1712614864118,45.0,The organ starts up the minute I take a seat.,2280.0
1635,348,1712614865646,40.0,People are coming in and finding chairs.,1528.0
1635,349,1712614868126,63.0,There's a boy in flared pants and a yellow short-sleeved shirt.,2480.0
1635,350,1712614870622,100.0,A door opens and the family comes in in a group and moves over to a curtained place off to one side.,2496.0
1635,351,1712614872798,39.0,Chairs creak as everybody gets settled.,2176.0
1635,352,1712614878382,83.0,"Directly, a nice blond man in a nice dark suit stands and asks us to bow our heads.",5584.0
1635,353,1712614883502,105.0,"He says a prayer for us, the living, and when he finishes, he says a prayer for the soul of the departed.",5120.0
1635,354,1712614885758,43.0,Along with the others I go past the casket.,2256.0
1635,355,1712614887990,66.0,Then I move out onto the front steps and into the afternoon light.,2232.0
1635,356,1712614891094,66.0,There's a woman who limps as she goes down the stairs ahead of me.,3104.0
1635,357,1712614892342,33.0,On the sidewalk she looks around.,1248.0
1635,358,1712614893934,31.0,"""Well, they got him,"" she says.",1592.0
1635,359,1712614895486,27.0,"""If that's any consolation.",1552.0
1635,360,1712614896614,31.0,They arrested him this morning.,1128.0
1635,361,1712614897886,38.0,I heard it on the radio before I come.,1272.0
1635,362,1712614899222,26.0,"A boy right here in town.""",1336.0
1635,363,1712614901142,42.0,We move a few steps down the hot sidewalk.,1920.0
1635,364,1712614902750,25.0,People are starting cars.,1608.0
1635,365,1712614905222,49.0,I put out my hand and hold on to a parking meter.,2472.0
1635,366,1712614906630,36.0,Polished hoods and polished fenders.,1408.0
1635,367,1712614907366,14.0,My head swims.,736.0
1635,368,1712614908902,41.0,"I say, ""They have friends, these killers.",1536.0
1635,369,1712614909902,16.0,"You can't tell.""",1000.0
1635,370,1712614912926,70.0,"""I have known that child since she was a little girl,"" the woman says.",3024.0
1635,371,1712614916542,93.0,"""She used to come over and I'd bake cookies for her and let her eat them in front of the TV.""",3616.0
1635,372,1712614917246,3.0,***,704.0
1635,373,1712614919798,76.0,"Back home, Stuart sits at the table with a drink of whiskey in front of him.",2552.0
1635,374,1712614922366,57.0,For a crazy instant I think something's happened to Dean.,2568.0
1635,375,1712614923526,14.0,"""Where is he?""",1160.0
1635,376,1712614924254,6.0,I say.,728.0
1635,377,1712614925006,16.0,"""Where is Dean?""",751.0
1635,378,1712614926318,27.0,"""Outside,"" my husband says.",1312.0
1635,379,1712614927566,34.0,He drains his glass and stands up.,1248.0
1635,380,1712614929246,40.0,"He says, ""I think I know what you need.""",1680.0
1635,381,1712614935230,138.0,He reaches an arm around my waist and with his other hand he begins to unbutton my jacket and then he goes on to the buttons of my blouse.,5984.0
1635,382,1712614936461,30.0,"""First things first,"" he says.",1231.0
1635,383,1712614938101,23.0,He says something else.,1640.0
1635,384,1712614939750,27.0,But I don't need to listen.,1648.0
1635,385,1712614941653,46.0,I can't hear a thing with so much water going.,1903.0
1635,386,1712614942213,3.0,***,560.0
1619,103,1712421606891,3.0,***,39344.0
1619,104,1712421611777,37.0,My husband eats with a good appetite.,4886.0
1619,105,1712421614977,37.0,But I don't think he's really hungry.,3200.0
1619,106,1712421620018,69.0,"He chews, arms on the table, and stares at something across the room.",5041.0
1619,107,1712421621769,30.0,He looks at me and looks away.,1751.0
1619,108,1712421623265,33.0,He wipes his mouth on the napkin.,1496.0
1619,109,1712421625457,30.0,"He shrugs, and goes on eating.",2192.0
1619,110,1712421627097,42.0,"""What are you staring at me for?"" he says.",1640.0
1619,111,1712421629073,45.0,"""What is it?"" he says and lays down his fork.",1976.0
1619,112,1712421631218,42.0,"""Was I staring?"" I say, and shake my head.",2145.0
1619,113,1712421632433,20.0,The telephone rings.,1215.0
1619,114,1712421633665,27.0,"""Don't answer it,"" he says.",1232.0
1619,115,1712421635137,33.0,"""It might be your mother,"" I say.",1472.0
1619,116,1712421636449,25.0,"""Watch and see,"" he says.",1312.0
1619,117,1712421637609,34.0,I pick up the receiver and listen.,1160.0
1619,118,1712421638961,24.0,My husband stops eating.,1352.0
1619,119,1712421641834,46.0,"""What did I tell you?"" he says when I hang up.",2872.0
1619,120,1712421643321,23.0,He starts to eat again.,1487.0
1619,121,1712421644865,36.0,Then throws his napkin on his plate.,1544.0
1619,122,1712421648082,63.0,"He says, ""Goddamn it, why can't people mind their own business?",3216.0
1619,123,1712421650129,41.0,Tell me what I did wrong and I'll listen!,2047.0
1619,124,1712421652218,28.0,I wasn't the only man there.,2089.0
1619,125,1712421654169,37.0,We talked it over and we all decided.,1951.0
1619,126,1712421655873,29.0,We couldn't just turn around.,1704.0
1619,127,1712421657817,32.0,We were five miles from the car.,1944.0
1619,128,1712421660465,34.0,I won't have you passing judgment.,2648.0
1619,129,1712421662033,13.0,"Do you hear?""",1568.0
1619,130,1712421663938,18.0,"""You know,"" I say.",1905.0
1619,131,1712421666313,33.0,"He says, ""What do I know, Claire?",2375.0
1619,132,1712421668531,34.0,Tell me what I'm supposed to know.,2218.0
1619,133,1712421670763,40.0,"I don't know anything except one thing?""",2232.0
1619,134,1712421673243,48.0,He gives me what he thinks is a meaningful look.,2479.0
1619,135,1712421675292,24.0,"""She was dead,"" he says.",2049.0
1619,136,1712421678075,33.0,"""And I'm as sorry as anyone else.",2783.0
1619,137,1712421679947,18.0,"But she was dead.""",1871.0
1619,138,1712421681524,26.0,"""That's the point,"" I say.",1576.0
1619,139,1712421682836,20.0,He raises his hands.,1312.0
1619,140,1712421684515,40.0,He pushes his chair away from the table.,1679.0
1619,141,1712421688356,72.0,He takes out his cigarettes and goes out to the back with a can of beer.,3840.0
1619,142,1712421692572,64.0,I see him sit in the lawn chair and pick up the newspaper again.,4216.0
1619,143,1712421694635,39.0,His name is in there on the first page.,2063.0
1619,144,1712421696115,36.0,Along with the names of his friends.,1479.0
1619,145,1712421697979,40.0,I close my eyes and hold on to the sink.,1863.0
1619,146,1712421701164,74.0,Then I rake my arm across the drainboard and send the dishes to the floor.,3184.0
1619,147,1712421702699,16.0,He doesn't move.,1535.0
1619,148,1712421704515,18.0,I know he's heard.,1815.0
1619,149,1712421706004,40.0,He lifts his head as if still listening.,1488.0
1619,150,1712421707691,30.0,But he doesn't move otherwise.,1687.0
1619,151,1712421709339,23.0,He doesn't turn around.,1648.0
1619,152,1712421710588,3.0,***,1249.0
1619,153,1712421718964,88.0,"He and Gordon Johnson and Mel Dorn and Vern Williams, they play poker and bowl and fish.",8376.0
1619,154,1712421723820,85.0,They fish every spring and early summer before visiting relatives can get in the way.,4856.0
1619,155,1712421726259,65.0,"They are decent men, family men, men who take care of their jobs.",2439.0
1619,156,1712421729519,65.0,"They have sons and daughters who go to school with our son, Dean.",3260.0
1619,157,1712421732191,55.0,Last Friday these family men left for the Naches River.,2672.0
1619,158,1712421734783,76.0,They parked the car in the mountains and hiked to where they wanted to fish.,2592.0
1619,159,1712421739063,76.0,"They carried their bedrolls, their food, their playing cards, their whiskey.",4280.0
1619,160,1712421741263,42.0,They saw the girl before they set up camp.,2200.0
1619,161,1712421743183,19.0,Mel Dorn found her.,1920.0
1619,162,1712421745039,25.0,No clothes on her at all.,1856.0
1619,163,1712421749351,64.0,She was wedged into some branches that stuck out over the water.,4312.0
1619,164,1712421750679,43.0,He called the others and they came to look.,1328.0
1619,165,1712421751999,29.0,They talked about what to do.,1320.0
1619,166,1712421757343,82.0,One of the men - my Stuart didn't say which - said they should start back at once.,5344.0
1619,167,1712421761511,86.0,"The others stirred the sand with their shoes, said they didn't feel inclined that way.",4168.0
1619,168,1712421765239,82.0,"They pleaded fatigue, the late hour, the fact that the girl wasn't going anywhere.",3728.0
1619,169,1712421767823,47.0,In the end they went ahead and set up the camp.,2584.0
1619,170,1712421769223,42.0,They built a fire and drank their whiskey.,1400.0
1619,171,1712421770831,50.0,"When the moon came up, they talked about the girl.",1608.0
1619,172,1712421773623,59.0,Someone said they should -keep the body from drifting away.,2792.0
1619,173,1712421775127,55.0,They took their flashlights and went back to the river.,1504.0
1619,174,1712421777319,66.0,One of the men - it might have been Stuart - waded in and got her.,2192.0
1619,175,1712421780007,53.0,He took her by the fingers and pulled her into shore.,2688.0
1619,176,1712421783855,87.0,He got some nylon cord and tied it to her wrist and then looped the rest around a tree.,3848.0
1619,177,1712421790426,99.0,"The next morning they cooked breakfast, drank coffee, and drank whiskey, and then split up to fish.",6571.0
1619,178,1712421796890,182.0,"That night they cooked fish, cooked potatoes, drank coffee, drank whiskey, then took their cooking things and eating things back down to the river and washed them where the girl was.",6464.0
1619,179,1712421798162,32.0,They played some cards later on.,1272.0
1619,180,1712421801107,55.0,Maybe they played until they couldn't see them anymore.,2945.0
1619,181,1712421802738,28.0,Vern Williams went to sleep.,1631.0
1619,182,1712421804050,28.0,But the others told stories.,1312.0
1619,183,1712421810714,100.0,Gordon Johnson said the trout they'd caught were hard because of the terrible coldness of the water.,6664.0
1619,184,1712421815802,154.0,"The next morning they got up late, drank whiskey, fished a little, took down their tents, rolled their sleeping bags, gathered their stuff, and hiked out.",5088.0
1619,185,1712421817426,41.0,They drove until they got to a telephone.,1624.0
1619,186,1712421820594,86.0,It was Stuart who made the call while the others stood around in the sun and listened.,3168.0
1619,187,1712421822441,32.0,He gave the sheriff their names.,1847.0
1619,188,1712421824002,25.0,They had nothing to hide.,1561.0
1619,189,1712421825386,21.0,They weren't ashamed.,1384.0
1619,190,1712421830506,100.0,They said they'd wait until someone could come for better directions and take down their statements.,5120.0
1619,191,1712421831474,3.0,***,968.0
1619,192,1712421833098,30.0,I was asleep when he got home.,1624.0
1619,193,1712421835530,46.0,But I woke up when I heard him in the kitchen.,2432.0
1619,194,1712421838050,64.0,I found him leaning against the refrigerator with a can of beer.,2520.0
1619,195,1712421841346,68.0,He put his heavy arms around me and rubbed his big hands on my back.,3296.0
1619,196,1712421845618,85.0,In bed he put his hands on me again and then waited as if thinking of something else.,4271.0
1619,197,1712421847258,28.0,I turned and opened my legs.,1640.0
1619,198,1712421849154,36.0,"Afterwards, I think he stayed awake.",1896.0
1619,199,1712421851091,53.0,He was up that morning before I could get out of bed.,1937.0
1619,200,1712421853115,54.0,"To see if there was something in the paper, I suppose.",2024.0
1619,201,1712421855307,46.0,The telephone began ringing right after eight.,2192.0
1619,202,1712421856659,13.0,"""Go to hell!""",1352.0
1619,203,1712421858123,18.0,I heard him shout.,1464.0
1619,204,1712421859723,31.0,The telephone rang right again.,1600.0
1619,205,1712421862099,59.0,"""I have nothing to add to what I already told the sheriff!""",2376.0
1619,206,1712421863251,29.0,He slammed the receiver down.,1152.0
1619,207,1712421864523,27.0,"""What is going on?"" I said.",1271.0
1619,208,1712421868371,49.0,It was then that he told me what I just told you.,3848.0
1619,209,1712421869099,3.0,***,728.0
1619,210,1712421870987,44.0,I sweep up the broken dishes and go outside.,1888.0
1619,211,1712421873907,85.0,"He is lying on his back on the grass now, the newspaper and can of beer within reach.",2920.0
1619,212,1712421876547,41.0,"""Stuart, could we go for a drive?"" I say.",2640.0
1619,213,1712421877459,30.0,He rolls over and looks at me.,912.0
1619,214,1712421879043,37.0,"""We'll pick up some beer,"" he says...",1584.0
1619,215,1712421881395,62.0,He gets to his feet and touches me on the hip as he goes past.,2352.0
1619,216,1712421882491,28.0,"""Give me a minute,"" he says.",1096.0
1619,217,1712421884196,39.0,We drive through town without speaking.,1705.0
1619,218,1712421885715,39.0,He stops at a roadside market for beer.,1519.0
1619,219,1712421888291,54.0,I notice a great stack of papers just inside the door.,2576.0
1619,220,1712421892571,89.0,On the top step a fat woman in a print dress holds out a licorice stick to a little girl.,4280.0
1619,221,1712421895316,66.0,"Later on, we cross Everson Creek and turn into the picnic grounds.",2745.0
1619,222,1712421898403,79.0,The creek runs under the bridge and into a large pond a few hundred yards away.,3087.0
1619,223,1712421900331,28.0,I can see the men out there.,1928.0
1619,224,1712421902355,33.0,I can see them out there fishing.,2024.0
1619,225,1712421904171,31.0,So much water so close to home.,1816.0
1619,226,1712421907092,43.0,"I say, ""Why did you have to go miles away?""",2920.0
1619,227,1712421909115,25.0,"""Don't rile me,"" he says.",2023.0
1619,228,1712421910923,29.0,We sit on a bench in the sun.,1808.0
1619,229,1712421912568,25.0,He opens us cans of beer.,1645.0
1619,230,1712421914440,25.0,"He says, ""Relax, Claire.""",1872.0
1619,231,1712421916464,30.0,"""They said they were innocent.",2024.0
1619,232,1712421918288,27.0,"They said they were crazy.""",1824.0
1619,233,1712421921032,15.0,"He says, ""Who?""",2744.0
1619,234,1712421922800,38.0,"He says, ""What are you talking about?""",1768.0
1619,235,1712421924632,21.0,"""The Maddox brothers.",1832.0
1619,236,1712421928776,54.0,They killed a girl named Arlene Hubly where I grew up.,4144.0
1619,237,1712421931992,60.0,They cut off her head and threw her into the Cle Elum River.,3216.0
1619,238,1712421933368,31.0,"It happened when I was a girl.""",1376.0
1619,239,1712421934872,40.0,"""You're going to get me riled,"" he says.",1504.0
1619,240,1712421935848,20.0,I look at the creek.,975.0
1619,241,1712421940848,79.0,"I'm right in it, eyes open, face down, staring at the moss on the bottom, dead.",5000.0
1619,242,1712421942952,62.0,"""I don't know what's wrong with you,"" he says on the way home.",2104.0
1619,243,1712421945184,45.0,"""You're getting me more riled by the minute.""",2232.0
1619,244,1712421946656,34.0,There is nothing I can say to him.,1472.0
1619,245,1712421948232,36.0,He tries to concentrate on the road.,1576.0
1619,246,1712421950592,47.0,But he keeps looking into the rear-view mirror.,2360.0
1619,247,1712421952648,9.0,He knows.,2056.0
1619,248,1712421953688,3.0,***,1040.0
1619,249,1712421955904,52.0,Stuart believes he is letting me sleep this morning.,2216.0
1619,250,1712421958192,47.0,But I was awake long before the alarm went off.,2288.0
1619,251,1712421961088,74.0,"I was thinking, lying on the far side of the bed away from his hairy legs.",2896.0
1619,252,1712421964704,78.0,"He gets Dean off for school, and then he shaves, dresses, and leaves for work.",3616.0
1619,253,1712421966856,40.0,Twice he looks in and clears his throat.,2152.0
1619,254,1712421968392,26.0,But I keep my eyes closed.,1536.0
1619,255,1712421970120,38.0,In the kitchen I find a note from him.,1728.0
1619,256,1712421971664,19.0,"It's signed ""Love.""",1544.0
1619,257,1712421975553,74.0,I sit in the breakfast nook and drink coffee and leave a ring on the note.,3889.0
1619,258,1712421978713,67.0,I look at the newspaper and turn it this way and that on the table.,3160.0
1619,259,1712421981041,43.0,Then I skid it close and read what it says.,2328.0
1619,260,1712421983345,38.0,"The body has been identified, claimed.",2304.0
1619,261,1712421995825,155.0,"But it took some examining it, some putting things into it, some cutting, some weighing, some measuring, some putting things back again and sewing them in.",12480.0
1619,262,1712421997649,57.0,I sit for a long time holding the newspaper and thinking.,1824.0
1619,263,1712421999937,51.0,Then I call up to get a chair at the hairdresser's.,2288.0
1619,264,1712422000657,3.0,***,720.0
1619,265,1712422004530,75.0,I sit under the dryer with a magazine on my lap and let Marnie do my nails.,3873.0
1619,266,1712422006161,42.0,"""I am going to a funeral tomorrow,"" I say.",1631.0
1619,267,1712422007545,38.0,"""I'm sorry to hear that,"" Marnie says.",1384.0
1619,268,1712422009001,25.0,"""It was a murder,"" I say.",1456.0
1619,269,1712422010393,37.0,"""That's the worst kind,"" Marnie says.",1392.0
1619,270,1712422012073,35.0,"""We weren't all that close,"" I say.",1680.0
1619,271,1712422013409,15.0,"""But you know?""",1336.0
1619,272,1712422015777,45.0,"""We'll get you fixed up for it,"" Marnie says.",2368.0
1619,273,1712422022353,72.0,"That night I make my bed on the sofa, and in the morning I get up first.",6576.0
1619,274,1712422024553,50.0,I put on coffee and fix breakfast while he shaves.,2200.0
1619,275,1712422027049,76.0,"He appears in the kitchen doorway, towel over his bare shoulder, appraising.",2496.0
1619,276,1712422028393,23.0,"""Here's coffee,"" I say.",1344.0
1619,277,1712422029833,31.0,"""Eggs'll be ready in a minute.”",1440.0
1619,278,1712422031193,37.0,"I wake Dean, and the three of us eat.",1360.0
1619,279,1712422037163,79.0,"Whenever Stuart looks at me, I ask Dean if he wants more milk, more toast, etc.",5970.0
1619,280,1712422039459,56.0,"""I'll call you today,"" Stuart says as he opens the door.",2296.0
1619,281,1712422041010,42.0,"I say, ""I don't think I'll be home today.""",1551.0
1619,282,1712422042163,21.0,"""All right,"" he says.",1152.0
1619,283,1712422043083,7.0,"""Sure.""",920.0
1619,284,1712422043770,18.0,I dress carefully.,687.0
1619,285,1712422046250,48.0,I try on a hat and look at myself in the mirror.,2480.0
1619,286,1712422047499,28.0,I write out a note for Dean.,1249.0
1619,287,1712422050363,69.0,"Honey, Mommy has things to do this afternoon, but will be back later.",2864.0
1619,288,1712422053307,61.0,You stay in or be in the backyard until one of us comes home.,2944.0
1619,289,1712422054459,11.0,"Love, Mommy",1152.0
1619,290,1712422056123,48.0,I look at the word Love and then I underline it.,1664.0
1619,291,1712422057651,29.0,Then I see the word backyard.,1528.0
1619,292,1712422059323,22.0,Is it one word or two?,1672.0
1619,293,1712422060002,3.0,***,679.0
1619,294,1712422066218,121.0,"I drive through farm country, through fields of oats and sugar beets and past apple orchards, cattle grazing in pastures.",6216.0
1619,295,1712422069651,99.0,"Then everything changes, more like shacks than farmhouses and stands of timber instead of orchards.",3433.0
1619,296,1712422073210,78.0,"Then mountains, and on the right, far below, I sometimes see the Naches River.",3559.0
1619,297,1712422076115,64.0,A green pickup comes up behind me and stays behind me for miles.,2904.0
1619,298,1712422077867,55.0,"I keep slowing at the wrong times, hoping he will pass.",1752.0
1619,299,1712422078730,16.0,Then I speed up.,863.0
1619,300,1712422080803,36.0,"But this is at the wrong times, too.",2073.0
1619,301,1712422082050,39.0,I grip the wheel until my fingers hurt.,1247.0
1619,302,1712422083595,37.0,On a long clear stretch he goes past.,1544.0
1619,303,1712422088627,73.0,"But he drives along beside for a bit, a crewcut man in a blue work shirt.",5032.0
1619,304,1712422089514,24.0,We look each other over.,887.0
1619,305,1712422093043,53.0,"Then he waves, toots his horn, and pulls on up ahead.",3529.0
1619,306,1712422094259,29.0,I slow down and find a place.,1215.0
1619,307,1712422095459,35.0,I pull over and shut off the motor.,1200.0
1619,308,1712422096931,42.0,I can hear the river down below the trees.,1472.0
1619,309,1712422098271,35.0,Then I hear the pickup coming back.,1340.0
1619,310,1712422099743,41.0,I lock the doors and roll up the windows.,1472.0
1619,311,1712422100807,30.0,"""You all right?"" the man says.",1064.0
1619,312,1712422101519,21.0,He raps on the glass.,712.0
1619,313,1712422101991,11.0,"""You okay?""",472.0
1619,314,1712422104631,64.0,He leans his arms on the door and brings his face to the window.,2640.0
1619,315,1712422105335,15.0,I stare at him.,704.0
1619,316,1712422106815,30.0,I can't think what else to do.,1480.0
1619,317,1712422107527,34.0,"""Is everything all right in there?",712.0
1619,318,1712422108607,31.0,"How come you're all locked up?""",1080.0
1619,319,1712422109415,16.0,I shake my head.,808.0
1619,320,1712422110231,24.0,"""Roll down your window.""",816.0
1619,321,1712422112375,64.0,He shakes his head and looks at the highway and then back at me.,2144.0
1619,322,1712422113319,19.0,"""Roll it down now.""",944.0
1619,323,1712422115183,32.0,"""Please,"" I say, ""I have to go.""",1864.0
1619,324,1712422116728,50.0,"""Open the door,"" he says as if he isn't listening.",1545.0
1619,325,1712422118175,33.0,"""You're going to choke in there.""",1447.0
1619,326,1712422119551,32.0,"He looks at my breasts, my legs.",1376.0
1619,327,1712422121607,34.0,I can tell that's what he's doing.,2055.0
1619,328,1712422122495,22.0,"""Hey, sugar,"" he says.",888.0
1619,329,1712422123759,31.0,"""I'm just here to help is all.""",1264.0
1619,330,1712422124391,3.0,***,632.0
1619,331,1712422126055,52.0,The casket is closed and covered with floral sprays.,1664.0
1619,332,1712422128143,45.0,The organ starts up the minute I take a seat.,2088.0
1619,333,1712422129479,40.0,People are coming in and finding chairs.,1336.0
1619,334,1712422133903,63.0,There's a boy in flared pants and a yellow short-sleeved shirt.,4424.0
1619,335,1712422137559,100.0,A door opens and the family comes in in a group and moves over to a curtained place off to one side.,3656.0
1619,336,1712422139327,39.0,Chairs creak as everybody gets settled.,1768.0
1619,337,1712422143279,83.0,"Directly, a nice blond man in a nice dark suit stands and asks us to bow our heads.",3952.0
1619,338,1712422147367,105.0,"He says a prayer for us, the living, and when he finishes, he says a prayer for the soul of the departed.",4088.0
1619,339,1712422148927,43.0,Along with the others I go past the casket.,1560.0
1619,340,1712422150935,66.0,Then I move out onto the front steps and into the afternoon light.,2008.0
1619,341,1712422156471,66.0,There's a woman who limps as she goes down the stairs ahead of me.,5536.0
1619,342,1712422157527,33.0,On the sidewalk she looks around.,1056.0
1619,343,1712422158902,31.0,"""Well, they got him,"" she says.",1375.0
1619,344,1712422160151,27.0,"""If that's any consolation.",1248.0
1619,345,1712422161367,31.0,They arrested him this morning.,1215.0
1619,346,1712422162902,38.0,I heard it on the radio before I come.,1535.0
1619,347,1712422164518,26.0,"A boy right here in town.""",1616.0
1619,348,1712422166558,42.0,We move a few steps down the hot sidewalk.,2040.0
1619,349,1712422167990,25.0,People are starting cars.,1432.0
1619,350,1712422170342,49.0,I put out my hand and hold on to a parking meter.,2352.0
1619,351,1712422173070,36.0,Polished hoods and polished fenders.,2728.0
1619,352,1712422174270,14.0,My head swims.,1199.0
1619,353,1712422176590,41.0,"I say, ""They have friends, these killers.",2320.0
1619,354,1712422178422,16.0,"You can't tell.""",1832.0
1619,355,1712422181279,70.0,"""I have known that child since she was a little girl,"" the woman says.",2857.0
1619,356,1712422185286,93.0,"""She used to come over and I'd bake cookies for her and let her eat them in front of the TV.""",4007.0
1619,357,1712422186254,3.0,***,967.0
1619,358,1712422188431,76.0,"Back home, Stuart sits at the table with a drink of whiskey in front of him.",2177.0
1619,359,1712422190854,57.0,For a crazy instant I think something's happened to Dean.,2423.0
1619,360,1712422191775,14.0,"""Where is he?""",920.0
1619,361,1712422192942,6.0,I say.,1167.0
1619,362,1712422193887,16.0,"""Where is Dean?""",944.0
1619,363,1712422194838,27.0,"""Outside,"" my husband says.",951.0
1619,364,1712422196038,34.0,He drains his glass and stands up.,1200.0
1619,365,1712422197735,40.0,"He says, ""I think I know what you need.""",1696.0
1619,366,1712422203543,138.0,He reaches an arm around my waist and with his other hand he begins to unbutton my jacket and then he goes on to the buttons of my blouse.,5808.0
1619,367,1712422204942,30.0,"""First things first,"" he says.",1399.0
1619,368,1712422206470,23.0,He says something else.,1527.0
1619,369,1712422207718,27.0,But I don't need to listen.,1248.0
1619,370,1712422209462,46.0,I can't hear a thing with so much water going.,1744.0
1619,371,1712422210126,3.0,***,664.0
1721,87,1712597148157,3.0,***,4590.0
1721,88,1712597154994,37.0,My husband eats with a good appetite.,6837.0
1721,89,1712597156759,37.0,But I don't think he's really hungry.,1765.0
1721,90,1712597181122,69.0,"He chews, arms on the table, and stares at something across the room.",24363.0
1721,91,1712597199356,30.0,He looks at me and looks away.,18234.0
1721,92,1712597208635,33.0,He wipes his mouth on the napkin.,9278.0
1721,93,1712597220000,30.0,"He shrugs, and goes on eating.",11365.0
1721,94,1712597240239,42.0,"""What are you staring at me for?"" he says.",20238.0
1721,95,1712597249297,45.0,"""What is it?"" he says and lays down his fork.",9058.0
1721,96,1712597258218,42.0,"""Was I staring?"" I say, and shake my head.",8921.0
1721,97,1712597268145,20.0,The telephone rings.,9927.0
1721,98,1712597277996,27.0,"""Don't answer it,"" he says.",9851.0
1721,99,1712597288280,33.0,"""It might be your mother,"" I say.",10284.0
1721,100,1712597296036,25.0,"""Watch and see,"" he says.",7756.0
1721,101,1712597303749,34.0,I pick up the receiver and listen.,7713.0
1721,102,1712597311834,24.0,My husband stops eating.,8085.0
1721,103,1712597320638,46.0,"""What did I tell you?"" he says when I hang up.",8804.0
1721,104,1712597330955,23.0,He starts to eat again.,10317.0
1721,105,1712597338939,36.0,Then throws his napkin on his plate.,7983.0
1721,106,1712597347485,63.0,"He says, ""Goddamn it, why can't people mind their own business?",8546.0
1721,107,1712597353992,41.0,Tell me what I did wrong and I'll listen!,6507.0
1721,108,1712597361286,28.0,I wasn't the only man there.,7293.0
1721,109,1712597371169,37.0,We talked it over and we all decided.,9882.0
1721,110,1712597379779,29.0,We couldn't just turn around.,8610.0
1721,111,1712597388637,32.0,We were five miles from the car.,8858.0
1721,112,1712597399649,34.0,I won't have you passing judgment.,11012.0
1721,113,1712597408245,13.0,"Do you hear?""",8596.0
1721,114,1712597415063,18.0,"""You know,"" I say.",6818.0
1721,115,1712597424541,33.0,"He says, ""What do I know, Claire?",9478.0
1721,116,1712597433182,34.0,Tell me what I'm supposed to know.,8641.0
1721,117,1712597440646,40.0,"I don't know anything except one thing?""",7464.0
1721,118,1712597451011,48.0,He gives me what he thinks is a meaningful look.,10365.0
1721,119,1712597458713,24.0,"""She was dead,"" he says.",7701.0
1721,120,1712597466052,33.0,"""And I'm as sorry as anyone else.",7339.0
1721,121,1712597473050,18.0,"But she was dead.""",6997.0
1721,122,1712597481188,26.0,"""That's the point,"" I say.",8138.0
1721,123,1712597487643,20.0,He raises his hands.,6454.0
1721,124,1712597495601,40.0,He pushes his chair away from the table.,7958.0
1721,125,1712597505266,72.0,He takes out his cigarettes and goes out to the back with a can of beer.,9665.0
1721,126,1712597512975,64.0,I see him sit in the lawn chair and pick up the newspaper again.,7709.0
1721,127,1712597519926,39.0,His name is in there on the first page.,6951.0
1721,128,1712597526840,36.0,Along with the names of his friends.,6914.0
1721,129,1712597540782,40.0,I close my eyes and hold on to the sink.,13942.0
1721,130,1712597598033,74.0,Then I rake my arm across the drainboard and send the dishes to the floor.,57251.0
1721,131,1712597607501,16.0,He doesn't move.,9467.0
1721,132,1712597626615,18.0,I know he's heard.,19114.0
1721,133,1712597634466,40.0,He lifts his head as if still listening.,7851.0
1721,134,1712597642689,30.0,But he doesn't move otherwise.,8223.0
1721,135,1712597650113,23.0,He doesn't turn around.,7424.0
1721,136,1712597653752,3.0,***,3639.0
1721,137,1712597670789,88.0,"He and Gordon Johnson and Mel Dorn and Vern Williams, they play poker and bowl and fish.",17037.0
1721,138,1712597679188,85.0,They fish every spring and early summer before visiting relatives can get in the way.,8398.0
1721,139,1712597686295,65.0,"They are decent men, family men, men who take care of their jobs.",7107.0
1721,140,1712597693084,65.0,"They have sons and daughters who go to school with our son, Dean.",6789.0
1721,141,1712597700918,55.0,Last Friday these family men left for the Naches River.,7833.0
1721,142,1712597708211,76.0,They parked the car in the mountains and hiked to where they wanted to fish.,7293.0
1721,143,1712597718872,76.0,"They carried their bedrolls, their food, their playing cards, their whiskey.",10661.0
1721,144,1712597725883,42.0,They saw the girl before they set up camp.,7011.0
1721,145,1712597732725,19.0,Mel Dorn found her.,6842.0
1721,146,1712597736422,25.0,No clothes on her at all.,3697.0
1721,147,1712597748540,64.0,She was wedged into some branches that stuck out over the water.,12118.0
1721,148,1712597758245,43.0,He called the others and they came to look.,9705.0
1721,149,1712597764872,29.0,They talked about what to do.,6626.0
1721,150,1712597772655,82.0,One of the men - my Stuart didn't say which - said they should start back at once.,7783.0
1721,151,1712597780383,86.0,"The others stirred the sand with their shoes, said they didn't feel inclined that way.",7728.0
1721,152,1712597787106,82.0,"They pleaded fatigue, the late hour, the fact that the girl wasn't going anywhere.",6723.0
1721,153,1712597795037,47.0,In the end they went ahead and set up the camp.,7931.0
1721,154,1712597804101,42.0,They built a fire and drank their whiskey.,9064.0
1721,155,1712597811491,50.0,"When the moon came up, they talked about the girl.",7389.0
1721,156,1712597819572,59.0,Someone said they should -keep the body from drifting away.,8081.0
1721,157,1712597829264,55.0,They took their flashlights and went back to the river.,9692.0
1721,158,1712597836806,66.0,One of the men - it might have been Stuart - waded in and got her.,7541.0
1721,159,1712597844519,53.0,He took her by the fingers and pulled her into shore.,7713.0
1721,160,1712597854245,87.0,He got some nylon cord and tied it to her wrist and then looped the rest around a tree.,9726.0
1721,161,1712597864728,99.0,"The next morning they cooked breakfast, drank coffee, and drank whiskey, and then split up to fish.",10483.0
1721,162,1712597872362,182.0,"That night they cooked fish, cooked potatoes, drank coffee, drank whiskey, then took their cooking things and eating things back down to the river and washed them where the girl was.",7633.0
1721,163,1712597883068,32.0,They played some cards later on.,10706.0
1721,164,1712597889296,55.0,Maybe they played until they couldn't see them anymore.,6226.0
1721,165,1712597895825,28.0,Vern Williams went to sleep.,6529.0
1721,166,1712597903103,28.0,But the others told stories.,7276.0
1721,167,1712597911597,100.0,Gordon Johnson said the trout they'd caught were hard because of the terrible coldness of the water.,8494.0
1721,168,1712597918788,154.0,"The next morning they got up late, drank whiskey, fished a little, took down their tents, rolled their sleeping bags, gathered their stuff, and hiked out.",7190.0
1721,169,1712597926269,41.0,They drove until they got to a telephone.,7481.0
1721,170,1712597937636,86.0,It was Stuart who made the call while the others stood around in the sun and listened.,11367.0
1721,171,1712597944566,32.0,He gave the sheriff their names.,6930.0
1721,172,1712597950607,25.0,They had nothing to hide.,6041.0
1721,173,1712597956752,21.0,They weren't ashamed.,6145.0
1721,174,1712597964036,100.0,They said they'd wait until someone could come for better directions and take down their statements.,7284.0
1721,175,1712597965522,3.0,***,1485.0
1721,176,1712597990687,30.0,I was asleep when he got home.,25165.0
1721,177,1712597998230,46.0,But I woke up when I heard him in the kitchen.,7543.0
1721,178,1712598007634,64.0,I found him leaning against the refrigerator with a can of beer.,9403.0
1721,179,1712598014406,68.0,He put his heavy arms around me and rubbed his big hands on my back.,6772.0
1721,180,1712598022162,85.0,In bed he put his hands on me again and then waited as if thinking of something else.,7756.0
1721,181,1712598028639,28.0,I turned and opened my legs.,6477.0
1721,182,1712598036167,36.0,"Afterwards, I think he stayed awake.",7527.0
1721,183,1712598047857,53.0,He was up that morning before I could get out of bed.,11689.0
1721,184,1712598055732,54.0,"To see if there was something in the paper, I suppose.",7875.0
1721,185,1712598063967,46.0,The telephone began ringing right after eight.,8234.0
1721,186,1712598072358,13.0,"""Go to hell!""",8390.0
1721,187,1712598079330,18.0,I heard him shout.,6972.0
1721,188,1712598088192,31.0,The telephone rang right again.,8862.0
1721,189,1712598095860,59.0,"""I have nothing to add to what I already told the sheriff!""",7668.0
1721,190,1712598102352,29.0,He slammed the receiver down.,6492.0
1721,191,1712598109054,27.0,"""What is going on?"" I said.",6701.0
1721,192,1712598115809,49.0,It was then that he told me what I just told you.,6754.0
1721,193,1712598117989,3.0,***,2180.0
1721,194,1712598132061,44.0,I sweep up the broken dishes and go outside.,14071.0
1721,195,1712598139088,85.0,"He is lying on his back on the grass now, the newspaper and can of beer within reach.",7026.0
1721,196,1712598145247,41.0,"""Stuart, could we go for a drive?"" I say.",6159.0
1721,197,1712598155994,30.0,He rolls over and looks at me.,10747.0
1721,198,1712598163126,37.0,"""We'll pick up some beer,"" he says...",7132.0
1721,199,1712598169670,62.0,He gets to his feet and touches me on the hip as he goes past.,6544.0
1721,200,1712598177372,28.0,"""Give me a minute,"" he says.",7702.0
1721,201,1712598185888,39.0,We drive through town without speaking.,8516.0
1721,202,1712598193042,39.0,He stops at a roadside market for beer.,7154.0
1721,203,1712598199902,54.0,I notice a great stack of papers just inside the door.,6860.0
1721,204,1712598207990,89.0,On the top step a fat woman in a print dress holds out a licorice stick to a little girl.,8088.0
1721,205,1712598215216,66.0,"Later on, we cross Everson Creek and turn into the picnic grounds.",7226.0
1721,206,1712598222139,79.0,The creek runs under the bridge and into a large pond a few hundred yards away.,6923.0
1721,207,1712598228896,28.0,I can see the men out there.,6757.0
1721,208,1712598235147,33.0,I can see them out there fishing.,6251.0
1721,209,1712598241389,31.0,So much water so close to home.,6242.0
1721,210,1712598249504,43.0,"I say, ""Why did you have to go miles away?""",8115.0
1721,211,1712598256509,25.0,"""Don't rile me,"" he says.",7005.0
1721,212,1712598264004,29.0,We sit on a bench in the sun.,7495.0
1721,213,1712598270548,25.0,He opens us cans of beer.,6544.0
1721,214,1712598276204,25.0,"He says, ""Relax, Claire.""",5656.0
1721,215,1712598282054,30.0,"""They said they were innocent.",5849.0
1721,216,1712598288521,27.0,"They said they were crazy.""",6467.0
1721,217,1712598295019,15.0,"He says, ""Who?""",6498.0
1721,218,1712598304814,38.0,"He says, ""What are you talking about?""",9795.0
1721,219,1712598310634,21.0,"""The Maddox brothers.",5820.0
1721,220,1712598318097,54.0,They killed a girl named Arlene Hubly where I grew up.,7463.0
1721,221,1712598326927,60.0,They cut off her head and threw her into the Cle Elum River.,8830.0
1721,222,1712598333830,31.0,"It happened when I was a girl.""",6903.0
1721,223,1712598339894,40.0,"""You're going to get me riled,"" he says.",6064.0
1721,224,1712598346815,20.0,I look at the creek.,6921.0
1721,225,1712598353649,79.0,"I'm right in it, eyes open, face down, staring at the moss on the bottom, dead.",6834.0
1721,226,1712598361378,62.0,"""I don't know what's wrong with you,"" he says on the way home.",7729.0
1721,227,1712598378136,45.0,"""You're getting me more riled by the minute.""",16758.0
1721,228,1712598386853,34.0,There is nothing I can say to him.,8717.0
1721,229,1712598401728,36.0,He tries to concentrate on the road.,14875.0
1721,230,1712598409645,47.0,But he keeps looking into the rear-view mirror.,7917.0
1721,231,1712598415726,9.0,He knows.,6081.0
1721,232,1712598424403,3.0,***,8676.0
1721,233,1712598486037,52.0,Stuart believes he is letting me sleep this morning.,61634.0
1721,234,1712598492887,47.0,But I was awake long before the alarm went off.,6850.0
1721,235,1712598500845,74.0,"I was thinking, lying on the far side of the bed away from his hairy legs.",7957.0
1721,236,1712598509925,78.0,"He gets Dean off for school, and then he shaves, dresses, and leaves for work.",9080.0
1721,237,1712598516570,40.0,Twice he looks in and clears his throat.,6645.0
1721,238,1712598524376,26.0,But I keep my eyes closed.,7806.0
1721,239,1712598531397,38.0,In the kitchen I find a note from him.,7021.0
1721,240,1712598537393,19.0,"It's signed ""Love.""",5995.0
1721,241,1712598549057,74.0,I sit in the breakfast nook and drink coffee and leave a ring on the note.,11664.0
1721,242,1712598555435,67.0,I look at the newspaper and turn it this way and that on the table.,6378.0
1721,243,1712598562608,43.0,Then I skid it close and read what it says.,7173.0
1721,244,1712598579542,38.0,"The body has been identified, claimed.",16934.0
1721,245,1712598588491,155.0,"But it took some examining it, some putting things into it, some cutting, some weighing, some measuring, some putting things back again and sewing them in.",8949.0
1721,246,1712598595560,57.0,I sit for a long time holding the newspaper and thinking.,7069.0
1721,247,1712598602355,51.0,Then I call up to get a chair at the hairdresser's.,6795.0
1721,248,1712598604435,3.0,***,2080.0
1721,249,1712598632013,75.0,I sit under the dryer with a magazine on my lap and let Marnie do my nails.,27577.0
1721,250,1712598639146,42.0,"""I am going to a funeral tomorrow,"" I say.",7133.0
1721,251,1712598645729,38.0,"""I'm sorry to hear that,"" Marnie says.",6583.0
1721,252,1712598653595,25.0,"""It was a murder,"" I say.",7866.0
1721,253,1712598659864,37.0,"""That's the worst kind,"" Marnie says.",6269.0
1721,254,1712598666880,35.0,"""We weren't all that close,"" I say.",7016.0
1721,255,1712598673213,15.0,"""But you know?""",6333.0
1721,256,1712598680347,45.0,"""We'll get you fixed up for it,"" Marnie says.",7134.0
1721,257,1712598687129,72.0,"That night I make my bed on the sofa, and in the morning I get up first.",6782.0
1721,258,1712598694926,50.0,I put on coffee and fix breakfast while he shaves.,7797.0
1721,259,1712598701599,76.0,"He appears in the kitchen doorway, towel over his bare shoulder, appraising.",6673.0
1721,260,1712598707603,23.0,"""Here's coffee,"" I say.",6004.0
1721,261,1712598713629,31.0,"""Eggs'll be ready in a minute.”",6026.0
1721,262,1712598720024,37.0,"I wake Dean, and the three of us eat.",6395.0
1721,263,1712598726727,79.0,"Whenever Stuart looks at me, I ask Dean if he wants more milk, more toast, etc.",6703.0
1721,264,1712598733817,56.0,"""I'll call you today,"" Stuart says as he opens the door.",7089.0
1721,265,1712598740739,42.0,"I say, ""I don't think I'll be home today.""",6922.0
1721,266,1712598746547,21.0,"""All right,"" he says.",5807.0
1721,267,1712598754809,7.0,"""Sure.""",8262.0
1721,268,1712598760684,18.0,I dress carefully.,5875.0
1721,269,1712598766934,48.0,I try on a hat and look at myself in the mirror.,6250.0
1721,270,1712598774175,28.0,I write out a note for Dean.,7241.0
1721,271,1712598782499,69.0,"Honey, Mommy has things to do this afternoon, but will be back later.",8323.0
1721,272,1712598789393,61.0,You stay in or be in the backyard until one of us comes home.,6894.0
1721,273,1712598796690,11.0,"Love, Mommy",7297.0
1721,274,1712598802997,48.0,I look at the word Love and then I underline it.,6307.0
1721,275,1712598808585,29.0,Then I see the word backyard.,5588.0
1721,276,1712598814987,22.0,Is it one word or two?,6402.0
1721,277,1712598816506,3.0,***,1519.0
1721,278,1712598845176,121.0,"I drive through farm country, through fields of oats and sugar beets and past apple orchards, cattle grazing in pastures.",28669.0
1721,279,1712598853396,99.0,"Then everything changes, more like shacks than farmhouses and stands of timber instead of orchards.",8220.0
1721,280,1712598860534,78.0,"Then mountains, and on the right, far below, I sometimes see the Naches River.",7138.0
1721,281,1712598868680,64.0,A green pickup comes up behind me and stays behind me for miles.,8145.0
1721,282,1712598875150,55.0,"I keep slowing at the wrong times, hoping he will pass.",6470.0
1721,283,1712598880995,16.0,Then I speed up.,5845.0
1721,284,1712598886596,36.0,"But this is at the wrong times, too.",5601.0
1721,285,1712598892367,39.0,I grip the wheel until my fingers hurt.,5771.0
1721,286,1712598898757,37.0,On a long clear stretch he goes past.,6390.0
1721,287,1712598905513,73.0,"But he drives along beside for a bit, a crewcut man in a blue work shirt.",6756.0
1721,288,1712598912489,24.0,We look each other over.,6976.0
1721,289,1712598921389,53.0,"Then he waves, toots his horn, and pulls on up ahead.",8899.0
1721,290,1712598928092,29.0,I slow down and find a place.,6703.0
1721,291,1712598934260,35.0,I pull over and shut off the motor.,6168.0
1721,292,1712598941302,42.0,I can hear the river down below the trees.,7042.0
1721,293,1712598947501,35.0,Then I hear the pickup coming back.,6199.0
1721,294,1712598954961,41.0,I lock the doors and roll up the windows.,7459.0
1721,295,1712598962167,30.0,"""You all right?"" the man says.",7206.0
1721,296,1712598969182,21.0,He raps on the glass.,7014.0
1721,297,1712598976335,11.0,"""You okay?""",7153.0
1721,298,1712598990351,64.0,He leans his arms on the door and brings his face to the window.,14016.0
1721,299,1712598992247,15.0,I stare at him.,1895.0
1721,300,1712598993364,30.0,I can't think what else to do.,1117.0
1721,301,1712598994368,34.0,"""Is everything all right in there?",1004.0
1721,302,1712598995225,31.0,"How come you're all locked up?""",857.0
1721,303,1712598996282,16.0,I shake my head.,1057.0
1721,304,1712598997437,24.0,"""Roll down your window.""",1155.0
1721,305,1712599006662,64.0,He shakes his head and looks at the highway and then back at me.,9225.0
1721,306,1712599007914,19.0,"""Roll it down now.""",1252.0
1721,307,1712599009241,32.0,"""Please,"" I say, ""I have to go.""",1327.0
1721,308,1712599010881,50.0,"""Open the door,"" he says as if he isn't listening.",1640.0
1721,309,1712599011959,33.0,"""You're going to choke in there.""",1078.0
1721,310,1712599021701,32.0,"He looks at my breasts, my legs.",9742.0
1721,311,1712599041628,34.0,I can tell that's what he's doing.,19927.0
1721,312,1712599048391,22.0,"""Hey, sugar,"" he says.",6762.0
1721,313,1712599054269,31.0,"""I'm just here to help is all.""",5878.0
1721,314,1712599055821,3.0,***,1552.0
1721,315,1712599166193,52.0,The casket is closed and covered with floral sprays.,110372.0
1721,316,1712599174055,45.0,The organ starts up the minute I take a seat.,7862.0
1721,317,1712599183214,40.0,People are coming in and finding chairs.,9158.0
1721,318,1712599190498,63.0,There's a boy in flared pants and a yellow short-sleeved shirt.,7284.0
1721,319,1712599201181,100.0,A door opens and the family comes in in a group and moves over to a curtained place off to one side.,10683.0
1721,320,1712599218139,39.0,Chairs creak as everybody gets settled.,16958.0
1721,321,1712599226967,83.0,"Directly, a nice blond man in a nice dark suit stands and asks us to bow our heads.",8827.0
1721,322,1712599233969,105.0,"He says a prayer for us, the living, and when he finishes, he says a prayer for the soul of the departed.",7002.0
1721,323,1712599240323,43.0,Along with the others I go past the casket.,6354.0
1721,324,1712599247505,66.0,Then I move out onto the front steps and into the afternoon light.,7181.0
1721,325,1712599255773,66.0,There's a woman who limps as she goes down the stairs ahead of me.,8268.0
1721,326,1712599262639,33.0,On the sidewalk she looks around.,6865.0
1721,327,1712599268288,31.0,"""Well, they got him,"" she says.",5649.0
1721,328,1712599274648,27.0,"""If that's any consolation.",6360.0
1721,329,1712599280047,31.0,They arrested him this morning.,5399.0
1721,330,1712599288782,38.0,I heard it on the radio before I come.,8735.0
1721,331,1712599295014,26.0,"A boy right here in town.""",6232.0
1721,332,1712599301140,42.0,We move a few steps down the hot sidewalk.,6126.0
1721,333,1712599307542,25.0,People are starting cars.,6402.0
1721,334,1712599313529,49.0,I put out my hand and hold on to a parking meter.,5987.0
1721,335,1712599321866,36.0,Polished hoods and polished fenders.,8337.0
1721,336,1712599328133,14.0,My head swims.,6267.0
1721,337,1712599335098,41.0,"I say, ""They have friends, these killers.",6965.0
1721,338,1712599343974,16.0,"You can't tell.""",8876.0
1721,339,1712599350884,70.0,"""I have known that child since she was a little girl,"" the woman says.",6910.0
1721,340,1712599362494,93.0,"""She used to come over and I'd bake cookies for her and let her eat them in front of the TV.""",11610.0
1721,341,1712599365930,3.0,***,3436.0
1721,342,1712599383411,76.0,"Back home, Stuart sits at the table with a drink of whiskey in front of him.",17481.0
1721,343,1712599389309,57.0,For a crazy instant I think something's happened to Dean.,5898.0
1721,344,1712599394804,14.0,"""Where is he?""",5495.0
1721,345,1712599396624,6.0,I say.,1820.0
1721,346,1712599404568,16.0,"""Where is Dean?""",7944.0
1721,347,1712599412036,27.0,"""Outside,"" my husband says.",7468.0
1721,348,1712599417618,34.0,He drains his glass and stands up.,5582.0
1721,349,1712599424623,40.0,"He says, ""I think I know what you need.""",7005.0
1721,350,1712599446342,138.0,He reaches an arm around my waist and with his other hand he begins to unbutton my jacket and then he goes on to the buttons of my blouse.,21718.0
1721,351,1712599453430,30.0,"""First things first,"" he says.",7087.0
1721,352,1712599459085,23.0,He says something else.,5655.0
1721,353,1712599464337,27.0,But I don't need to listen.,5252.0
1721,354,1712599470513,46.0,I can't hear a thing with so much water going.,6176.0
1721,355,1712599514512,3.0,***,43999.0
1674,86,1712591058094,3.0,***,2185.0
1674,87,1712591060610,37.0,My husband eats with a good appetite.,2516.0
1674,88,1712591062720,37.0,But I don't think he's really hungry.,2110.0
1674,89,1712591067100,69.0,"He chews, arms on the table, and stares at something across the room.",4380.0
1674,90,1712591068704,30.0,He looks at me and looks away.,1604.0
1674,91,1712591072534,33.0,He wipes his mouth on the napkin.,3830.0
1674,92,1712591074638,30.0,"He shrugs, and goes on eating.",2104.0
1674,93,1712591078707,42.0,"""What are you staring at me for?"" he says.",4069.0
1674,94,1712591081184,45.0,"""What is it?"" he says and lays down his fork.",2475.0
1674,95,1712591085325,42.0,"""Was I staring?"" I say, and shake my head.",4141.0
1674,96,1712591086462,20.0,The telephone rings.,1137.0
1674,97,1712591088155,27.0,"""Don't answer it,"" he says.",1693.0
1674,98,1712591090011,33.0,"""It might be your mother,"" I say.",1855.0
1674,99,1712591092231,25.0,"""Watch and see,"" he says.",2220.0
1674,100,1712591095492,34.0,I pick up the receiver and listen.,3261.0
1674,101,1712591097333,24.0,My husband stops eating.,1840.0
1674,102,1712591101203,46.0,"""What did I tell you?"" he says when I hang up.",3870.0
1674,103,1712591104476,23.0,He starts to eat again.,3273.0
1674,104,1712591106532,36.0,Then throws his napkin on his plate.,2056.0
1674,105,1712591113572,63.0,"He says, ""Goddamn it, why can't people mind their own business?",7040.0
1674,106,1712591125250,41.0,Tell me what I did wrong and I'll listen!,11678.0
1674,107,1712591173823,28.0,I wasn't the only man there.,48573.0
1674,108,1712591241871,37.0,We talked it over and we all decided.,68047.0
1674,109,1712591247705,29.0,We couldn't just turn around.,5834.0
1674,110,1712591254728,32.0,We were five miles from the car.,7023.0
1674,111,1712591259935,34.0,I won't have you passing judgment.,5207.0
1674,112,1712591260854,13.0,"Do you hear?""",919.0
1674,113,1712591261684,18.0,"""You know,"" I say.",830.0
1674,114,1712591266253,33.0,"He says, ""What do I know, Claire?",4569.0
1674,115,1712591267940,34.0,Tell me what I'm supposed to know.,1687.0
1674,116,1712591272030,40.0,"I don't know anything except one thing?""",4090.0
1674,117,1712591273490,48.0,He gives me what he thinks is a meaningful look.,1459.0
1674,118,1712591275589,24.0,"""She was dead,"" he says.",2099.0
1674,119,1712591277459,33.0,"""And I'm as sorry as anyone else.",1870.0
1674,120,1712591278936,18.0,"But she was dead.""",1475.0
1674,121,1712591280396,26.0,"""That's the point,"" I say.",1460.0
1674,122,1712591281715,20.0,He raises his hands.,1319.0
1674,123,1712591285111,40.0,He pushes his chair away from the table.,3396.0
1674,124,1712591299922,72.0,He takes out his cigarettes and goes out to the back with a can of beer.,14810.0
1674,125,1712591304900,64.0,I see him sit in the lawn chair and pick up the newspaper again.,4978.0
1674,126,1712591314289,39.0,His name is in there on the first page.,9389.0
1674,127,1712591316970,36.0,Along with the names of his friends.,2681.0
1674,128,1712591319114,40.0,I close my eyes and hold on to the sink.,2144.0
1674,129,1712591323467,74.0,Then I rake my arm across the drainboard and send the dishes to the floor.,4353.0
1674,130,1712591324714,16.0,He doesn't move.,1247.0
1674,131,1712591326586,18.0,I know he's heard.,1871.0
1674,132,1712591328682,40.0,He lifts his head as if still listening.,2096.0
1674,133,1712591331466,30.0,But he doesn't move otherwise.,2784.0
1674,134,1712591333457,23.0,He doesn't turn around.,1991.0
1674,135,1712591334602,3.0,***,1145.0
1674,136,1712591339370,88.0,"He and Gordon Johnson and Mel Dorn and Vern Williams, they play poker and bowl and fish.",4768.0
1674,137,1712591393690,85.0,They fish every spring and early summer before visiting relatives can get in the way.,54320.0
1674,138,1712591397760,65.0,"They are decent men, family men, men who take care of their jobs.",4070.0
1674,139,1712591401649,65.0,"They have sons and daughters who go to school with our son, Dean.",3888.0
1674,140,1712591407067,55.0,Last Friday these family men left for the Naches River.,5418.0
1674,141,1712591432462,76.0,They parked the car in the mountains and hiked to where they wanted to fish.,25395.0
1674,142,1712591441436,76.0,"They carried their bedrolls, their food, their playing cards, their whiskey.",8974.0
1674,143,1712591444991,42.0,They saw the girl before they set up camp.,3553.0
1674,144,1712591447710,19.0,Mel Dorn found her.,2719.0
1674,145,1712591449685,25.0,No clothes on her at all.,1974.0
1674,146,1712591458885,64.0,She was wedged into some branches that stuck out over the water.,9200.0
1674,147,1712591467724,43.0,He called the others and they came to look.,8838.0
1674,148,1712591475282,29.0,They talked about what to do.,7558.0
1674,149,1712591485953,82.0,One of the men - my Stuart didn't say which - said they should start back at once.,10671.0
1674,150,1712591495107,86.0,"The others stirred the sand with their shoes, said they didn't feel inclined that way.",9154.0
1674,151,1712591501650,82.0,"They pleaded fatigue, the late hour, the fact that the girl wasn't going anywhere.",6543.0
1674,152,1712591504473,47.0,In the end they went ahead and set up the camp.,2822.0
1674,153,1712591507144,42.0,They built a fire and drank their whiskey.,2671.0
1674,154,1712591516748,50.0,"When the moon came up, they talked about the girl.",9604.0
1674,155,1712591566607,59.0,Someone said they should -keep the body from drifting away.,49858.0
1674,156,1712591571658,55.0,They took their flashlights and went back to the river.,5051.0
1674,157,1712591577679,66.0,One of the men - it might have been Stuart - waded in and got her.,6021.0
1674,158,1712591589196,53.0,He took her by the fingers and pulled her into shore.,11517.0
1674,159,1712591593802,87.0,He got some nylon cord and tied it to her wrist and then looped the rest around a tree.,4606.0
1674,160,1712591600631,99.0,"The next morning they cooked breakfast, drank coffee, and drank whiskey, and then split up to fish.",6828.0
1674,161,1712591613727,182.0,"That night they cooked fish, cooked potatoes, drank coffee, drank whiskey, then took their cooking things and eating things back down to the river and washed them where the girl was.",13096.0
1674,162,1712591615168,32.0,They played some cards later on.,1441.0
1674,163,1712591621469,55.0,Maybe they played until they couldn't see them anymore.,6301.0
1674,164,1712591623485,28.0,Vern Williams went to sleep.,2016.0
1674,165,1712591625062,28.0,But the others told stories.,1577.0
1674,166,1712591633253,100.0,Gordon Johnson said the trout they'd caught were hard because of the terrible coldness of the water.,8191.0
1674,167,1712591679179,154.0,"The next morning they got up late, drank whiskey, fished a little, took down their tents, rolled their sleeping bags, gathered their stuff, and hiked out.",45926.0
1674,168,1712591682579,41.0,They drove until they got to a telephone.,3399.0
1674,169,1712591719113,86.0,It was Stuart who made the call while the others stood around in the sun and listened.,36533.0
1674,170,1712591722070,32.0,He gave the sheriff their names.,2957.0
1674,171,1712591723575,25.0,They had nothing to hide.,1505.0
1674,172,1712591724809,21.0,They weren't ashamed.,1234.0
1674,173,1712591742649,100.0,They said they'd wait until someone could come for better directions and take down their statements.,17840.0
1674,174,1712591748261,3.0,***,5612.0
1674,175,1712591750271,30.0,I was asleep when he got home.,2010.0
1674,176,1712591753207,46.0,But I woke up when I heard him in the kitchen.,2936.0
1674,177,1712591755728,64.0,I found him leaning against the refrigerator with a can of beer.,2521.0
1674,178,1712591763743,68.0,He put his heavy arms around me and rubbed his big hands on my back.,8015.0
1674,179,1712591769839,85.0,In bed he put his hands on me again and then waited as if thinking of something else.,6096.0
1674,180,1712591772340,28.0,I turned and opened my legs.,2501.0
1674,181,1712591775685,36.0,"Afterwards, I think he stayed awake.",3345.0
1674,182,1712591780947,53.0,He was up that morning before I could get out of bed.,5262.0
1674,183,1712591783740,54.0,"To see if there was something in the paper, I suppose.",2793.0
1674,184,1712591785741,46.0,The telephone began ringing right after eight.,2001.0
1674,185,1712591786987,13.0,"""Go to hell!""",1246.0
1674,186,1712591788333,18.0,I heard him shout.,1346.0
1674,187,1712591790717,31.0,The telephone rang right again.,2384.0
1674,188,1712591794877,59.0,"""I have nothing to add to what I already told the sheriff!""",4160.0
1674,189,1712591797292,29.0,He slammed the receiver down.,2415.0
1674,190,1712591799571,27.0,"""What is going on?"" I said.",2279.0
1674,191,1712591803211,49.0,It was then that he told me what I just told you.,3639.0
1674,192,1712591803971,3.0,***,760.0
1674,193,1712591808196,44.0,I sweep up the broken dishes and go outside.,4225.0
1674,194,1712591815331,85.0,"He is lying on his back on the grass now, the newspaper and can of beer within reach.",7135.0
1674,195,1712591820283,41.0,"""Stuart, could we go for a drive?"" I say.",4951.0
1674,196,1712591824833,30.0,He rolls over and looks at me.,4550.0
1674,197,1712591828827,37.0,"""We'll pick up some beer,"" he says...",3993.0
1674,198,1712591834026,62.0,He gets to his feet and touches me on the hip as he goes past.,5199.0
1674,199,1712591839760,28.0,"""Give me a minute,"" he says.",5734.0
1674,200,1712591858761,39.0,We drive through town without speaking.,19001.0
1674,201,1712591862429,39.0,He stops at a roadside market for beer.,3668.0
1674,202,1712591868431,54.0,I notice a great stack of papers just inside the door.,6002.0
1674,203,1712591882079,89.0,On the top step a fat woman in a print dress holds out a licorice stick to a little girl.,13647.0
1674,204,1712591886767,66.0,"Later on, we cross Everson Creek and turn into the picnic grounds.",4688.0
1674,205,1712591895774,79.0,The creek runs under the bridge and into a large pond a few hundred yards away.,9007.0
1674,206,1712591899942,28.0,I can see the men out there.,4168.0
1674,207,1712591901710,33.0,I can see them out there fishing.,1768.0
1674,208,1712591904889,31.0,So much water so close to home.,3179.0
1674,209,1712591907804,43.0,"I say, ""Why did you have to go miles away?""",2914.0
1674,210,1712591909927,25.0,"""Don't rile me,"" he says.",2123.0
1674,211,1712591913543,29.0,We sit on a bench in the sun.,3616.0
1674,212,1712591916504,25.0,He opens us cans of beer.,2961.0
1674,213,1712591919374,25.0,"He says, ""Relax, Claire.""",2870.0
1674,214,1712591922652,30.0,"""They said they were innocent.",3277.0
1674,215,1712591924341,27.0,"They said they were crazy.""",1689.0
1674,216,1712591925510,15.0,"He says, ""Who?""",1169.0
1674,217,1712591928150,38.0,"He says, ""What are you talking about?""",2640.0
1674,218,1712591929927,21.0,"""The Maddox brothers.",1777.0
1674,219,1712591937251,54.0,They killed a girl named Arlene Hubly where I grew up.,7324.0
1674,220,1712591942167,60.0,They cut off her head and threw her into the Cle Elum River.,4916.0
1674,221,1712591946043,31.0,"It happened when I was a girl.""",3876.0
1674,222,1712591950886,40.0,"""You're going to get me riled,"" he says.",4843.0
1674,223,1712591952766,20.0,I look at the creek.,1880.0
1674,224,1712591967173,79.0,"I'm right in it, eyes open, face down, staring at the moss on the bottom, dead.",14407.0
1674,225,1712591971745,62.0,"""I don't know what's wrong with you,"" he says on the way home.",4571.0
1674,226,1712591975689,45.0,"""You're getting me more riled by the minute.""",3944.0
1674,227,1712591978164,34.0,There is nothing I can say to him.,2475.0
1674,228,1712591980554,36.0,He tries to concentrate on the road.,2390.0
1674,229,1712591983460,47.0,But he keeps looking into the rear-view mirror.,2905.0
1674,230,1712591984293,9.0,He knows.,832.0
1674,231,1712591985643,3.0,***,1350.0
1674,232,1712591989035,52.0,Stuart believes he is letting me sleep this morning.,3392.0
1674,233,1712591992298,47.0,But I was awake long before the alarm went off.,3263.0
1674,234,1712592003812,74.0,"I was thinking, lying on the far side of the bed away from his hairy legs.",11514.0
1674,235,1712592022898,78.0,"He gets Dean off for school, and then he shaves, dresses, and leaves for work.",19085.0
1674,236,1712592026121,40.0,Twice he looks in and clears his throat.,3222.0
1674,237,1712592028658,26.0,But I keep my eyes closed.,2537.0
1674,238,1712592032030,38.0,In the kitchen I find a note from him.,3372.0
1674,239,1712592033638,19.0,"It's signed ""Love.""",1608.0
1674,240,1712592061998,74.0,I sit in the breakfast nook and drink coffee and leave a ring on the note.,28360.0
1674,241,1712592069912,67.0,I look at the newspaper and turn it this way and that on the table.,7914.0
1674,242,1712592072775,43.0,Then I skid it close and read what it says.,2863.0
1674,243,1712592075430,38.0,"The body has been identified, claimed.",2655.0
1674,244,1712592102969,155.0,"But it took some examining it, some putting things into it, some cutting, some weighing, some measuring, some putting things back again and sewing them in.",27539.0
1674,245,1712592108374,57.0,I sit for a long time holding the newspaper and thinking.,5405.0
1674,246,1712592113782,51.0,Then I call up to get a chair at the hairdresser's.,5408.0
1674,247,1712592118253,3.0,***,4471.0
1674,248,1712592124316,75.0,I sit under the dryer with a magazine on my lap and let Marnie do my nails.,6063.0
1674,249,1712592126670,42.0,"""I am going to a funeral tomorrow,"" I say.",2354.0
1674,250,1712592128827,38.0,"""I'm sorry to hear that,"" Marnie says.",2157.0
1674,251,1712592130774,25.0,"""It was a murder,"" I say.",1947.0
1674,252,1712592134829,37.0,"""That's the worst kind,"" Marnie says.",4055.0
1674,253,1712592137531,35.0,"""We weren't all that close,"" I say.",2702.0
1674,254,1712592139091,15.0,"""But you know?""",1560.0
1674,255,1712592142028,45.0,"""We'll get you fixed up for it,"" Marnie says.",2935.0
1674,256,1712592170850,72.0,"That night I make my bed on the sofa, and in the morning I get up first.",28822.0
1674,257,1712592173207,50.0,I put on coffee and fix breakfast while he shaves.,2357.0
1674,258,1712592176668,76.0,"He appears in the kitchen doorway, towel over his bare shoulder, appraising.",3461.0
1674,259,1712592178107,23.0,"""Here's coffee,"" I say.",1438.0
1674,260,1712592180279,31.0,"""Eggs'll be ready in a minute.”",2171.0
1674,261,1712592250775,37.0,"I wake Dean, and the three of us eat.",70495.0
1674,262,1712592256183,79.0,"Whenever Stuart looks at me, I ask Dean if he wants more milk, more toast, etc.",5407.0
1674,263,1712592260134,56.0,"""I'll call you today,"" Stuart says as he opens the door.",3951.0
1674,264,1712592263791,42.0,"I say, ""I don't think I'll be home today.""",3657.0
1674,265,1712592264672,21.0,"""All right,"" he says.",881.0
1674,266,1712592265368,7.0,"""Sure.""",696.0
1674,267,1712592266419,18.0,I dress carefully.,1051.0
1674,268,1712592272048,48.0,I try on a hat and look at myself in the mirror.,5629.0
1674,269,1712592274145,28.0,I write out a note for Dean.,2097.0
1674,270,1712592284695,69.0,"Honey, Mommy has things to do this afternoon, but will be back later.",10550.0
1674,271,1712592289989,61.0,You stay in or be in the backyard until one of us comes home.,5294.0
1674,272,1712592290884,11.0,"Love, Mommy",895.0
1674,273,1712592292589,48.0,I look at the word Love and then I underline it.,1705.0
1674,274,1712592297779,29.0,Then I see the word backyard.,5188.0
1674,275,1712592300033,22.0,Is it one word or two?,2254.0
1674,276,1712592303977,3.0,***,3944.0
1674,277,1712592343500,121.0,"I drive through farm country, through fields of oats and sugar beets and past apple orchards, cattle grazing in pastures.",39523.0
1674,278,1712592355897,99.0,"Then everything changes, more like shacks than farmhouses and stands of timber instead of orchards.",12396.0
1674,279,1712592360466,78.0,"Then mountains, and on the right, far below, I sometimes see the Naches River.",4569.0
1674,280,1712592363408,64.0,A green pickup comes up behind me and stays behind me for miles.,2942.0
1674,281,1712592369360,55.0,"I keep slowing at the wrong times, hoping he will pass.",5952.0
1674,282,1712592371193,16.0,Then I speed up.,1833.0
1674,283,1712592374580,36.0,"But this is at the wrong times, too.",3387.0
1674,284,1712592379808,39.0,I grip the wheel until my fingers hurt.,5228.0
1674,285,1712592383704,37.0,On a long clear stretch he goes past.,3896.0
1674,286,1712592387639,73.0,"But he drives along beside for a bit, a crewcut man in a blue work shirt.",3935.0
1674,287,1712592389614,24.0,We look each other over.,1975.0
1674,288,1712592393880,53.0,"Then he waves, toots his horn, and pulls on up ahead.",4265.0
1674,289,1712592395626,29.0,I slow down and find a place.,1745.0
1674,290,1712592398166,35.0,I pull over and shut off the motor.,2540.0
1674,291,1712592407040,42.0,I can hear the river down below the trees.,8874.0
1674,292,1712592410696,35.0,Then I hear the pickup coming back.,3655.0
1674,293,1712592429665,41.0,I lock the doors and roll up the windows.,18969.0
1674,294,1712592434534,30.0,"""You all right?"" the man says.",4869.0
1674,295,1712592436807,21.0,He raps on the glass.,2272.0
1674,296,1712592438367,11.0,"""You okay?""",1560.0
1674,297,1712592443253,64.0,He leans his arms on the door and brings his face to the window.,4886.0
1674,298,1712592444246,15.0,I stare at him.,992.0
1674,299,1712592447230,30.0,I can't think what else to do.,2984.0
1674,300,1712592452716,34.0,"""Is everything all right in there?",5486.0
1674,301,1712592469708,31.0,"How come you're all locked up?""",16992.0
1674,302,1712592471189,16.0,I shake my head.,1480.0
1674,303,1712592472394,24.0,"""Roll down your window.""",1205.0
1674,304,1712592477412,64.0,He shakes his head and looks at the highway and then back at me.,5018.0
1674,305,1712592478870,19.0,"""Roll it down now.""",1458.0
1674,306,1712592480901,32.0,"""Please,"" I say, ""I have to go.""",2031.0
1674,307,1712592484143,50.0,"""Open the door,"" he says as if he isn't listening.",3242.0
1674,308,1712592486228,33.0,"""You're going to choke in there.""",2085.0
1674,309,1712592488810,32.0,"He looks at my breasts, my legs.",2582.0
1674,310,1712592491235,34.0,I can tell that's what he's doing.,2424.0
1674,311,1712592492521,22.0,"""Hey, sugar,"" he says.",1286.0
1674,312,1712592494404,31.0,"""I'm just here to help is all.""",1883.0
1674,313,1712592495107,3.0,***,703.0
1674,314,1712592498650,52.0,The casket is closed and covered with floral sprays.,3543.0
1674,315,1712592501505,45.0,The organ starts up the minute I take a seat.,2855.0
1674,316,1712592505622,40.0,People are coming in and finding chairs.,4117.0
1674,317,1712592508900,63.0,There's a boy in flared pants and a yellow short-sleeved shirt.,3278.0
1674,318,1712592511915,100.0,A door opens and the family comes in in a group and moves over to a curtained place off to one side.,3015.0
1674,319,1712592513698,39.0,Chairs creak as everybody gets settled.,1783.0
1674,320,1712592514479,83.0,"Directly, a nice blond man in a nice dark suit stands and asks us to bow our heads.",781.0
1674,321,1712592519179,105.0,"He says a prayer for us, the living, and when he finishes, he says a prayer for the soul of the departed.",4700.0
1674,322,1712592521097,43.0,Along with the others I go past the casket.,1917.0
1674,323,1712592528632,66.0,Then I move out onto the front steps and into the afternoon light.,7535.0
1674,324,1712592552266,66.0,There's a woman who limps as she goes down the stairs ahead of me.,23634.0
1674,325,1712592555378,33.0,On the sidewalk she looks around.,3111.0
1674,326,1712592560998,31.0,"""Well, they got him,"" she says.",5620.0
1674,327,1712592564177,27.0,"""If that's any consolation.",3179.0
1674,328,1712592571930,31.0,They arrested him this morning.,7753.0
1674,329,1712592573391,38.0,I heard it on the radio before I come.,1461.0
1674,330,1712592574545,26.0,"A boy right here in town.""",1154.0
1674,331,1712592576029,42.0,We move a few steps down the hot sidewalk.,1484.0
1674,332,1712592577543,25.0,People are starting cars.,1514.0
1674,333,1712592607311,49.0,I put out my hand and hold on to a parking meter.,29768.0
1674,334,1712592611037,36.0,Polished hoods and polished fenders.,3726.0
1674,335,1712592611839,14.0,My head swims.,801.0
1674,336,1712592613901,41.0,"I say, ""They have friends, these killers.",2062.0
1674,337,1712592615119,16.0,"You can't tell.""",1218.0
1674,338,1712592618128,70.0,"""I have known that child since she was a little girl,"" the woman says.",3009.0
1674,339,1712592621941,93.0,"""She used to come over and I'd bake cookies for her and let her eat them in front of the TV.""",3813.0
1674,340,1712592622753,3.0,***,812.0
1674,341,1712592625621,76.0,"Back home, Stuart sits at the table with a drink of whiskey in front of him.",2868.0
1674,342,1712592626798,57.0,For a crazy instant I think something's happened to Dean.,1177.0
1674,343,1712592627567,14.0,"""Where is he?""",769.0
1674,344,1712592628267,6.0,I say.,700.0
1674,345,1712592629036,16.0,"""Where is Dean?""",769.0
1674,346,1712592630173,27.0,"""Outside,"" my husband says.",1137.0
1674,347,1712592632349,34.0,He drains his glass and stands up.,2176.0
1674,348,1712592633492,40.0,"He says, ""I think I know what you need.""",1143.0
1674,349,1712592642542,138.0,He reaches an arm around my waist and with his other hand he begins to unbutton my jacket and then he goes on to the buttons of my blouse.,9049.0
1674,350,1712592644412,30.0,"""First things first,"" he says.",1870.0
1674,351,1712592645611,23.0,He says something else.,1199.0
1674,352,1712592647075,27.0,But I don't need to listen.,1464.0
1674,353,1712592651067,46.0,I can't hear a thing with so much water going.,3992.0
1674,354,1712592651908,3.0,***,841.0
1641,113,1712619188969,3.0,***,2234.0
1641,114,1712619190797,37.0,My husband eats with a good appetite.,1827.0
1641,115,1712619192772,37.0,But I don't think he's really hungry.,1975.0
1641,116,1712619195420,69.0,"He chews, arms on the table, and stares at something across the room.",2647.0
1641,117,1712619197125,30.0,He looks at me and looks away.,1704.0
1641,118,1712619198739,33.0,He wipes his mouth on the napkin.,1614.0
1641,119,1712619200082,30.0,"He shrugs, and goes on eating.",1343.0
1641,120,1712619202076,42.0,"""What are you staring at me for?"" he says.",1994.0
1641,121,1712619203765,45.0,"""What is it?"" he says and lays down his fork.",1689.0
1641,122,1712619206335,42.0,"""Was I staring?"" I say, and shake my head.",2570.0
1641,123,1712619207249,20.0,The telephone rings.,914.0
1641,124,1712619208298,27.0,"""Don't answer it,"" he says.",1049.0
1641,125,1712619209587,33.0,"""It might be your mother,"" I say.",1289.0
1641,126,1712619210974,25.0,"""Watch and see,"" he says.",1387.0
1641,127,1712619212236,34.0,I pick up the receiver and listen.,1262.0
1641,128,1712619213346,24.0,My husband stops eating.,1110.0
1641,129,1712619215114,46.0,"""What did I tell you?"" he says when I hang up.",1767.0
1641,130,1712619216314,23.0,He starts to eat again.,1200.0
1641,131,1712619217698,36.0,Then throws his napkin on his plate.,1384.0
1641,132,1712619220934,63.0,"He says, ""Goddamn it, why can't people mind their own business?",3235.0
1641,133,1712619223073,41.0,Tell me what I did wrong and I'll listen!,2139.0
1641,134,1712619224788,28.0,I wasn't the only man there.,1715.0
1641,135,1712619226967,37.0,We talked it over and we all decided.,2178.0
1641,136,1712619228411,29.0,We couldn't just turn around.,1444.0
1641,137,1712619229921,32.0,We were five miles from the car.,1510.0
1641,138,1712619231589,34.0,I won't have you passing judgment.,1668.0
1641,139,1712619232807,13.0,"Do you hear?""",1218.0
1641,140,1712619234326,18.0,"""You know,"" I say.",1519.0
1641,141,1712619236508,33.0,"He says, ""What do I know, Claire?",2182.0
1641,142,1712619237907,34.0,Tell me what I'm supposed to know.,1399.0
1641,143,1712619239753,40.0,"I don't know anything except one thing?""",1846.0
1641,144,1712619241878,48.0,He gives me what he thinks is a meaningful look.,2125.0
1641,145,1712619243318,24.0,"""She was dead,"" he says.",1440.0
1641,146,1712619244934,33.0,"""And I'm as sorry as anyone else.",1615.0
1641,147,1712619246278,18.0,"But she was dead.""",1343.0
1641,148,1712619247658,26.0,"""That's the point,"" I say.",1380.0
1641,149,1712619248945,20.0,He raises his hands.,1287.0
1641,150,1712619250595,40.0,He pushes his chair away from the table.,1650.0
1641,151,1712619252827,72.0,He takes out his cigarettes and goes out to the back with a can of beer.,2232.0
1641,152,1712619255364,64.0,I see him sit in the lawn chair and pick up the newspaper again.,2537.0
1641,153,1712619257133,39.0,His name is in there on the first page.,1769.0
1641,154,1712619258403,36.0,Along with the names of his friends.,1270.0
1641,155,1712619260075,40.0,I close my eyes and hold on to the sink.,1672.0
1641,156,1712619263333,74.0,Then I rake my arm across the drainboard and send the dishes to the floor.,3258.0
1641,157,1712619264287,16.0,He doesn't move.,954.0
1641,158,1712619265451,18.0,I know he's heard.,1164.0
1641,159,1712619267181,40.0,He lifts his head as if still listening.,1730.0
1641,160,1712619268461,30.0,But he doesn't move otherwise.,1280.0
1641,161,1712619269413,23.0,He doesn't turn around.,952.0
1641,162,1712619270275,3.0,***,862.0
1641,163,1712619274759,88.0,"He and Gordon Johnson and Mel Dorn and Vern Williams, they play poker and bowl and fish.",4484.0
1641,164,1712619278253,85.0,They fish every spring and early summer before visiting relatives can get in the way.,3494.0
1641,165,1712619280415,65.0,"They are decent men, family men, men who take care of their jobs.",2162.0
1641,166,1712619282311,65.0,"They have sons and daughters who go to school with our son, Dean.",1896.0
1641,167,1712619284517,55.0,Last Friday these family men left for the Naches River.,2206.0
1641,168,1712619287005,76.0,They parked the car in the mountains and hiked to where they wanted to fish.,2488.0
1641,169,1712619289145,76.0,"They carried their bedrolls, their food, their playing cards, their whiskey.",2140.0
1641,170,1712619291536,42.0,They saw the girl before they set up camp.,2391.0
1641,171,1712619293013,19.0,Mel Dorn found her.,1476.0
1641,172,1712619294095,25.0,No clothes on her at all.,1082.0
1641,173,1712619296293,64.0,She was wedged into some branches that stuck out over the water.,2198.0
1641,174,1712619297669,43.0,He called the others and they came to look.,1376.0
1641,175,1712619298685,29.0,They talked about what to do.,1016.0
1641,176,1712619302787,82.0,One of the men - my Stuart didn't say which - said they should start back at once.,4102.0
1641,177,1712619306453,86.0,"The others stirred the sand with their shoes, said they didn't feel inclined that way.",3666.0
1641,178,1712619310521,82.0,"They pleaded fatigue, the late hour, the fact that the girl wasn't going anywhere.",4068.0
1641,179,1712619312411,47.0,In the end they went ahead and set up the camp.,1890.0
1641,180,1712619313826,42.0,They built a fire and drank their whiskey.,1415.0
1641,181,1712619315741,50.0,"When the moon came up, they talked about the girl.",1915.0
1641,182,1712619317651,59.0,Someone said they should -keep the body from drifting away.,1910.0
1641,183,1712619319323,55.0,They took their flashlights and went back to the river.,1672.0
1641,184,1712619322017,66.0,One of the men - it might have been Stuart - waded in and got her.,2694.0
1641,185,1712619323908,53.0,He took her by the fingers and pulled her into shore.,1891.0
1641,186,1712619328261,87.0,He got some nylon cord and tied it to her wrist and then looped the rest around a tree.,4352.0
1641,187,1712619331589,99.0,"The next morning they cooked breakfast, drank coffee, and drank whiskey, and then split up to fish.",3328.0
1641,188,1712619338127,182.0,"That night they cooked fish, cooked potatoes, drank coffee, drank whiskey, then took their cooking things and eating things back down to the river and washed them where the girl was.",6538.0
1641,189,1712619339275,32.0,They played some cards later on.,1148.0
1641,190,1712619341011,55.0,Maybe they played until they couldn't see them anymore.,1736.0
1641,191,1712619343058,28.0,Vern Williams went to sleep.,2047.0
1641,192,1712619344083,28.0,But the others told stories.,1024.0
1641,193,1712619348405,100.0,Gordon Johnson said the trout they'd caught were hard because of the terrible coldness of the water.,4322.0
1641,194,1712619353144,154.0,"The next morning they got up late, drank whiskey, fished a little, took down their tents, rolled their sleeping bags, gathered their stuff, and hiked out.",4739.0
1641,195,1712619354643,41.0,They drove until they got to a telephone.,1499.0
1641,196,1712619357773,86.0,It was Stuart who made the call while the others stood around in the sun and listened.,3130.0
1641,197,1712619359059,32.0,He gave the sheriff their names.,1286.0
1641,198,1712619360017,25.0,They had nothing to hide.,958.0
1641,199,1712619361099,21.0,They weren't ashamed.,1082.0
1641,200,1712619365267,100.0,They said they'd wait until someone could come for better directions and take down their statements.,4168.0
1641,201,1712619366101,3.0,***,834.0
1641,202,1712619367161,30.0,I was asleep when he got home.,1060.0
1641,203,1712619368479,46.0,But I woke up when I heard him in the kitchen.,1318.0
1641,204,1712619370169,64.0,I found him leaning against the refrigerator with a can of beer.,1689.0
1641,205,1712619372621,68.0,He put his heavy arms around me and rubbed his big hands on my back.,2452.0
1641,206,1712619375992,85.0,In bed he put his hands on me again and then waited as if thinking of something else.,3371.0
1641,207,1712619377230,28.0,I turned and opened my legs.,1238.0
1641,208,1712619378728,36.0,"Afterwards, I think he stayed awake.",1498.0
1641,209,1712619380611,53.0,He was up that morning before I could get out of bed.,1882.0
1641,210,1712619382010,54.0,"To see if there was something in the paper, I suppose.",1399.0
1641,211,1712619383896,46.0,The telephone began ringing right after eight.,1886.0
1641,212,1712619384820,13.0,"""Go to hell!""",924.0
1641,213,1712619385648,18.0,I heard him shout.,828.0
1641,214,1712619386424,31.0,The telephone rang right again.,776.0
1641,215,1712619388508,59.0,"""I have nothing to add to what I already told the sheriff!""",2083.0
1641,216,1712619389366,29.0,He slammed the receiver down.,858.0
1641,217,1712619390258,27.0,"""What is going on?"" I said.",892.0
1641,218,1712619392105,49.0,It was then that he told me what I just told you.,1847.0
1641,219,1712619392734,3.0,***,629.0
1641,220,1712619394376,44.0,I sweep up the broken dishes and go outside.,1642.0
1641,221,1712619397206,85.0,"He is lying on his back on the grass now, the newspaper and can of beer within reach.",2830.0
1641,222,1712619399590,41.0,"""Stuart, could we go for a drive?"" I say.",2384.0
1641,223,1712619400568,30.0,He rolls over and looks at me.,978.0
1641,224,1712619401904,37.0,"""We'll pick up some beer,"" he says...",1336.0
1641,225,1712619404289,62.0,He gets to his feet and touches me on the hip as he goes past.,2385.0
1641,226,1712619405302,28.0,"""Give me a minute,"" he says.",1013.0
1641,227,1712619406736,39.0,We drive through town without speaking.,1434.0
1641,228,1712619408512,39.0,He stops at a roadside market for beer.,1776.0
1641,229,1712619410606,54.0,I notice a great stack of papers just inside the door.,2093.0
1641,230,1712619414682,89.0,On the top step a fat woman in a print dress holds out a licorice stick to a little girl.,4076.0
1641,231,1712619417778,66.0,"Later on, we cross Everson Creek and turn into the picnic grounds.",3095.0
1641,232,1712619420359,79.0,The creek runs under the bridge and into a large pond a few hundred yards away.,2580.0
1641,233,1712619421912,28.0,I can see the men out there.,1553.0
1641,234,1712619423059,33.0,I can see them out there fishing.,1147.0
1641,235,1712619424214,31.0,So much water so close to home.,1155.0
1641,236,1712619425965,43.0,"I say, ""Why did you have to go miles away?""",1751.0
1641,237,1712619427454,25.0,"""Don't rile me,"" he says.",1489.0
1641,238,1712619428494,29.0,We sit on a bench in the sun.,1040.0
1641,239,1712619429376,25.0,He opens us cans of beer.,882.0
1641,240,1712619430107,25.0,"He says, ""Relax, Claire.""",730.0
1641,241,1712619431003,30.0,"""They said they were innocent.",896.0
1641,242,1712619432579,27.0,"They said they were crazy.""",1576.0
1641,243,1712619433527,15.0,"He says, ""Who?""",948.0
1641,244,1712619434985,38.0,"He says, ""What are you talking about?""",1458.0
1641,245,1712619435893,21.0,"""The Maddox brothers.",908.0
1641,246,1712619438103,54.0,They killed a girl named Arlene Hubly where I grew up.,2210.0
1641,247,1712619440171,60.0,They cut off her head and threw her into the Cle Elum River.,2068.0
1641,248,1712619441614,31.0,"It happened when I was a girl.""",1443.0
1641,249,1712619443045,40.0,"""You're going to get me riled,"" he says.",1430.0
1641,250,1712619443903,20.0,I look at the creek.,858.0
1641,251,1712619447707,79.0,"I'm right in it, eyes open, face down, staring at the moss on the bottom, dead.",3804.0
1641,252,1712619450241,62.0,"""I don't know what's wrong with you,"" he says on the way home.",2534.0
1641,253,1712619451617,45.0,"""You're getting me more riled by the minute.""",1376.0
1641,254,1712619452583,34.0,There is nothing I can say to him.,966.0
1641,255,1712619453931,36.0,He tries to concentrate on the road.,1348.0
1641,256,1712619455535,47.0,But he keeps looking into the rear-view mirror.,1604.0
1641,257,1712619456205,9.0,He knows.,670.0
1641,258,1712619456821,3.0,***,616.0
1641,259,1712619458509,52.0,Stuart believes he is letting me sleep this morning.,1688.0
1641,260,1712619460983,47.0,But I was awake long before the alarm went off.,2474.0
1641,261,1712619463675,74.0,"I was thinking, lying on the far side of the bed away from his hairy legs.",2692.0
1641,262,1712619467635,78.0,"He gets Dean off for school, and then he shaves, dresses, and leaves for work.",3960.0
1641,263,1712619469013,40.0,Twice he looks in and clears his throat.,1378.0
1641,264,1712619469887,26.0,But I keep my eyes closed.,874.0
1641,265,1712619471039,38.0,In the kitchen I find a note from him.,1152.0
1641,266,1712619471805,19.0,"It's signed ""Love.""",766.0
1641,267,1712619475425,74.0,I sit in the breakfast nook and drink coffee and leave a ring on the note.,3620.0
1641,268,1712619477937,67.0,I look at the newspaper and turn it this way and that on the table.,2512.0
1641,269,1712619480313,43.0,Then I skid it close and read what it says.,2376.0
1641,270,1712619481525,38.0,"The body has been identified, claimed.",1212.0
1641,271,1712619486231,155.0,"But it took some examining it, some putting things into it, some cutting, some weighing, some measuring, some putting things back again and sewing them in.",4706.0
1641,272,1712619487753,57.0,I sit for a long time holding the newspaper and thinking.,1522.0
1641,273,1712619489301,51.0,Then I call up to get a chair at the hairdresser's.,1548.0
1641,274,1712619489993,3.0,***,692.0
1641,275,1712619492245,75.0,I sit under the dryer with a magazine on my lap and let Marnie do my nails.,2252.0
1641,276,1712619493979,42.0,"""I am going to a funeral tomorrow,"" I say.",1734.0
1641,277,1712619495009,38.0,"""I'm sorry to hear that,"" Marnie says.",1030.0
1641,278,1712619496127,25.0,"""It was a murder,"" I say.",1118.0
1641,279,1712619497205,37.0,"""That's the worst kind,"" Marnie says.",1078.0
1641,280,1712619498761,35.0,"""We weren't all that close,"" I say.",1556.0
1641,281,1712619499641,15.0,"""But you know?""",880.0
1641,282,1712619501253,45.0,"""We'll get you fixed up for it,"" Marnie says.",1612.0
1641,283,1712619503559,72.0,"That night I make my bed on the sofa, and in the morning I get up first.",2306.0
1641,284,1712619504883,50.0,I put on coffee and fix breakfast while he shaves.,1324.0
1641,285,1712619507329,76.0,"He appears in the kitchen doorway, towel over his bare shoulder, appraising.",2446.0
1641,286,1712619508467,23.0,"""Here's coffee,"" I say.",1138.0
1641,287,1712619510361,31.0,"""Eggs'll be ready in a minute.”",1894.0
1641,288,1712619512419,37.0,"I wake Dean, and the three of us eat.",2058.0
1641,289,1712619515645,79.0,"Whenever Stuart looks at me, I ask Dean if he wants more milk, more toast, etc.",3226.0
1641,290,1712619517593,56.0,"""I'll call you today,"" Stuart says as he opens the door.",1948.0
1641,291,1712619519117,42.0,"I say, ""I don't think I'll be home today.""",1524.0
1641,292,1712619520149,21.0,"""All right,"" he says.",1032.0
1641,293,1712619520755,7.0,"""Sure.""",606.0
1641,294,1712619521523,18.0,I dress carefully.,768.0
1641,295,1712619523073,48.0,I try on a hat and look at myself in the mirror.,1550.0
1641,296,1712619524177,28.0,I write out a note for Dean.,1104.0
1641,297,1712619526637,69.0,"Honey, Mommy has things to do this afternoon, but will be back later.",2460.0
1641,298,1712619528839,61.0,You stay in or be in the backyard until one of us comes home.,2202.0
1641,299,1712619529747,11.0,"Love, Mommy",908.0
1641,300,1712619532033,48.0,I look at the word Love and then I underline it.,2286.0
1641,301,1712619533209,29.0,Then I see the word backyard.,1176.0
1641,302,1712619534663,22.0,Is it one word or two?,1454.0
1641,303,1712619535301,3.0,***,638.0
1641,304,1712619538945,121.0,"I drive through farm country, through fields of oats and sugar beets and past apple orchards, cattle grazing in pastures.",3644.0
1641,305,1712619541793,99.0,"Then everything changes, more like shacks than farmhouses and stands of timber instead of orchards.",2848.0
1641,306,1712619543937,78.0,"Then mountains, and on the right, far below, I sometimes see the Naches River.",2144.0
1641,307,1712619545853,64.0,A green pickup comes up behind me and stays behind me for miles.,1916.0
1641,308,1712619547483,55.0,"I keep slowing at the wrong times, hoping he will pass.",1630.0
1641,309,1712619548333,16.0,Then I speed up.,850.0
1641,310,1712619549323,36.0,"But this is at the wrong times, too.",990.0
1641,311,1712619550505,39.0,I grip the wheel until my fingers hurt.,1182.0
1641,312,1712619551659,37.0,On a long clear stretch he goes past.,1154.0
1641,313,1712619554775,73.0,"But he drives along beside for a bit, a crewcut man in a blue work shirt.",3116.0
1641,314,1712619555859,24.0,We look each other over.,1084.0
1641,315,1712619557909,53.0,"Then he waves, toots his horn, and pulls on up ahead.",2050.0
1641,316,1712619559195,29.0,I slow down and find a place.,1286.0
1641,317,1712619560053,35.0,I pull over and shut off the motor.,858.0
1641,318,1712619561521,42.0,I can hear the river down below the trees.,1468.0
1641,319,1712619562555,35.0,Then I hear the pickup coming back.,1034.0
1641,320,1712619563759,41.0,I lock the doors and roll up the windows.,1204.0
1641,321,1712619564725,30.0,"""You all right?"" the man says.",966.0
1641,322,1712619565797,21.0,He raps on the glass.,1072.0
1641,323,1712619566555,11.0,"""You okay?""",758.0
1641,324,1712619568745,64.0,He leans his arms on the door and brings his face to the window.,2190.0
1641,325,1712619569549,15.0,I stare at him.,804.0
1641,326,1712619570763,30.0,I can't think what else to do.,1214.0
1641,327,1712619571771,34.0,"""Is everything all right in there?",1008.0
1641,328,1712619573681,31.0,"How come you're all locked up?""",1910.0
1641,329,1712619574301,16.0,I shake my head.,620.0
1641,330,1712619575131,24.0,"""Roll down your window.""",830.0
1641,331,1712619577487,64.0,He shakes his head and looks at the highway and then back at me.,2356.0
1641,332,1712619578345,19.0,"""Roll it down now.""",858.0
1641,333,1712619579613,32.0,"""Please,"" I say, ""I have to go.""",1268.0
1641,334,1712619581855,50.0,"""Open the door,"" he says as if he isn't listening.",2242.0
1641,335,1712619583811,33.0,"""You're going to choke in there.""",1956.0
1641,336,1712619585481,32.0,"He looks at my breasts, my legs.",1670.0
1641,337,1712619587751,34.0,I can tell that's what he's doing.,2270.0
1641,338,1712619589031,22.0,"""Hey, sugar,"" he says.",1280.0
1641,339,1712619590175,31.0,"""I'm just here to help is all.""",1144.0
1641,340,1712619590931,3.0,***,756.0
1641,341,1712619592501,52.0,The casket is closed and covered with floral sprays.,1570.0
1641,342,1712619595131,45.0,The organ starts up the minute I take a seat.,2630.0
1641,343,1712619597225,40.0,People are coming in and finding chairs.,2094.0
1641,344,1712619598969,63.0,There's a boy in flared pants and a yellow short-sleeved shirt.,1744.0
1641,345,1712619602043,100.0,A door opens and the family comes in in a group and moves over to a curtained place off to one side.,3074.0
1641,346,1712619604021,39.0,Chairs creak as everybody gets settled.,1978.0
1641,347,1712619606963,83.0,"Directly, a nice blond man in a nice dark suit stands and asks us to bow our heads.",2942.0
1641,348,1712619610033,105.0,"He says a prayer for us, the living, and when he finishes, he says a prayer for the soul of the departed.",3070.0
1641,349,1712619611607,43.0,Along with the others I go past the casket.,1574.0
1641,350,1712619613395,66.0,Then I move out onto the front steps and into the afternoon light.,1788.0
1641,351,1712619615479,66.0,There's a woman who limps as she goes down the stairs ahead of me.,2084.0
1641,352,1712619616643,33.0,On the sidewalk she looks around.,1164.0
1641,353,1712619618329,31.0,"""Well, they got him,"" she says.",1686.0
1641,354,1712619619441,27.0,"""If that's any consolation.",1112.0
1641,355,1712619620471,31.0,They arrested him this morning.,1030.0
1641,356,1712619621519,38.0,I heard it on the radio before I come.,1048.0
1641,357,1712619622740,26.0,"A boy right here in town.""",1221.0
1641,358,1712619624013,42.0,We move a few steps down the hot sidewalk.,1272.0
1641,359,1712619625053,25.0,People are starting cars.,1040.0
1641,360,1712619626401,49.0,I put out my hand and hold on to a parking meter.,1348.0
1641,361,1712619627917,36.0,Polished hoods and polished fenders.,1515.0
1641,362,1712619628703,14.0,My head swims.,786.0
1641,363,1712619630927,41.0,"I say, ""They have friends, these killers.",2224.0
1641,364,1712619632029,16.0,"You can't tell.""",1102.0
1641,365,1712619634407,70.0,"""I have known that child since she was a little girl,"" the woman says.",2378.0
1641,366,1712619637015,93.0,"""She used to come over and I'd bake cookies for her and let her eat them in front of the TV.""",2608.0
1641,367,1712619637639,3.0,***,624.0
1641,368,1712619640013,76.0,"Back home, Stuart sits at the table with a drink of whiskey in front of him.",2374.0
1641,369,1712619642535,57.0,For a crazy instant I think something's happened to Dean.,2522.0
1641,370,1712619643173,14.0,"""Where is he?""",638.0
1641,371,1712619643831,6.0,I say.,658.0
1641,372,1712619644389,16.0,"""Where is Dean?""",558.0
1641,373,1712619645285,27.0,"""Outside,"" my husband says.",896.0
1641,374,1712619646473,34.0,He drains his glass and stands up.,1188.0
1641,375,1712619647741,40.0,"He says, ""I think I know what you need.""",1268.0
1641,376,1712619651745,138.0,He reaches an arm around my waist and with his other hand he begins to unbutton my jacket and then he goes on to the buttons of my blouse.,4004.0
1641,377,1712619652831,30.0,"""First things first,"" he says.",1085.0
1641,378,1712619653561,23.0,He says something else.,730.0
1641,379,1712619654829,27.0,But I don't need to listen.,1268.0
1641,380,1712619657469,46.0,I can't hear a thing with so much water going.,2640.0
1641,381,1712619658069,3.0,***,600.0
1618,98,1712420999841,3.0,***,3422.0
1618,99,1712421003279,37.0,My husband eats with a good appetite.,3437.0
1618,100,1712421005339,37.0,But I don't think he's really hungry.,2060.0
1618,101,1712421010676,69.0,"He chews, arms on the table, and stares at something across the room.",5337.0
1618,102,1712421011797,30.0,He looks at me and looks away.,1120.0
1618,103,1712421013799,33.0,He wipes his mouth on the napkin.,2002.0
1618,104,1712421015265,30.0,"He shrugs, and goes on eating.",1466.0
1618,105,1712421016687,42.0,"""What are you staring at me for?"" he says.",1422.0
1618,106,1712421018770,45.0,"""What is it?"" he says and lays down his fork.",2083.0
1618,107,1712421020240,42.0,"""Was I staring?"" I say, and shake my head.",1470.0
1618,108,1712421021126,20.0,The telephone rings.,886.0
1618,109,1712421022068,27.0,"""Don't answer it,"" he says.",942.0
1618,110,1712421022969,33.0,"""It might be your mother,"" I say.",901.0
1618,111,1712421023741,25.0,"""Watch and see,"" he says.",772.0
1618,112,1712421024524,34.0,I pick up the receiver and listen.,783.0
1618,113,1712421025636,24.0,My husband stops eating.,1112.0
1618,114,1712421027043,46.0,"""What did I tell you?"" he says when I hang up.",1405.0
1618,115,1712421028299,23.0,He starts to eat again.,1256.0
1618,116,1712421029507,36.0,Then throws his napkin on his plate.,1208.0
1618,117,1712421032202,63.0,"He says, ""Goddamn it, why can't people mind their own business?",2695.0
1618,118,1712421033593,41.0,Tell me what I did wrong and I'll listen!,1391.0
1618,119,1712421036805,28.0,I wasn't the only man there.,3212.0
1618,120,1712421038908,37.0,We talked it over and we all decided.,2103.0
1618,121,1712421040513,29.0,We couldn't just turn around.,1604.0
1618,122,1712421043965,32.0,We were five miles from the car.,3452.0
1618,123,1712421045559,34.0,I won't have you passing judgment.,1594.0
1618,124,1712421046654,13.0,"Do you hear?""",1095.0
1618,125,1712421047374,18.0,"""You know,"" I say.",719.0
1618,126,1712421049310,33.0,"He says, ""What do I know, Claire?",1936.0
1618,127,1712421050305,34.0,Tell me what I'm supposed to know.,995.0
1618,128,1712421051904,40.0,"I don't know anything except one thing?""",1599.0
1618,129,1712421053486,48.0,He gives me what he thinks is a meaningful look.,1582.0
1618,130,1712421054447,24.0,"""She was dead,"" he says.",961.0
1618,131,1712421055624,33.0,"""And I'm as sorry as anyone else.",1177.0
1618,132,1712421056687,18.0,"But she was dead.""",1063.0
1618,133,1712421057393,26.0,"""That's the point,"" I say.",706.0
1618,134,1712421058121,20.0,He raises his hands.,728.0
1618,135,1712421058833,40.0,He pushes his chair away from the table.,712.0
1618,136,1712421060800,72.0,He takes out his cigarettes and goes out to the back with a can of beer.,1967.0
1618,137,1712421062740,64.0,I see him sit in the lawn chair and pick up the newspaper again.,1940.0
1618,138,1712421063374,39.0,His name is in there on the first page.,634.0
1618,139,1712421064185,36.0,Along with the names of his friends.,811.0
1618,140,1712421065617,40.0,I close my eyes and hold on to the sink.,1432.0
1618,141,1712421067587,74.0,Then I rake my arm across the drainboard and send the dishes to the floor.,1970.0
1618,142,1712421068374,16.0,He doesn't move.,787.0
1618,143,1712421069325,18.0,I know he's heard.,951.0
1618,144,1712421070087,40.0,He lifts his head as if still listening.,762.0
1618,145,1712421070910,30.0,But he doesn't move otherwise.,823.0
1618,146,1712421071594,23.0,He doesn't turn around.,683.0
1618,147,1712421072239,3.0,***,645.0
1618,148,1712421075540,88.0,"He and Gordon Johnson and Mel Dorn and Vern Williams, they play poker and bowl and fish.",3301.0
1618,149,1712421078710,85.0,They fish every spring and early summer before visiting relatives can get in the way.,3169.0
1618,150,1712421080452,65.0,"They are decent men, family men, men who take care of their jobs.",1742.0
1618,151,1712421082219,65.0,"They have sons and daughters who go to school with our son, Dean.",1767.0
1618,152,1712421084546,55.0,Last Friday these family men left for the Naches River.,2327.0
1618,153,1712421086079,76.0,They parked the car in the mountains and hiked to where they wanted to fish.,1531.0
1618,154,1712421088284,76.0,"They carried their bedrolls, their food, their playing cards, their whiskey.",2205.0
1618,155,1712421090043,42.0,They saw the girl before they set up camp.,1758.0
1618,156,1712421091030,19.0,Mel Dorn found her.,987.0
1618,157,1712421091853,25.0,No clothes on her at all.,822.0
1618,158,1712421096382,64.0,She was wedged into some branches that stuck out over the water.,4529.0
1618,159,1712421098821,43.0,He called the others and they came to look.,2438.0
1618,160,1712421100037,29.0,They talked about what to do.,1216.0
1618,161,1712421103240,82.0,One of the men - my Stuart didn't say which - said they should start back at once.,3203.0
1618,162,1712421105284,86.0,"The others stirred the sand with their shoes, said they didn't feel inclined that way.",2044.0
1618,163,1712421107669,82.0,"They pleaded fatigue, the late hour, the fact that the girl wasn't going anywhere.",2384.0
1618,164,1712421108610,47.0,In the end they went ahead and set up the camp.,941.0
1618,165,1712421109585,42.0,They built a fire and drank their whiskey.,975.0
1618,166,1712421110679,50.0,"When the moon came up, they talked about the girl.",1094.0
1618,167,1712421112325,59.0,Someone said they should -keep the body from drifting away.,1644.0
1618,168,1712421113026,55.0,They took their flashlights and went back to the river.,701.0
1618,169,1712421114342,66.0,One of the men - it might have been Stuart - waded in and got her.,1315.0
1618,170,1712421115335,53.0,He took her by the fingers and pulled her into shore.,993.0
1618,171,1712421117385,87.0,He got some nylon cord and tied it to her wrist and then looped the rest around a tree.,2050.0
1618,172,1712421121090,99.0,"The next morning they cooked breakfast, drank coffee, and drank whiskey, and then split up to fish.",3705.0
1618,173,1712421129312,182.0,"That night they cooked fish, cooked potatoes, drank coffee, drank whiskey, then took their cooking things and eating things back down to the river and washed them where the girl was.",8221.0
1618,174,1712421129988,32.0,They played some cards later on.,676.0
1618,175,1712421131836,55.0,Maybe they played until they couldn't see them anymore.,1848.0
1618,176,1712421132549,28.0,Vern Williams went to sleep.,713.0
1618,177,1712421133230,28.0,But the others told stories.,681.0
1618,178,1712421137907,100.0,Gordon Johnson said the trout they'd caught were hard because of the terrible coldness of the water.,4677.0
1618,179,1712421144038,154.0,"The next morning they got up late, drank whiskey, fished a little, took down their tents, rolled their sleeping bags, gathered their stuff, and hiked out.",6131.0
1618,180,1712421144810,41.0,They drove until they got to a telephone.,772.0
1618,181,1712421146774,86.0,It was Stuart who made the call while the others stood around in the sun and listened.,1963.0
1618,182,1712421147600,32.0,He gave the sheriff their names.,826.0
1618,183,1712421148188,25.0,They had nothing to hide.,588.0
1618,184,1712421148727,21.0,They weren't ashamed.,538.0
1618,185,1712421151649,100.0,They said they'd wait until someone could come for better directions and take down their statements.,2922.0
1618,186,1712421152135,3.0,***,486.0
1618,187,1712421152792,30.0,I was asleep when he got home.,657.0
1618,188,1712421153478,46.0,But I woke up when I heard him in the kitchen.,686.0
1618,189,1712421155252,64.0,I found him leaning against the refrigerator with a can of beer.,1774.0
1618,190,1712421156951,68.0,He put his heavy arms around me and rubbed his big hands on my back.,1699.0
1618,191,1712421164886,85.0,In bed he put his hands on me again and then waited as if thinking of something else.,7934.0
1618,192,1712421165734,28.0,I turned and opened my legs.,848.0
1618,193,1712421172801,36.0,"Afterwards, I think he stayed awake.",7066.0
1618,194,1712421174142,53.0,He was up that morning before I could get out of bed.,1341.0
1618,195,1712421175480,54.0,"To see if there was something in the paper, I suppose.",1338.0
1618,196,1712421176563,46.0,The telephone began ringing right after eight.,1083.0
1618,197,1712421177999,13.0,"""Go to hell!""",1435.0
1618,198,1712421179083,18.0,I heard him shout.,1084.0
1618,199,1712421179575,31.0,The telephone rang right again.,492.0
1618,200,1712421181205,59.0,"""I have nothing to add to what I already told the sheriff!""",1630.0
1618,201,1712421181977,29.0,He slammed the receiver down.,772.0
1618,202,1712421182603,27.0,"""What is going on?"" I said.",626.0
1618,203,1712421184484,49.0,It was then that he told me what I just told you.,1881.0
1618,204,1712421184970,3.0,***,486.0
1618,205,1712421186164,44.0,I sweep up the broken dishes and go outside.,1194.0
1618,206,1712421189791,85.0,"He is lying on his back on the grass now, the newspaper and can of beer within reach.",3627.0
1618,207,1712421191496,41.0,"""Stuart, could we go for a drive?"" I say.",1705.0
1618,208,1712421192212,30.0,He rolls over and looks at me.,716.0
1618,209,1712421193052,37.0,"""We'll pick up some beer,"" he says...",839.0
1618,210,1712421195755,62.0,He gets to his feet and touches me on the hip as he goes past.,2703.0
1618,211,1712421196392,28.0,"""Give me a minute,"" he says.",636.0
1618,212,1712421197112,39.0,We drive through town without speaking.,719.0
1618,213,1712421198172,39.0,He stops at a roadside market for beer.,1060.0
1618,214,1712421199454,54.0,I notice a great stack of papers just inside the door.,1281.0
1618,215,1712421204238,89.0,On the top step a fat woman in a print dress holds out a licorice stick to a little girl.,4783.0
1618,216,1712421207000,66.0,"Later on, we cross Everson Creek and turn into the picnic grounds.",2762.0
1618,217,1712421210411,79.0,The creek runs under the bridge and into a large pond a few hundred yards away.,3410.0
1618,218,1712421211193,28.0,I can see the men out there.,782.0
1618,219,1712421211929,33.0,I can see them out there fishing.,736.0
1618,220,1712421212649,31.0,So much water so close to home.,720.0
1618,221,1712421214349,43.0,"I say, ""Why did you have to go miles away?""",1700.0
1618,222,1712421215183,25.0,"""Don't rile me,"" he says.",834.0
1618,223,1712421217233,29.0,We sit on a bench in the sun.,2050.0
1618,224,1712421218409,25.0,He opens us cans of beer.,1175.0
1618,225,1712421219278,25.0,"He says, ""Relax, Claire.""",869.0
1618,226,1712421219883,30.0,"""They said they were innocent.",605.0
1618,227,1712421220557,27.0,"They said they were crazy.""",674.0
1618,228,1712421221081,15.0,"He says, ""Who?""",524.0
1618,229,1712421223776,38.0,"He says, ""What are you talking about?""",2695.0
1618,230,1712421224431,21.0,"""The Maddox brothers.",655.0
1618,231,1712421230057,54.0,They killed a girl named Arlene Hubly where I grew up.,5626.0
1618,232,1712421231929,60.0,They cut off her head and threw her into the Cle Elum River.,1872.0
1618,233,1712421233038,31.0,"It happened when I was a girl.""",1109.0
1618,234,1712421233882,40.0,"""You're going to get me riled,"" he says.",844.0
1618,235,1712421234504,20.0,I look at the creek.,622.0
1618,236,1712421243284,79.0,"I'm right in it, eyes open, face down, staring at the moss on the bottom, dead.",8780.0
1618,237,1712421244797,62.0,"""I don't know what's wrong with you,"" he says on the way home.",1513.0
1618,238,1712421245832,45.0,"""You're getting me more riled by the minute.""",1035.0
1618,239,1712421246498,34.0,There is nothing I can say to him.,666.0
1618,240,1712421247138,36.0,He tries to concentrate on the road.,640.0
1618,241,1712421248089,47.0,But he keeps looking into the rear-view mirror.,950.0
1618,242,1712421248627,9.0,He knows.,537.0
1618,243,1712421249046,3.0,***,419.0
1618,244,1712421250738,52.0,Stuart believes he is letting me sleep this morning.,1692.0
1618,245,1712421252018,47.0,But I was awake long before the alarm went off.,1280.0
1618,246,1712421254920,74.0,"I was thinking, lying on the far side of the bed away from his hairy legs.",2902.0
1618,247,1712421257170,78.0,"He gets Dean off for school, and then he shaves, dresses, and leaves for work.",2250.0
1618,248,1712421258337,40.0,Twice he looks in and clears his throat.,1167.0
1618,249,1712421258854,26.0,But I keep my eyes closed.,517.0
1618,250,1712421260079,38.0,In the kitchen I find a note from him.,1224.0
1618,251,1712421260703,19.0,"It's signed ""Love.""",624.0
1618,252,1712421263441,74.0,I sit in the breakfast nook and drink coffee and leave a ring on the note.,2738.0
1618,253,1712421265483,67.0,I look at the newspaper and turn it this way and that on the table.,2041.0
1618,254,1712421266137,43.0,Then I skid it close and read what it says.,654.0
1618,255,1712421267211,38.0,"The body has been identified, claimed.",1074.0
1618,256,1712421271453,155.0,"But it took some examining it, some putting things into it, some cutting, some weighing, some measuring, some putting things back again and sewing them in.",4242.0
1618,257,1712421272479,57.0,I sit for a long time holding the newspaper and thinking.,1026.0
1618,258,1712421273230,51.0,Then I call up to get a chair at the hairdresser's.,751.0
1618,259,1712421273643,3.0,***,413.0
1618,260,1712421275692,75.0,I sit under the dryer with a magazine on my lap and let Marnie do my nails.,2049.0
1618,261,1712421276641,42.0,"""I am going to a funeral tomorrow,"" I say.",949.0
1618,262,1712421277317,38.0,"""I'm sorry to hear that,"" Marnie says.",676.0
1618,263,1712421277864,25.0,"""It was a murder,"" I say.",546.0
1618,264,1712421278549,37.0,"""That's the worst kind,"" Marnie says.",685.0
1618,265,1712421279352,35.0,"""We weren't all that close,"" I say.",803.0
1618,266,1712421279845,15.0,"""But you know?""",493.0
1618,267,1712421281871,45.0,"""We'll get you fixed up for it,"" Marnie says.",2026.0
1618,268,1712421286173,72.0,"That night I make my bed on the sofa, and in the morning I get up first.",4301.0
1618,269,1712421289083,50.0,I put on coffee and fix breakfast while he shaves.,2910.0
1618,270,1712421291237,76.0,"He appears in the kitchen doorway, towel over his bare shoulder, appraising.",2153.0
1618,271,1712421291866,23.0,"""Here's coffee,"" I say.",629.0
1618,272,1712421292601,31.0,"""Eggs'll be ready in a minute.”",735.0
1618,273,1712421293543,37.0,"I wake Dean, and the three of us eat.",942.0
1618,274,1712421296231,79.0,"Whenever Stuart looks at me, I ask Dean if he wants more milk, more toast, etc.",2688.0
1618,275,1712421297445,56.0,"""I'll call you today,"" Stuart says as he opens the door.",1214.0
1618,276,1712421298457,42.0,"I say, ""I don't think I'll be home today.""",1012.0
1618,277,1712421298955,21.0,"""All right,"" he says.",497.0
1618,278,1712421299379,7.0,"""Sure.""",424.0
1618,279,1712421299997,18.0,I dress carefully.,618.0
1618,280,1712421301007,48.0,I try on a hat and look at myself in the mirror.,1010.0
1618,281,1712421301738,28.0,I write out a note for Dean.,731.0
1618,282,1712421303947,69.0,"Honey, Mommy has things to do this afternoon, but will be back later.",2209.0
1618,283,1712421305844,61.0,You stay in or be in the backyard until one of us comes home.,1897.0
1618,284,1712421306391,11.0,"Love, Mommy",547.0
1618,285,1712421307506,48.0,I look at the word Love and then I underline it.,1115.0
1618,286,1712421308776,29.0,Then I see the word backyard.,1270.0
1618,287,1712421310641,22.0,Is it one word or two?,1864.0
1618,288,1712421311115,3.0,***,474.0
1618,289,1712421314922,121.0,"I drive through farm country, through fields of oats and sugar beets and past apple orchards, cattle grazing in pastures.",3807.0
1618,290,1712421318966,99.0,"Then everything changes, more like shacks than farmhouses and stands of timber instead of orchards.",4044.0
1618,291,1712421322619,78.0,"Then mountains, and on the right, far below, I sometimes see the Naches River.",3653.0
1618,292,1712421325236,64.0,A green pickup comes up behind me and stays behind me for miles.,2616.0
1618,293,1712421326909,55.0,"I keep slowing at the wrong times, hoping he will pass.",1673.0
1618,294,1712421327514,16.0,Then I speed up.,604.0
1618,295,1712421328505,36.0,"But this is at the wrong times, too.",991.0
1618,296,1712421329408,39.0,I grip the wheel until my fingers hurt.,903.0
1618,297,1712421330226,37.0,On a long clear stretch he goes past.,817.0
1618,298,1712421333205,73.0,"But he drives along beside for a bit, a crewcut man in a blue work shirt.",2979.0
1618,299,1712421333970,24.0,We look each other over.,764.0
1618,300,1712421335588,53.0,"Then he waves, toots his horn, and pulls on up ahead.",1618.0
1618,301,1712421336892,29.0,I slow down and find a place.,1304.0
1618,302,1712421337428,35.0,I pull over and shut off the motor.,535.0
1618,303,1712421338078,42.0,I can hear the river down below the trees.,650.0
1618,304,1712421338550,35.0,Then I hear the pickup coming back.,472.0
1618,305,1712421339667,41.0,I lock the doors and roll up the windows.,1116.0
1618,306,1712421340327,30.0,"""You all right?"" the man says.",660.0
1618,307,1712421340867,21.0,He raps on the glass.,540.0
1618,308,1712421341380,11.0,"""You okay?""",513.0
1618,309,1712421343414,64.0,He leans his arms on the door and brings his face to the window.,2034.0
1618,310,1712421343928,15.0,I stare at him.,513.0
1618,311,1712421344376,30.0,I can't think what else to do.,448.0
1618,312,1712421344979,34.0,"""Is everything all right in there?",603.0
1618,313,1712421345773,31.0,"How come you're all locked up?""",794.0
1618,314,1712421346328,16.0,I shake my head.,555.0
1618,315,1712421346931,24.0,"""Roll down your window.""",603.0
1618,316,1712421348859,64.0,He shakes his head and looks at the highway and then back at me.,1928.0
1618,317,1712421349450,19.0,"""Roll it down now.""",591.0
1618,318,1712421350280,32.0,"""Please,"" I say, ""I have to go.""",830.0
1618,319,1712421351510,50.0,"""Open the door,"" he says as if he isn't listening.",1230.0
1618,320,1712421352235,33.0,"""You're going to choke in there.""",725.0
1618,321,1712421353424,32.0,"He looks at my breasts, my legs.",1189.0
1618,322,1712421354096,34.0,I can tell that's what he's doing.,671.0
1618,323,1712421354739,22.0,"""Hey, sugar,"" he says.",643.0
1618,324,1712421355431,31.0,"""I'm just here to help is all.""",691.0
1618,325,1712421355868,3.0,***,436.0
1618,326,1712421358434,52.0,The casket is closed and covered with floral sprays.,2566.0
1618,327,1712421360449,45.0,The organ starts up the minute I take a seat.,2014.0
1618,328,1712421361240,40.0,People are coming in and finding chairs.,791.0
1618,329,1712421364888,63.0,There's a boy in flared pants and a yellow short-sleeved shirt.,3648.0
1618,330,1712421367626,100.0,A door opens and the family comes in in a group and moves over to a curtained place off to one side.,2738.0
1618,331,1712421368739,39.0,Chairs creak as everybody gets settled.,1113.0
1618,332,1712421372738,83.0,"Directly, a nice blond man in a nice dark suit stands and asks us to bow our heads.",3999.0
1618,333,1712421376161,105.0,"He says a prayer for us, the living, and when he finishes, he says a prayer for the soul of the departed.",3423.0
1618,334,1712421376896,43.0,Along with the others I go past the casket.,735.0
1618,335,1712421378694,66.0,Then I move out onto the front steps and into the afternoon light.,1798.0
1618,336,1712421380684,66.0,There's a woman who limps as she goes down the stairs ahead of me.,1990.0
1618,337,1712421381266,33.0,On the sidewalk she looks around.,582.0
1618,338,1712421382145,31.0,"""Well, they got him,"" she says.",879.0
1618,339,1712421382677,27.0,"""If that's any consolation.",532.0
1618,340,1712421383204,31.0,They arrested him this morning.,527.0
1618,341,1712421383917,38.0,I heard it on the radio before I come.,713.0
1618,342,1712421384540,26.0,"A boy right here in town.""",623.0
1618,343,1712421385163,42.0,We move a few steps down the hot sidewalk.,623.0
1618,344,1712421385691,25.0,People are starting cars.,528.0
1618,345,1712421388261,49.0,I put out my hand and hold on to a parking meter.,2570.0
1618,346,1712421389363,36.0,Polished hoods and polished fenders.,1102.0
1618,347,1712421389902,14.0,My head swims.,539.0
1618,348,1712421391744,41.0,"I say, ""They have friends, these killers.",1842.0
1618,349,1712421392227,16.0,"You can't tell.""",483.0
1618,350,1712421394325,70.0,"""I have known that child since she was a little girl,"" the woman says.",2098.0
1618,351,1712421397417,93.0,"""She used to come over and I'd bake cookies for her and let her eat them in front of the TV.""",3092.0
1618,352,1712421397918,3.0,***,501.0
1618,353,1712421399550,76.0,"Back home, Stuart sits at the table with a drink of whiskey in front of him.",1632.0
1618,354,1712421400779,57.0,For a crazy instant I think something's happened to Dean.,1229.0
1618,355,1712421401263,14.0,"""Where is he?""",484.0
1618,356,1712421401772,6.0,I say.,509.0
1618,357,1712421402194,16.0,"""Where is Dean?""",422.0
1618,358,1712421402656,27.0,"""Outside,"" my husband says.",462.0
1618,359,1712421403438,34.0,He drains his glass and stands up.,782.0
1618,360,1712421404629,40.0,"He says, ""I think I know what you need.""",1191.0
1618,361,1712421408271,138.0,He reaches an arm around my waist and with his other hand he begins to unbutton my jacket and then he goes on to the buttons of my blouse.,3642.0
1618,362,1712421408923,30.0,"""First things first,"" he says.",652.0
1618,363,1712421409852,23.0,He says something else.,929.0
1618,364,1712421410375,27.0,But I don't need to listen.,523.0
1618,365,1712421411823,46.0,I can't hear a thing with so much water going.,1447.0
1618,366,1712421412291,3.0,***,468.0
1632,89,1712590011049,3.0,***,5388.0
1632,90,1712590012673,37.0,My husband eats with a good appetite.,1624.0
1632,91,1712590013831,37.0,But I don't think he's really hungry.,1158.0
1632,92,1712590016622,69.0,"He chews, arms on the table, and stares at something across the room.",2791.0
1632,93,1712590018627,30.0,He looks at me and looks away.,2004.0
1632,94,1712590020079,33.0,He wipes his mouth on the napkin.,1452.0
1632,95,1712590021316,30.0,"He shrugs, and goes on eating.",1237.0
1632,96,1712590022369,42.0,"""What are you staring at me for?"" he says.",1053.0
1632,97,1712590023761,45.0,"""What is it?"" he says and lays down his fork.",1392.0
1632,98,1712590025139,42.0,"""Was I staring?"" I say, and shake my head.",1378.0
1632,99,1712590025982,20.0,The telephone rings.,843.0
1632,100,1712590026872,27.0,"""Don't answer it,"" he says.",890.0
1632,101,1712590027769,33.0,"""It might be your mother,"" I say.",897.0
1632,102,1712590028737,25.0,"""Watch and see,"" he says.",968.0
1632,103,1712590029914,34.0,I pick up the receiver and listen.,1177.0
1632,104,1712590030800,24.0,My husband stops eating.,886.0
1632,105,1712590032427,46.0,"""What did I tell you?"" he says when I hang up.",1627.0
1632,106,1712590033351,23.0,He starts to eat again.,924.0
1632,107,1712590035043,36.0,Then throws his napkin on his plate.,1691.0
1632,108,1712590036919,63.0,"He says, ""Goddamn it, why can't people mind their own business?",1876.0
1632,109,1712590038461,41.0,Tell me what I did wrong and I'll listen!,1542.0
1632,110,1712590040651,28.0,I wasn't the only man there.,2190.0
1632,111,1712590042347,37.0,We talked it over and we all decided.,1695.0
1632,112,1712590044368,29.0,We couldn't just turn around.,2021.0
1632,113,1712590045686,32.0,We were five miles from the car.,1317.0
1632,114,1712590046914,34.0,I won't have you passing judgment.,1228.0
1632,115,1712590047640,13.0,"Do you hear?""",725.0
1632,116,1712590048323,18.0,"""You know,"" I say.",683.0
1632,117,1712590049852,33.0,"He says, ""What do I know, Claire?",1529.0
1632,118,1712590050915,34.0,Tell me what I'm supposed to know.,1063.0
1632,119,1712590052619,40.0,"I don't know anything except one thing?""",1704.0
1632,120,1712590054805,48.0,He gives me what he thinks is a meaningful look.,2186.0
1632,121,1712590056221,24.0,"""She was dead,"" he says.",1416.0
1632,122,1712590060550,33.0,"""And I'm as sorry as anyone else.",4329.0
1632,123,1712590061360,18.0,"But she was dead.""",810.0
1632,124,1712590062082,26.0,"""That's the point,"" I say.",722.0
1632,125,1712590062765,20.0,He raises his hands.,683.0
1632,126,1712590063818,40.0,He pushes his chair away from the table.,1053.0
1632,127,1712590067537,72.0,He takes out his cigarettes and goes out to the back with a can of beer.,3718.0
1632,128,1712590070257,64.0,I see him sit in the lawn chair and pick up the newspaper again.,2720.0
1632,129,1712590071770,39.0,His name is in there on the first page.,1513.0
1632,130,1712590072920,36.0,Along with the names of his friends.,1150.0
1632,131,1712590074673,40.0,I close my eyes and hold on to the sink.,1752.0
1632,132,1712590077728,74.0,Then I rake my arm across the drainboard and send the dishes to the floor.,3054.0
1632,133,1712590078868,16.0,He doesn't move.,1139.0
1632,134,1712590079837,18.0,I know he's heard.,969.0
1632,135,1712590086245,40.0,He lifts his head as if still listening.,6408.0
1632,136,1712590087091,30.0,But he doesn't move otherwise.,845.0
1632,137,1712590087859,23.0,He doesn't turn around.,768.0
1632,138,1712590088915,3.0,***,1056.0
1632,139,1712590093507,88.0,"He and Gordon Johnson and Mel Dorn and Vern Williams, they play poker and bowl and fish.",4592.0
1632,140,1712590099974,85.0,They fish every spring and early summer before visiting relatives can get in the way.,6467.0
1632,141,1712590104762,65.0,"They are decent men, family men, men who take care of their jobs.",4788.0
1632,142,1712590107394,65.0,"They have sons and daughters who go to school with our son, Dean.",2632.0
1632,143,1712590111566,55.0,Last Friday these family men left for the Naches River.,4171.0
1632,144,1712590114266,76.0,They parked the car in the mountains and hiked to where they wanted to fish.,2699.0
1632,145,1712590117346,76.0,"They carried their bedrolls, their food, their playing cards, their whiskey.",3080.0
1632,146,1712590118846,42.0,They saw the girl before they set up camp.,1500.0
1632,147,1712590119802,19.0,Mel Dorn found her.,956.0
1632,148,1712590121137,25.0,No clothes on her at all.,1334.0
1632,149,1712590124154,64.0,She was wedged into some branches that stuck out over the water.,3017.0
1632,150,1712590125474,43.0,He called the others and they came to look.,1320.0
1632,151,1712590126552,29.0,They talked about what to do.,1077.0
1632,152,1712590133435,82.0,One of the men - my Stuart didn't say which - said they should start back at once.,6883.0
1632,153,1712590136351,86.0,"The others stirred the sand with their shoes, said they didn't feel inclined that way.",2916.0
1632,154,1712590139171,82.0,"They pleaded fatigue, the late hour, the fact that the girl wasn't going anywhere.",2820.0
1632,155,1712590141150,47.0,In the end they went ahead and set up the camp.,1979.0
1632,156,1712590142677,42.0,They built a fire and drank their whiskey.,1527.0
1632,157,1712590144519,50.0,"When the moon came up, they talked about the girl.",1842.0
1632,158,1712590146548,59.0,Someone said they should -keep the body from drifting away.,2028.0
1632,159,1712590148045,55.0,They took their flashlights and went back to the river.,1497.0
1632,160,1712590149824,66.0,One of the men - it might have been Stuart - waded in and got her.,1778.0
1632,161,1712590151705,53.0,He took her by the fingers and pulled her into shore.,1881.0
1632,162,1712590154604,87.0,He got some nylon cord and tied it to her wrist and then looped the rest around a tree.,2899.0
1632,163,1712590158960,99.0,"The next morning they cooked breakfast, drank coffee, and drank whiskey, and then split up to fish.",4356.0
1632,164,1712590165887,182.0,"That night they cooked fish, cooked potatoes, drank coffee, drank whiskey, then took their cooking things and eating things back down to the river and washed them where the girl was.",6927.0
1632,165,1712590166825,32.0,They played some cards later on.,938.0
1632,166,1712590169170,55.0,Maybe they played until they couldn't see them anymore.,2344.0
1632,167,1712590170458,28.0,Vern Williams went to sleep.,1288.0
1632,168,1712590171306,28.0,But the others told stories.,848.0
1632,169,1712590176703,100.0,Gordon Johnson said the trout they'd caught were hard because of the terrible coldness of the water.,5397.0
1632,170,1712590180916,154.0,"The next morning they got up late, drank whiskey, fished a little, took down their tents, rolled their sleeping bags, gathered their stuff, and hiked out.",4212.0
1632,171,1712590182270,41.0,They drove until they got to a telephone.,1354.0
1632,172,1712590184910,86.0,It was Stuart who made the call while the others stood around in the sun and listened.,2640.0
1632,173,1712590185964,32.0,He gave the sheriff their names.,1054.0
1632,174,1712590187706,25.0,They had nothing to hide.,1741.0
1632,175,1712590188332,21.0,They weren't ashamed.,626.0
1632,176,1712590192815,100.0,They said they'd wait until someone could come for better directions and take down their statements.,4483.0
1632,177,1712590193814,3.0,***,999.0
1632,178,1712590194888,30.0,I was asleep when he got home.,1074.0
1632,179,1712590196973,46.0,But I woke up when I heard him in the kitchen.,2084.0
1632,180,1712590199714,64.0,I found him leaning against the refrigerator with a can of beer.,2741.0
1632,181,1712590203469,68.0,He put his heavy arms around me and rubbed his big hands on my back.,3755.0
1632,182,1712590207123,85.0,In bed he put his hands on me again and then waited as if thinking of something else.,3654.0
1632,183,1712590208290,28.0,I turned and opened my legs.,1167.0
1632,184,1712590212938,36.0,"Afterwards, I think he stayed awake.",4648.0
1632,185,1712590218747,53.0,He was up that morning before I could get out of bed.,5809.0
1632,186,1712590220557,54.0,"To see if there was something in the paper, I suppose.",1810.0
1632,187,1712590222904,46.0,The telephone began ringing right after eight.,2347.0
1632,188,1712590223605,13.0,"""Go to hell!""",701.0
1632,189,1712590224378,18.0,I heard him shout.,772.0
1632,190,1712590225768,31.0,The telephone rang right again.,1390.0
1632,191,1712590227915,59.0,"""I have nothing to add to what I already told the sheriff!""",2147.0
1632,192,1712590228794,29.0,He slammed the receiver down.,879.0
1632,193,1712590229395,27.0,"""What is going on?"" I said.",601.0
1632,194,1712590231895,49.0,It was then that he told me what I just told you.,2500.0
1632,195,1712590232741,3.0,***,846.0
1632,196,1712590234244,44.0,I sweep up the broken dishes and go outside.,1503.0
1632,197,1712590238259,85.0,"He is lying on his back on the grass now, the newspaper and can of beer within reach.",4015.0
1632,198,1712590239548,41.0,"""Stuart, could we go for a drive?"" I say.",1289.0
1632,199,1712590240459,30.0,He rolls over and looks at me.,911.0
1632,200,1712590241629,37.0,"""We'll pick up some beer,"" he says...",1170.0
1632,201,1712590245113,62.0,He gets to his feet and touches me on the hip as he goes past.,3484.0
1632,202,1712590246067,28.0,"""Give me a minute,"" he says.",954.0
1632,203,1712590247648,39.0,We drive through town without speaking.,1581.0
1632,204,1712590248609,39.0,He stops at a roadside market for beer.,961.0
1632,205,1712590250262,54.0,I notice a great stack of papers just inside the door.,1653.0
1632,206,1712590255598,89.0,On the top step a fat woman in a print dress holds out a licorice stick to a little girl.,5336.0
1632,207,1712590258452,66.0,"Later on, we cross Everson Creek and turn into the picnic grounds.",2853.0
1632,208,1712590261460,79.0,The creek runs under the bridge and into a large pond a few hundred yards away.,3008.0
1632,209,1712590262698,28.0,I can see the men out there.,1238.0
1632,210,1712590264132,33.0,I can see them out there fishing.,1434.0
1632,211,1712590265456,31.0,So much water so close to home.,1324.0
1632,212,1712590268505,43.0,"I say, ""Why did you have to go miles away?""",3049.0
1632,213,1712590269474,25.0,"""Don't rile me,"" he says.",969.0
1632,214,1712590270419,29.0,We sit on a bench in the sun.,945.0
1632,215,1712590271294,25.0,He opens us cans of beer.,875.0
1632,216,1712590272483,25.0,"He says, ""Relax, Claire.""",1189.0
1632,217,1712590274604,30.0,"""They said they were innocent.",2120.0
1632,218,1712590276029,27.0,"They said they were crazy.""",1425.0
1632,219,1712590278394,15.0,"He says, ""Who?""",2365.0
1632,220,1712590279440,38.0,"He says, ""What are you talking about?""",1046.0
1632,221,1712590281020,21.0,"""The Maddox brothers.",1580.0
1632,222,1712590283497,54.0,They killed a girl named Arlene Hubly where I grew up.,2477.0
1632,223,1712590285816,60.0,They cut off her head and threw her into the Cle Elum River.,2319.0
1632,224,1712590287570,31.0,"It happened when I was a girl.""",1754.0
1632,225,1712590288779,40.0,"""You're going to get me riled,"" he says.",1209.0
1632,226,1712590290506,20.0,I look at the creek.,1727.0
1632,227,1712590296034,79.0,"I'm right in it, eyes open, face down, staring at the moss on the bottom, dead.",5528.0
1632,228,1712590297427,62.0,"""I don't know what's wrong with you,"" he says on the way home.",1393.0
1632,229,1712590298422,45.0,"""You're getting me more riled by the minute.""",995.0
1632,230,1712590299331,34.0,There is nothing I can say to him.,909.0
1632,231,1712590300168,36.0,He tries to concentrate on the road.,837.0
1632,232,1712590302166,47.0,But he keeps looking into the rear-view mirror.,1998.0
1632,233,1712590302733,9.0,He knows.,567.0
1632,234,1712590303203,3.0,***,470.0
1632,235,1712590305491,52.0,Stuart believes he is letting me sleep this morning.,2288.0
1632,236,1712590308365,47.0,But I was awake long before the alarm went off.,2874.0
1632,237,1712590313020,74.0,"I was thinking, lying on the far side of the bed away from his hairy legs.",4655.0
1632,238,1712590317681,78.0,"He gets Dean off for school, and then he shaves, dresses, and leaves for work.",4661.0
1632,239,1712590319532,40.0,Twice he looks in and clears his throat.,1851.0
1632,240,1712590320227,26.0,But I keep my eyes closed.,695.0
1632,241,1712590321345,38.0,In the kitchen I find a note from him.,1118.0
1632,242,1712590322659,19.0,"It's signed ""Love.""",1313.0
1632,243,1712590326882,74.0,I sit in the breakfast nook and drink coffee and leave a ring on the note.,4223.0
1632,244,1712590330907,67.0,I look at the newspaper and turn it this way and that on the table.,4025.0
1632,245,1712590333016,43.0,Then I skid it close and read what it says.,2109.0
1632,246,1712590334694,38.0,"The body has been identified, claimed.",1678.0
1632,247,1712590342103,155.0,"But it took some examining it, some putting things into it, some cutting, some weighing, some measuring, some putting things back again and sewing them in.",7409.0
1632,248,1712590344007,57.0,I sit for a long time holding the newspaper and thinking.,1904.0
1632,249,1712590347516,51.0,Then I call up to get a chair at the hairdresser's.,3508.0
1632,250,1712590348155,3.0,***,639.0
1632,251,1712590351030,75.0,I sit under the dryer with a magazine on my lap and let Marnie do my nails.,2875.0
1632,252,1712590352641,42.0,"""I am going to a funeral tomorrow,"" I say.",1611.0
1632,253,1712590353691,38.0,"""I'm sorry to hear that,"" Marnie says.",1050.0
1632,254,1712590354752,25.0,"""It was a murder,"" I say.",1061.0
1632,255,1712590355610,37.0,"""That's the worst kind,"" Marnie says.",858.0
1632,256,1712590357039,35.0,"""We weren't all that close,"" I say.",1429.0
1632,257,1712590357746,15.0,"""But you know?""",706.0
1632,258,1712590360092,45.0,"""We'll get you fixed up for it,"" Marnie says.",2346.0
1632,259,1712590363640,72.0,"That night I make my bed on the sofa, and in the morning I get up first.",3548.0
1632,260,1712590366312,50.0,I put on coffee and fix breakfast while he shaves.,2672.0
1632,261,1712590371117,76.0,"He appears in the kitchen doorway, towel over his bare shoulder, appraising.",4805.0
1632,262,1712590371984,23.0,"""Here's coffee,"" I say.",867.0
1632,263,1712590372812,31.0,"""Eggs'll be ready in a minute.”",828.0
1632,264,1712590374378,37.0,"I wake Dean, and the three of us eat.",1566.0
1632,265,1712590377528,79.0,"Whenever Stuart looks at me, I ask Dean if he wants more milk, more toast, etc.",3150.0
1632,266,1712590380371,56.0,"""I'll call you today,"" Stuart says as he opens the door.",2843.0
1632,267,1712590381880,42.0,"I say, ""I don't think I'll be home today.""",1509.0
1632,268,1712590382637,21.0,"""All right,"" he says.",757.0
1632,269,1712590383443,7.0,"""Sure.""",805.0
1632,270,1712590384154,18.0,I dress carefully.,711.0
1632,271,1712590386103,48.0,I try on a hat and look at myself in the mirror.,1949.0
1632,272,1712590387328,28.0,I write out a note for Dean.,1225.0
1632,273,1712590389848,69.0,"Honey, Mommy has things to do this afternoon, but will be back later.",2520.0
1632,274,1712590394913,61.0,You stay in or be in the backyard until one of us comes home.,5065.0
1632,275,1712590395811,11.0,"Love, Mommy",898.0
1632,276,1712590398453,48.0,I look at the word Love and then I underline it.,2642.0
1632,277,1712590400654,29.0,Then I see the word backyard.,2201.0
1632,278,1712590401747,22.0,Is it one word or two?,1093.0
1632,279,1712590402277,3.0,***,530.0
1632,280,1712590408919,121.0,"I drive through farm country, through fields of oats and sugar beets and past apple orchards, cattle grazing in pastures.",6642.0
1632,281,1712590415364,99.0,"Then everything changes, more like shacks than farmhouses and stands of timber instead of orchards.",6445.0
1632,282,1712590419018,78.0,"Then mountains, and on the right, far below, I sometimes see the Naches River.",3653.0
1632,283,1712590421952,64.0,A green pickup comes up behind me and stays behind me for miles.,2934.0
1632,284,1712590424139,55.0,"I keep slowing at the wrong times, hoping he will pass.",2186.0
1632,285,1712590424810,16.0,Then I speed up.,670.0
1632,286,1712590425741,36.0,"But this is at the wrong times, too.",931.0
1632,287,1712590426683,39.0,I grip the wheel until my fingers hurt.,942.0
1632,288,1712590428689,37.0,On a long clear stretch he goes past.,2006.0
1632,289,1712590432186,73.0,"But he drives along beside for a bit, a crewcut man in a blue work shirt.",3496.0
1632,290,1712590433749,24.0,We look each other over.,1563.0
1632,291,1712590436684,53.0,"Then he waves, toots his horn, and pulls on up ahead.",2935.0
1632,292,1712590437971,29.0,I slow down and find a place.,1287.0
1632,293,1712590439129,35.0,I pull over and shut off the motor.,1158.0
1632,294,1712590440736,42.0,I can hear the river down below the trees.,1607.0
1632,295,1712590442422,35.0,Then I hear the pickup coming back.,1686.0
1632,296,1712590443763,41.0,I lock the doors and roll up the windows.,1341.0
1632,297,1712590444506,30.0,"""You all right?"" the man says.",743.0
1632,298,1712590445401,21.0,He raps on the glass.,895.0
1632,299,1712590446051,11.0,"""You okay?""",650.0
1632,300,1712590449674,64.0,He leans his arms on the door and brings his face to the window.,3623.0
1632,301,1712590450600,15.0,I stare at him.,926.0
1632,302,1712590452508,30.0,I can't think what else to do.,1908.0
1632,303,1712590453543,34.0,"""Is everything all right in there?",1035.0
1632,304,1712590454528,31.0,"How come you're all locked up?""",985.0
1632,305,1712590455304,16.0,I shake my head.,776.0
1632,306,1712590455951,24.0,"""Roll down your window.""",647.0
1632,307,1712590458516,64.0,He shakes his head and looks at the highway and then back at me.,2565.0
1632,308,1712590459290,19.0,"""Roll it down now.""",773.0
1632,309,1712590460916,32.0,"""Please,"" I say, ""I have to go.""",1626.0
1632,310,1712590462265,50.0,"""Open the door,"" he says as if he isn't listening.",1348.0
1632,311,1712590463560,33.0,"""You're going to choke in there.""",1295.0
1632,312,1712590465170,32.0,"He looks at my breasts, my legs.",1610.0
1632,313,1712590468441,34.0,I can tell that's what he's doing.,3271.0
1632,314,1712590469178,22.0,"""Hey, sugar,"" he says.",737.0
1632,315,1712590470297,31.0,"""I'm just here to help is all.""",1119.0
1632,316,1712590470859,3.0,***,562.0
1632,317,1712590473073,52.0,The casket is closed and covered with floral sprays.,2214.0
1632,318,1712590476016,45.0,The organ starts up the minute I take a seat.,2943.0
1632,319,1712590478774,40.0,People are coming in and finding chairs.,2758.0
1632,320,1712590482387,63.0,There's a boy in flared pants and a yellow short-sleeved shirt.,3613.0
1632,321,1712590490500,100.0,A door opens and the family comes in in a group and moves over to a curtained place off to one side.,8113.0
1632,322,1712590492178,39.0,Chairs creak as everybody gets settled.,1677.0
1632,323,1712590495306,83.0,"Directly, a nice blond man in a nice dark suit stands and asks us to bow our heads.",3128.0
1632,324,1712590502076,105.0,"He says a prayer for us, the living, and when he finishes, he says a prayer for the soul of the departed.",6769.0
1632,325,1712590503898,43.0,Along with the others I go past the casket.,1822.0
1632,326,1712590505599,66.0,Then I move out onto the front steps and into the afternoon light.,1700.0
1632,327,1712590508621,66.0,There's a woman who limps as she goes down the stairs ahead of me.,3022.0
1632,328,1712590510263,33.0,On the sidewalk she looks around.,1642.0
1632,329,1712590511398,31.0,"""Well, they got him,"" she says.",1135.0
1632,330,1712590512172,27.0,"""If that's any consolation.",773.0
1632,331,1712590512964,31.0,They arrested him this morning.,792.0
1632,332,1712590514101,38.0,I heard it on the radio before I come.,1137.0
1632,333,1712590515522,26.0,"A boy right here in town.""",1421.0
1632,334,1712590517406,42.0,We move a few steps down the hot sidewalk.,1884.0
1632,335,1712590518294,25.0,People are starting cars.,888.0
1632,336,1712590520610,49.0,I put out my hand and hold on to a parking meter.,2316.0
1632,337,1712590522119,36.0,Polished hoods and polished fenders.,1509.0
1632,338,1712590522950,14.0,My head swims.,830.0
1632,339,1712590525424,41.0,"I say, ""They have friends, these killers.",2474.0
1632,340,1712590526770,16.0,"You can't tell.""",1346.0
1632,341,1712590528504,70.0,"""I have known that child since she was a little girl,"" the woman says.",1734.0
1632,342,1712590531624,93.0,"""She used to come over and I'd bake cookies for her and let her eat them in front of the TV.""",3120.0
1632,343,1712590532331,3.0,***,706.0
1632,344,1712590534478,76.0,"Back home, Stuart sits at the table with a drink of whiskey in front of him.",2146.0
1632,345,1712590537037,57.0,For a crazy instant I think something's happened to Dean.,2559.0
1632,346,1712590537916,14.0,"""Where is he?""",879.0
1632,347,1712590538402,6.0,I say.,486.0
1632,348,1712590538936,16.0,"""Where is Dean?""",533.0
1632,349,1712590539618,27.0,"""Outside,"" my husband says.",682.0
1632,350,1712590541153,34.0,He drains his glass and stands up.,1535.0
1632,351,1712590543998,40.0,"He says, ""I think I know what you need.""",2845.0
1632,352,1712590553612,138.0,He reaches an arm around my waist and with his other hand he begins to unbutton my jacket and then he goes on to the buttons of my blouse.,9613.0
1632,353,1712590556274,30.0,"""First things first,"" he says.",2662.0
1632,354,1712590556851,23.0,He says something else.,576.0
1632,355,1712590557631,27.0,But I don't need to listen.,780.0
1632,356,1712590558941,46.0,I can't hear a thing with so much water going.,1310.0
1632,357,1712590559889,3.0,***,948.0
1700,128,1712617371232,3.0,***,4350.0
1700,129,1712617376557,37.0,My husband eats with a good appetite.,5325.0
1700,130,1712617378285,37.0,But I don't think he's really hungry.,1727.0
1700,131,1712617381045,69.0,"He chews, arms on the table, and stares at something across the room.",2760.0
1700,132,1712617381980,30.0,He looks at me and looks away.,935.0
1700,133,1712617382836,33.0,He wipes his mouth on the napkin.,856.0
1700,134,1712617383876,30.0,"He shrugs, and goes on eating.",1040.0
1700,135,1712617385364,42.0,"""What are you staring at me for?"" he says.",1488.0
1700,136,1712617386588,45.0,"""What is it?"" he says and lays down his fork.",1224.0
1700,137,1712617387763,42.0,"""Was I staring?"" I say, and shake my head.",1175.0
1700,138,1712617391412,20.0,The telephone rings.,3649.0
1700,139,1712617391804,27.0,"""Don't answer it,"" he says.",392.0
1700,140,1712617392588,33.0,"""It might be your mother,"" I say.",784.0
1700,141,1712617393068,25.0,"""Watch and see,"" he says.",480.0
1700,142,1712617393820,34.0,I pick up the receiver and listen.,752.0
1700,143,1712617394823,24.0,My husband stops eating.,1003.0
1700,144,1712617396172,46.0,"""What did I tell you?"" he says when I hang up.",1349.0
1700,145,1712617396820,23.0,He starts to eat again.,648.0
1700,146,1712617397740,36.0,Then throws his napkin on his plate.,920.0
1700,147,1712617399124,63.0,"He says, ""Goddamn it, why can't people mind their own business?",1384.0
1700,148,1712617401219,41.0,Tell me what I did wrong and I'll listen!,2095.0
1700,149,1712617402708,28.0,I wasn't the only man there.,1489.0
1700,150,1712617404164,37.0,We talked it over and we all decided.,1456.0
1700,151,1712617404924,29.0,We couldn't just turn around.,759.0
1700,152,1712617405732,32.0,We were five miles from the car.,808.0
1700,153,1712617406596,34.0,I won't have you passing judgment.,864.0
1700,154,1712617407180,13.0,"Do you hear?""",584.0
1700,155,1712617407611,18.0,"""You know,"" I say.",431.0
1700,156,1712617409171,33.0,"He says, ""What do I know, Claire?",1559.0
1700,157,1712617409995,34.0,Tell me what I'm supposed to know.,824.0
1700,158,1712617411963,40.0,"I don't know anything except one thing?""",1968.0
1700,159,1712617413595,48.0,He gives me what he thinks is a meaningful look.,1631.0
1700,160,1712617414683,24.0,"""She was dead,"" he says.",1088.0
1700,161,1712617415635,33.0,"""And I'm as sorry as anyone else.",952.0
1700,162,1712617416251,18.0,"But she was dead.""",616.0
1700,163,1712617416859,26.0,"""That's the point,"" I say.",607.0
1700,164,1712617417395,20.0,He raises his hands.,536.0
1700,165,1712617418171,40.0,He pushes his chair away from the table.,776.0
1700,166,1712617419667,72.0,He takes out his cigarettes and goes out to the back with a can of beer.,1496.0
1700,167,1712617420907,64.0,I see him sit in the lawn chair and pick up the newspaper again.,1240.0
1700,168,1712617422723,39.0,His name is in there on the first page.,1816.0
1700,169,1712617423643,36.0,Along with the names of his friends.,920.0
1700,170,1712617425235,40.0,I close my eyes and hold on to the sink.,1592.0
1700,171,1712617429126,74.0,Then I rake my arm across the drainboard and send the dishes to the floor.,3891.0
1700,172,1712617429711,16.0,He doesn't move.,585.0
1700,173,1712617430189,18.0,I know he's heard.,478.0
1700,174,1712617431286,40.0,He lifts his head as if still listening.,1097.0
1700,175,1712617432519,30.0,But he doesn't move otherwise.,1233.0
1700,176,1712617433062,23.0,He doesn't turn around.,543.0
1700,177,1712617433767,3.0,***,705.0
1700,178,1712617448747,88.0,"He and Gordon Johnson and Mel Dorn and Vern Williams, they play poker and bowl and fish.",14980.0
1700,179,1712617450890,85.0,They fish every spring and early summer before visiting relatives can get in the way.,2143.0
1700,180,1712617454448,65.0,"They are decent men, family men, men who take care of their jobs.",3557.0
1700,181,1712617456096,65.0,"They have sons and daughters who go to school with our son, Dean.",1648.0
1700,182,1712617457904,55.0,Last Friday these family men left for the Naches River.,1808.0
1700,183,1712617459336,76.0,They parked the car in the mountains and hiked to where they wanted to fish.,1432.0
1700,184,1712617461208,76.0,"They carried their bedrolls, their food, their playing cards, their whiskey.",1872.0
1700,185,1712617462530,42.0,They saw the girl before they set up camp.,1322.0
1700,186,1712617463488,19.0,Mel Dorn found her.,958.0
1700,187,1712617464368,25.0,No clothes on her at all.,880.0
1700,188,1712617465968,64.0,She was wedged into some branches that stuck out over the water.,1600.0
1700,189,1712617466688,43.0,He called the others and they came to look.,720.0
1700,190,1712617467256,29.0,They talked about what to do.,568.0
1700,191,1712617472111,82.0,One of the men - my Stuart didn't say which - said they should start back at once.,4855.0
1700,192,1712617474119,86.0,"The others stirred the sand with their shoes, said they didn't feel inclined that way.",2008.0
1700,193,1712617477399,82.0,"They pleaded fatigue, the late hour, the fact that the girl wasn't going anywhere.",3280.0
1700,194,1712617478774,47.0,In the end they went ahead and set up the camp.,1375.0
1700,195,1712617480009,42.0,They built a fire and drank their whiskey.,1234.0
1700,196,1712617481054,50.0,"When the moon came up, they talked about the girl.",1045.0
1700,197,1712617483238,59.0,Someone said they should -keep the body from drifting away.,2184.0
1700,198,1712617484134,55.0,They took their flashlights and went back to the river.,896.0
1700,199,1712617485430,66.0,One of the men - it might have been Stuart - waded in and got her.,1296.0
1700,200,1712617486958,53.0,He took her by the fingers and pulled her into shore.,1528.0
1700,201,1712617490738,87.0,He got some nylon cord and tied it to her wrist and then looped the rest around a tree.,3780.0
1700,202,1712617493315,99.0,"The next morning they cooked breakfast, drank coffee, and drank whiskey, and then split up to fish.",2576.0
1700,203,1712617498420,182.0,"That night they cooked fish, cooked potatoes, drank coffee, drank whiskey, then took their cooking things and eating things back down to the river and washed them where the girl was.",5105.0
1700,204,1712617499140,32.0,They played some cards later on.,720.0
1700,205,1712617500292,55.0,Maybe they played until they couldn't see them anymore.,1152.0
1700,206,1712617509369,28.0,Vern Williams went to sleep.,9077.0
1700,207,1712617510153,28.0,But the others told stories.,784.0
1700,208,1712617519640,100.0,Gordon Johnson said the trout they'd caught were hard because of the terrible coldness of the water.,9487.0
1700,209,1712617536183,154.0,"The next morning they got up late, drank whiskey, fished a little, took down their tents, rolled their sleeping bags, gathered their stuff, and hiked out.",16543.0
1700,210,1712617537206,41.0,They drove until they got to a telephone.,1023.0
1700,211,1712617538679,86.0,It was Stuart who made the call while the others stood around in the sun and listened.,1472.0
1700,212,1712617539390,32.0,He gave the sheriff their names.,711.0
1700,213,1712617540102,25.0,They had nothing to hide.,712.0
1700,214,1712617540670,21.0,They weren't ashamed.,567.0
1700,215,1712617543710,100.0,They said they'd wait until someone could come for better directions and take down their statements.,3040.0
1700,216,1712617544285,3.0,***,575.0
1700,217,1712617545054,30.0,I was asleep when he got home.,769.0
1700,218,1712617563787,46.0,But I woke up when I heard him in the kitchen.,18733.0
1700,219,1712617565042,64.0,I found him leaning against the refrigerator with a can of beer.,1255.0
1700,220,1712617567106,68.0,He put his heavy arms around me and rubbed his big hands on my back.,2064.0
1700,221,1712617570434,85.0,In bed he put his hands on me again and then waited as if thinking of something else.,3328.0
1700,222,1712617571994,28.0,I turned and opened my legs.,1560.0
1700,223,1712617573170,36.0,"Afterwards, I think he stayed awake.",1176.0
1700,224,1712617575738,53.0,He was up that morning before I could get out of bed.,2568.0
1700,225,1712617577242,54.0,"To see if there was something in the paper, I suppose.",1504.0
1700,226,1712617578297,46.0,The telephone began ringing right after eight.,1055.0
1700,227,1712617578833,13.0,"""Go to hell!""",536.0
1700,228,1712617579353,18.0,I heard him shout.,520.0
1700,229,1712617579914,31.0,The telephone rang right again.,559.0
1700,230,1712617581192,59.0,"""I have nothing to add to what I already told the sheriff!""",1278.0
1700,231,1712617582153,29.0,He slammed the receiver down.,960.0
1700,232,1712617582746,27.0,"""What is going on?"" I said.",593.0
1700,233,1712617584729,49.0,It was then that he told me what I just told you.,1983.0
1700,234,1712617585361,3.0,***,632.0
1700,235,1712617586353,44.0,I sweep up the broken dishes and go outside.,992.0
1700,236,1712617588744,85.0,"He is lying on his back on the grass now, the newspaper and can of beer within reach.",2391.0
1700,237,1712617589817,41.0,"""Stuart, could we go for a drive?"" I say.",1073.0
1700,238,1712617590465,30.0,He rolls over and looks at me.,648.0
1700,239,1712617591385,37.0,"""We'll pick up some beer,"" he says...",920.0
1700,240,1712617593137,62.0,He gets to his feet and touches me on the hip as he goes past.,1752.0
1700,241,1712617593809,28.0,"""Give me a minute,"" he says.",672.0
1700,242,1712617594617,39.0,We drive through town without speaking.,808.0
1700,243,1712617595905,39.0,He stops at a roadside market for beer.,1288.0
1700,244,1712617597593,54.0,I notice a great stack of papers just inside the door.,1688.0
1700,245,1712617600569,89.0,On the top step a fat woman in a print dress holds out a licorice stick to a little girl.,2976.0
1700,246,1712617602561,66.0,"Later on, we cross Everson Creek and turn into the picnic grounds.",1992.0
1700,247,1712617604441,79.0,The creek runs under the bridge and into a large pond a few hundred yards away.,1880.0
1700,248,1712617605192,28.0,I can see the men out there.,751.0
1700,249,1712617605905,33.0,I can see them out there fishing.,713.0
1700,250,1712617606664,31.0,So much water so close to home.,759.0
1700,251,1712617608250,43.0,"I say, ""Why did you have to go miles away?""",1585.0
1700,252,1712617609323,25.0,"""Don't rile me,"" he says.",1073.0
1700,253,1712617610536,29.0,We sit on a bench in the sun.,1213.0
1700,254,1712617611128,25.0,He opens us cans of beer.,592.0
1700,255,1712617611944,25.0,"He says, ""Relax, Claire.""",816.0
1700,256,1712617612768,30.0,"""They said they were innocent.",824.0
1700,257,1712617614000,27.0,"They said they were crazy.""",1232.0
1700,258,1712617614672,15.0,"He says, ""Who?""",672.0
1700,259,1712617616064,38.0,"He says, ""What are you talking about?""",1392.0
1700,260,1712617616808,21.0,"""The Maddox brothers.",744.0
1700,261,1712617619232,54.0,They killed a girl named Arlene Hubly where I grew up.,2424.0
1700,262,1712617620960,60.0,They cut off her head and threw her into the Cle Elum River.,1728.0
1700,263,1712617621856,31.0,"It happened when I was a girl.""",896.0
1700,264,1712617622880,40.0,"""You're going to get me riled,"" he says.",1024.0
1700,265,1712617623496,20.0,I look at the creek.,616.0
1700,266,1712617626906,79.0,"I'm right in it, eyes open, face down, staring at the moss on the bottom, dead.",3410.0
1700,267,1712617628162,62.0,"""I don't know what's wrong with you,"" he says on the way home.",1256.0
1700,268,1712617629274,45.0,"""You're getting me more riled by the minute.""",1112.0
1700,269,1712617630082,34.0,There is nothing I can say to him.,808.0
1700,270,1712617630898,36.0,He tries to concentrate on the road.,816.0
1700,271,1712617632042,47.0,But he keeps looking into the rear-view mirror.,1144.0
1700,272,1712617632610,9.0,He knows.,568.0
1700,273,1712617633282,3.0,***,672.0
1700,274,1712617636274,52.0,Stuart believes he is letting me sleep this morning.,2992.0
1700,275,1712617637386,47.0,But I was awake long before the alarm went off.,1112.0
1700,276,1712617639802,74.0,"I was thinking, lying on the far side of the bed away from his hairy legs.",2416.0
1700,277,1712617642554,78.0,"He gets Dean off for school, and then he shaves, dresses, and leaves for work.",2752.0
1700,278,1712617643882,40.0,Twice he looks in and clears his throat.,1328.0
1700,279,1712617644490,26.0,But I keep my eyes closed.,608.0
1700,280,1712617645426,38.0,In the kitchen I find a note from him.,936.0
1700,281,1712617645962,19.0,"It's signed ""Love.""",535.0
1700,282,1712617651657,74.0,I sit in the breakfast nook and drink coffee and leave a ring on the note.,5695.0
1700,283,1712617654097,67.0,I look at the newspaper and turn it this way and that on the table.,2440.0
1700,284,1712617656072,43.0,Then I skid it close and read what it says.,1975.0
1700,285,1712617657007,38.0,"The body has been identified, claimed.",934.0
1700,286,1712617663004,155.0,"But it took some examining it, some putting things into it, some cutting, some weighing, some measuring, some putting things back again and sewing them in.",5996.0
1700,287,1712617664131,57.0,I sit for a long time holding the newspaper and thinking.,1127.0
1700,288,1712617666275,51.0,Then I call up to get a chair at the hairdresser's.,2144.0
1700,289,1712617666763,3.0,***,487.0
1700,290,1712617669067,75.0,I sit under the dryer with a magazine on my lap and let Marnie do my nails.,2304.0
1700,291,1712617670067,42.0,"""I am going to a funeral tomorrow,"" I say.",1000.0
1700,292,1712617670836,38.0,"""I'm sorry to hear that,"" Marnie says.",769.0
1700,293,1712617671339,25.0,"""It was a murder,"" I say.",503.0
1700,294,1712617672035,37.0,"""That's the worst kind,"" Marnie says.",696.0
1700,295,1712617672707,35.0,"""We weren't all that close,"" I say.",672.0
1700,296,1712617673331,15.0,"""But you know?""",624.0
1700,297,1712617676755,45.0,"""We'll get you fixed up for it,"" Marnie says.",3424.0
1700,298,1712617678475,72.0,"That night I make my bed on the sofa, and in the morning I get up first.",1720.0
1700,299,1712617679931,50.0,I put on coffee and fix breakfast while he shaves.,1456.0
1700,300,1712617681683,76.0,"He appears in the kitchen doorway, towel over his bare shoulder, appraising.",1752.0
1700,301,1712617682459,23.0,"""Here's coffee,"" I say.",776.0
1700,302,1712617683323,31.0,"""Eggs'll be ready in a minute.”",864.0
1700,303,1712617684539,37.0,"I wake Dean, and the three of us eat.",1216.0
1700,304,1712617687763,79.0,"Whenever Stuart looks at me, I ask Dean if he wants more milk, more toast, etc.",3224.0
1700,305,1712617689131,56.0,"""I'll call you today,"" Stuart says as he opens the door.",1368.0
1700,306,1712617690107,42.0,"I say, ""I don't think I'll be home today.""",976.0
1700,307,1712617690683,21.0,"""All right,"" he says.",576.0
1700,308,1712617691139,7.0,"""Sure.""",456.0
1700,309,1712617693171,18.0,I dress carefully.,2032.0
1700,310,1712617694131,48.0,I try on a hat and look at myself in the mirror.,959.0
1700,311,1712617695163,28.0,I write out a note for Dean.,1032.0
1700,312,1712617696667,69.0,"Honey, Mommy has things to do this afternoon, but will be back later.",1504.0
1700,313,1712617698930,61.0,You stay in or be in the backyard until one of us comes home.,2263.0
1700,314,1712617699538,11.0,"Love, Mommy",608.0
1700,315,1712617700970,48.0,I look at the word Love and then I underline it.,1432.0
1700,316,1712617702186,29.0,Then I see the word backyard.,1215.0
1700,317,1712617703346,22.0,Is it one word or two?,1159.0
1700,318,1712617703882,3.0,***,536.0
1700,319,1712617708473,121.0,"I drive through farm country, through fields of oats and sugar beets and past apple orchards, cattle grazing in pastures.",4591.0
1700,320,1712617710514,99.0,"Then everything changes, more like shacks than farmhouses and stands of timber instead of orchards.",2041.0
1700,321,1712617712186,78.0,"Then mountains, and on the right, far below, I sometimes see the Naches River.",1672.0
1700,322,1712617713722,64.0,A green pickup comes up behind me and stays behind me for miles.,1536.0
1700,323,1712617715073,55.0,"I keep slowing at the wrong times, hoping he will pass.",1351.0
1700,324,1712617715810,16.0,Then I speed up.,737.0
1700,325,1712617716602,36.0,"But this is at the wrong times, too.",791.0
1700,326,1712617717530,39.0,I grip the wheel until my fingers hurt.,928.0
1700,327,1712617718562,37.0,On a long clear stretch he goes past.,1032.0
1700,328,1712617721442,73.0,"But he drives along beside for a bit, a crewcut man in a blue work shirt.",2880.0
1700,329,1712617722090,24.0,We look each other over.,648.0
1700,330,1712617723354,53.0,"Then he waves, toots his horn, and pulls on up ahead.",1264.0
1700,331,1712617724378,29.0,I slow down and find a place.,1023.0
1700,332,1712617726241,35.0,I pull over and shut off the motor.,1863.0
1700,333,1712617727033,42.0,I can hear the river down below the trees.,792.0
1700,334,1712617727825,35.0,Then I hear the pickup coming back.,792.0
1700,335,1712617728985,41.0,I lock the doors and roll up the windows.,1160.0
1700,336,1712617729529,30.0,"""You all right?"" the man says.",543.0
1700,337,1712617730057,21.0,He raps on the glass.,528.0
1700,338,1712617730633,11.0,"""You okay?""",576.0
1700,339,1712617731929,64.0,He leans his arms on the door and brings his face to the window.,1296.0
1700,340,1712617732601,15.0,I stare at him.,671.0
1700,341,1712617733289,30.0,I can't think what else to do.,688.0
1700,342,1712617734004,34.0,"""Is everything all right in there?",715.0
1700,343,1712617734929,31.0,"How come you're all locked up?""",925.0
1700,344,1712617735505,16.0,I shake my head.,576.0
1700,345,1712617736129,24.0,"""Roll down your window.""",624.0
1700,346,1712617738329,64.0,He shakes his head and looks at the highway and then back at me.,2200.0
1700,347,1712617738929,19.0,"""Roll it down now.""",600.0
1700,348,1712617739921,32.0,"""Please,"" I say, ""I have to go.""",992.0
1700,349,1712617740969,50.0,"""Open the door,"" he says as if he isn't listening.",1048.0
1700,350,1712617741945,33.0,"""You're going to choke in there.""",976.0
1700,351,1712617743025,32.0,"He looks at my breasts, my legs.",1080.0
1700,352,1712617744729,34.0,I can tell that's what he's doing.,1704.0
1700,353,1712617745656,22.0,"""Hey, sugar,"" he says.",927.0
1700,354,1712617746513,31.0,"""I'm just here to help is all.""",857.0
1700,355,1712617747248,3.0,***,735.0
1700,356,1712617749097,52.0,The casket is closed and covered with floral sprays.,1848.0
1700,357,1712617750785,45.0,The organ starts up the minute I take a seat.,1688.0
1700,358,1712617751697,40.0,People are coming in and finding chairs.,912.0
1700,359,1712617753153,63.0,There's a boy in flared pants and a yellow short-sleeved shirt.,1456.0
1700,360,1712617755217,100.0,A door opens and the family comes in in a group and moves over to a curtained place off to one side.,2064.0
1700,361,1712617756264,39.0,Chairs creak as everybody gets settled.,1047.0
1700,362,1712617759440,83.0,"Directly, a nice blond man in a nice dark suit stands and asks us to bow our heads.",3175.0
1700,363,1712617762481,105.0,"He says a prayer for us, the living, and when he finishes, he says a prayer for the soul of the departed.",3041.0
1700,364,1712617763328,43.0,Along with the others I go past the casket.,847.0
1700,365,1712617765952,66.0,Then I move out onto the front steps and into the afternoon light.,2624.0
1700,366,1712617767272,66.0,There's a woman who limps as she goes down the stairs ahead of me.,1320.0
1700,367,1712617767936,33.0,On the sidewalk she looks around.,664.0
1700,368,1712617769072,31.0,"""Well, they got him,"" she says.",1136.0
1700,369,1712617769808,27.0,"""If that's any consolation.",736.0
1700,370,1712617770512,31.0,They arrested him this morning.,704.0
1700,371,1712617771792,38.0,I heard it on the radio before I come.,1280.0
1700,372,1712617772872,26.0,"A boy right here in town.""",1080.0
1700,373,1712617774528,42.0,We move a few steps down the hot sidewalk.,1656.0
1700,374,1712617775736,25.0,People are starting cars.,1208.0
1700,375,1712617777440,49.0,I put out my hand and hold on to a parking meter.,1704.0
1700,376,1712617778704,36.0,Polished hoods and polished fenders.,1264.0
1700,377,1712617779311,14.0,My head swims.,607.0
1700,378,1712617780952,41.0,"I say, ""They have friends, these killers.",1641.0
1700,379,1712617781703,16.0,"You can't tell.""",751.0
1700,380,1712617785505,70.0,"""I have known that child since she was a little girl,"" the woman says.",3801.0
1700,381,1712617787609,93.0,"""She used to come over and I'd bake cookies for her and let her eat them in front of the TV.""",2104.0
1700,382,1712617788145,3.0,***,536.0
1700,383,1712617789826,76.0,"Back home, Stuart sits at the table with a drink of whiskey in front of him.",1681.0
1700,384,1712617791185,57.0,For a crazy instant I think something's happened to Dean.,1358.0
1700,385,1712617791761,14.0,"""Where is he?""",576.0
1700,386,1712617792203,6.0,I say.,442.0
1700,387,1712617792649,16.0,"""Where is Dean?""",446.0
1700,388,1712617793217,27.0,"""Outside,"" my husband says.",568.0
1700,389,1712617794801,34.0,He drains his glass and stands up.,1584.0
1700,390,1712617795977,40.0,"He says, ""I think I know what you need.""",1176.0
1700,391,1712617799137,138.0,He reaches an arm around my waist and with his other hand he begins to unbutton my jacket and then he goes on to the buttons of my blouse.,3160.0
1700,392,1712617799665,30.0,"""First things first,"" he says.",528.0
1700,393,1712617800257,23.0,He says something else.,592.0
1700,394,1712617800993,27.0,But I don't need to listen.,736.0
1700,395,1712617801945,46.0,I can't hear a thing with so much water going.,952.0
1700,396,1712617803344,3.0,***,1399.0
1630,137,1712620369179,3.0,***,7104.0
1630,138,1712620372036,37.0,My husband eats with a good appetite.,2856.0
1630,139,1712620374036,37.0,But I don't think he's really hungry.,1999.0
1630,140,1712620379063,69.0,"He chews, arms on the table, and stares at something across the room.",5027.0
1630,141,1712620380879,30.0,He looks at me and looks away.,1816.0
1630,142,1712620382521,33.0,He wipes his mouth on the napkin.,1642.0
1630,143,1712620383799,30.0,"He shrugs, and goes on eating.",1278.0
1630,144,1712620385534,42.0,"""What are you staring at me for?"" he says.",1735.0
1630,145,1712620387363,45.0,"""What is it?"" he says and lays down his fork.",1829.0
1630,146,1712620389051,42.0,"""Was I staring?"" I say, and shake my head.",1688.0
1630,147,1712620390167,20.0,The telephone rings.,1116.0
1630,148,1712620391520,27.0,"""Don't answer it,"" he says.",1353.0
1630,149,1712620392716,33.0,"""It might be your mother,"" I say.",1196.0
1630,150,1712620393897,25.0,"""Watch and see,"" he says.",1181.0
1630,151,1712620395021,34.0,I pick up the receiver and listen.,1124.0
1630,152,1712620396081,24.0,My husband stops eating.,1060.0
1630,153,1712620397788,46.0,"""What did I tell you?"" he says when I hang up.",1707.0
1630,154,1712620398907,23.0,He starts to eat again.,1119.0
1630,155,1712620400188,36.0,Then throws his napkin on his plate.,1281.0
1630,156,1712620402376,63.0,"He says, ""Goddamn it, why can't people mind their own business?",2188.0
1630,157,1712620404026,41.0,Tell me what I did wrong and I'll listen!,1650.0
1630,158,1712620406847,28.0,I wasn't the only man there.,2821.0
1630,159,1712620409541,37.0,We talked it over and we all decided.,2693.0
1630,160,1712620412119,29.0,We couldn't just turn around.,2578.0
1630,161,1712620414173,32.0,We were five miles from the car.,2054.0
1630,162,1712620416270,34.0,I won't have you passing judgment.,2096.0
1630,163,1712620417806,13.0,"Do you hear?""",1536.0
1630,164,1712620419495,18.0,"""You know,"" I say.",1689.0
1630,165,1712620421363,33.0,"He says, ""What do I know, Claire?",1868.0
1630,166,1712620423054,34.0,Tell me what I'm supposed to know.,1691.0
1630,167,1712620425492,40.0,"I don't know anything except one thing?""",2438.0
1630,168,1712620428129,48.0,He gives me what he thinks is a meaningful look.,2637.0
1630,169,1712620429953,24.0,"""She was dead,"" he says.",1824.0
1630,170,1712620432201,33.0,"""And I'm as sorry as anyone else.",2248.0
1630,171,1712620433828,18.0,"But she was dead.""",1627.0
1630,172,1712620435511,26.0,"""That's the point,"" I say.",1683.0
1630,173,1712620437545,20.0,He raises his hands.,2034.0
1630,174,1712620439177,40.0,He pushes his chair away from the table.,1632.0
1630,175,1712620443137,72.0,He takes out his cigarettes and goes out to the back with a can of beer.,3960.0
1630,176,1712620446104,64.0,I see him sit in the lawn chair and pick up the newspaper again.,2966.0
1630,177,1712620448278,39.0,His name is in there on the first page.,2174.0
1630,178,1712620450143,36.0,Along with the names of his friends.,1865.0
1630,179,1712620452525,40.0,I close my eyes and hold on to the sink.,2382.0
1630,180,1712620458953,74.0,Then I rake my arm across the drainboard and send the dishes to the floor.,6428.0
1630,181,1712620460118,16.0,He doesn't move.,1164.0
1630,182,1712620461452,18.0,I know he's heard.,1334.0
1630,183,1712620463801,40.0,He lifts his head as if still listening.,2349.0
1630,184,1712620465808,30.0,But he doesn't move otherwise.,2006.0
1630,185,1712620467168,23.0,He doesn't turn around.,1359.0
1630,186,1712620471637,3.0,***,4468.0
1630,187,1712620478684,88.0,"He and Gordon Johnson and Mel Dorn and Vern Williams, they play poker and bowl and fish.",7047.0
1630,188,1712620485758,85.0,They fish every spring and early summer before visiting relatives can get in the way.,7074.0
1630,189,1712620488250,65.0,"They are decent men, family men, men who take care of their jobs.",2492.0
1630,190,1712620490781,65.0,"They have sons and daughters who go to school with our son, Dean.",2531.0
1630,191,1712620493241,55.0,Last Friday these family men left for the Naches River.,2459.0
1630,192,1712620496077,76.0,They parked the car in the mountains and hiked to where they wanted to fish.,2835.0
1630,193,1712620499730,76.0,"They carried their bedrolls, their food, their playing cards, their whiskey.",3653.0
1630,194,1712620501645,42.0,They saw the girl before they set up camp.,1914.0
1630,195,1712620503385,19.0,Mel Dorn found her.,1740.0
1630,196,1712620505070,25.0,No clothes on her at all.,1684.0
1630,197,1712620507610,64.0,She was wedged into some branches that stuck out over the water.,2540.0
1630,198,1712620509176,43.0,He called the others and they came to look.,1566.0
1630,199,1712620510963,29.0,They talked about what to do.,1787.0
1630,200,1712620514534,82.0,One of the men - my Stuart didn't say which - said they should start back at once.,3571.0
1630,201,1712620519550,86.0,"The others stirred the sand with their shoes, said they didn't feel inclined that way.",5016.0
1630,202,1712620522950,82.0,"They pleaded fatigue, the late hour, the fact that the girl wasn't going anywhere.",3400.0
1630,203,1712620525261,47.0,In the end they went ahead and set up the camp.,2311.0
1630,204,1712620527016,42.0,They built a fire and drank their whiskey.,1755.0
1630,205,1712620529620,50.0,"When the moon came up, they talked about the girl.",2604.0
1630,206,1712620532109,59.0,Someone said they should -keep the body from drifting away.,2489.0
1630,207,1712620534027,55.0,They took their flashlights and went back to the river.,1917.0
1630,208,1712620537094,66.0,One of the men - it might have been Stuart - waded in and got her.,3067.0
1630,209,1712620539588,53.0,He took her by the fingers and pulled her into shore.,2494.0
1630,210,1712620542981,87.0,He got some nylon cord and tied it to her wrist and then looped the rest around a tree.,3393.0
1630,211,1712620546703,99.0,"The next morning they cooked breakfast, drank coffee, and drank whiskey, and then split up to fish.",3722.0
1630,212,1712620553804,182.0,"That night they cooked fish, cooked potatoes, drank coffee, drank whiskey, then took their cooking things and eating things back down to the river and washed them where the girl was.",7101.0
1630,213,1712620556474,32.0,They played some cards later on.,2670.0
1630,214,1712620558544,55.0,Maybe they played until they couldn't see them anymore.,2070.0
1630,215,1712620560348,28.0,Vern Williams went to sleep.,1804.0
1630,216,1712620561697,28.0,But the others told stories.,1349.0
1630,217,1712620567929,100.0,Gordon Johnson said the trout they'd caught were hard because of the terrible coldness of the water.,6232.0
1630,218,1712620573404,154.0,"The next morning they got up late, drank whiskey, fished a little, took down their tents, rolled their sleeping bags, gathered their stuff, and hiked out.",5475.0
1630,219,1712620574973,41.0,They drove until they got to a telephone.,1569.0
1630,220,1712620582277,86.0,It was Stuart who made the call while the others stood around in the sun and listened.,7304.0
1630,221,1712620584535,32.0,He gave the sheriff their names.,2258.0
1630,222,1712620585830,25.0,They had nothing to hide.,1295.0
1630,223,1712620586925,21.0,They weren't ashamed.,1095.0
1630,224,1712620590433,100.0,They said they'd wait until someone could come for better directions and take down their statements.,3508.0
1630,225,1712620592087,3.0,***,1654.0
1630,226,1712620593273,30.0,I was asleep when he got home.,1186.0
1630,227,1712620595811,46.0,But I woke up when I heard him in the kitchen.,2537.0
1630,228,1712620597678,64.0,I found him leaning against the refrigerator with a can of beer.,1867.0
1630,229,1712620601944,68.0,He put his heavy arms around me and rubbed his big hands on my back.,4266.0
1630,230,1712620607556,85.0,In bed he put his hands on me again and then waited as if thinking of something else.,5611.0
1630,231,1712620608984,28.0,I turned and opened my legs.,1428.0
1630,232,1712620612917,36.0,"Afterwards, I think he stayed awake.",3933.0
1630,233,1712620615037,53.0,He was up that morning before I could get out of bed.,2120.0
1630,234,1712620617190,54.0,"To see if there was something in the paper, I suppose.",2153.0
1630,235,1712620618796,46.0,The telephone began ringing right after eight.,1605.0
1630,236,1712620620195,13.0,"""Go to hell!""",1399.0
1630,237,1712620621340,18.0,I heard him shout.,1145.0
1630,238,1712620622438,31.0,The telephone rang right again.,1098.0
1630,239,1712620624140,59.0,"""I have nothing to add to what I already told the sheriff!""",1702.0
1630,240,1712620625149,29.0,He slammed the receiver down.,1009.0
1630,241,1712620626029,27.0,"""What is going on?"" I said.",880.0
1630,242,1712620628809,49.0,It was then that he told me what I just told you.,2779.0
1630,243,1712620629806,3.0,***,996.0
1630,244,1712620631319,44.0,I sweep up the broken dishes and go outside.,1513.0
1630,245,1712620635459,85.0,"He is lying on his back on the grass now, the newspaper and can of beer within reach.",4139.0
1630,246,1712620637267,41.0,"""Stuart, could we go for a drive?"" I say.",1808.0
1630,247,1712620638348,30.0,He rolls over and looks at me.,1081.0
1630,248,1712620639548,37.0,"""We'll pick up some beer,"" he says...",1200.0
1630,249,1712620642112,62.0,He gets to his feet and touches me on the hip as he goes past.,2564.0
1630,250,1712620643124,28.0,"""Give me a minute,"" he says.",1012.0
1630,251,1712620644378,39.0,We drive through town without speaking.,1254.0
1630,252,1712620645519,39.0,He stops at a roadside market for beer.,1141.0
1630,253,1712620648258,54.0,I notice a great stack of papers just inside the door.,2739.0
1630,254,1712620653164,89.0,On the top step a fat woman in a print dress holds out a licorice stick to a little girl.,4906.0
1630,255,1712620656168,66.0,"Later on, we cross Everson Creek and turn into the picnic grounds.",3004.0
1630,256,1712620659358,79.0,The creek runs under the bridge and into a large pond a few hundred yards away.,3190.0
1630,257,1712620660474,28.0,I can see the men out there.,1116.0
1630,258,1712620661747,33.0,I can see them out there fishing.,1273.0
1630,259,1712620662794,31.0,So much water so close to home.,1047.0
1630,260,1712620665827,43.0,"I say, ""Why did you have to go miles away?""",3033.0
1630,261,1712620666931,25.0,"""Don't rile me,"" he says.",1103.0
1630,262,1712620669075,29.0,We sit on a bench in the sun.,2144.0
1630,263,1712620670426,25.0,He opens us cans of beer.,1351.0
1630,264,1712620671496,25.0,"He says, ""Relax, Claire.""",1070.0
1630,265,1712620674903,30.0,"""They said they were innocent.",3406.0
1630,266,1712620677750,27.0,"They said they were crazy.""",2847.0
1630,267,1712620681585,15.0,"He says, ""Who?""",3835.0
1630,268,1712620684226,38.0,"He says, ""What are you talking about?""",2641.0
1630,269,1712620685646,21.0,"""The Maddox brothers.",1420.0
1630,270,1712620688749,54.0,They killed a girl named Arlene Hubly where I grew up.,3103.0
1630,271,1712620691612,60.0,They cut off her head and threw her into the Cle Elum River.,2863.0
1630,272,1712620692855,31.0,"It happened when I was a girl.""",1243.0
1630,273,1712620694431,40.0,"""You're going to get me riled,"" he says.",1575.0
1630,274,1712620695464,20.0,I look at the creek.,1033.0
1630,275,1712620703368,79.0,"I'm right in it, eyes open, face down, staring at the moss on the bottom, dead.",7904.0
1630,276,1712620706103,62.0,"""I don't know what's wrong with you,"" he says on the way home.",2735.0
1630,277,1712620708232,45.0,"""You're getting me more riled by the minute.""",2129.0
1630,278,1712620709353,34.0,There is nothing I can say to him.,1121.0
1630,279,1712620710843,36.0,He tries to concentrate on the road.,1490.0
1630,280,1712620712833,47.0,But he keeps looking into the rear-view mirror.,1990.0
1630,281,1712620713804,9.0,He knows.,971.0
1630,282,1712620714937,3.0,***,1133.0
1630,283,1712620717930,52.0,Stuart believes he is letting me sleep this morning.,2993.0
1630,284,1712620720483,47.0,But I was awake long before the alarm went off.,2552.0
1630,285,1712620726032,74.0,"I was thinking, lying on the far side of the bed away from his hairy legs.",5549.0
1630,286,1712620729422,78.0,"He gets Dean off for school, and then he shaves, dresses, and leaves for work.",3389.0
1630,287,1712620732886,40.0,Twice he looks in and clears his throat.,3464.0
1630,288,1712620734385,26.0,But I keep my eyes closed.,1499.0
1630,289,1712620735847,38.0,In the kitchen I find a note from him.,1462.0
1630,290,1712620736978,19.0,"It's signed ""Love.""",1131.0
1630,291,1712620740224,74.0,I sit in the breakfast nook and drink coffee and leave a ring on the note.,3246.0
1630,292,1712620745010,67.0,I look at the newspaper and turn it this way and that on the table.,4786.0
1630,293,1712620746448,43.0,Then I skid it close and read what it says.,1438.0
1630,294,1712620747830,38.0,"The body has been identified, claimed.",1382.0
1630,295,1712620753672,155.0,"But it took some examining it, some putting things into it, some cutting, some weighing, some measuring, some putting things back again and sewing them in.",5841.0
1630,296,1712620755486,57.0,I sit for a long time holding the newspaper and thinking.,1814.0
1630,297,1712620758585,51.0,Then I call up to get a chair at the hairdresser's.,3099.0
1630,298,1712620759544,3.0,***,959.0
1630,299,1712620762290,75.0,I sit under the dryer with a magazine on my lap and let Marnie do my nails.,2746.0
1630,300,1712620763920,42.0,"""I am going to a funeral tomorrow,"" I say.",1630.0
1630,301,1712620764855,38.0,"""I'm sorry to hear that,"" Marnie says.",935.0
1630,302,1712620765860,25.0,"""It was a murder,"" I say.",1005.0
1630,303,1712620766779,37.0,"""That's the worst kind,"" Marnie says.",919.0
1630,304,1712620768448,35.0,"""We weren't all that close,"" I say.",1669.0
1630,305,1712620769148,15.0,"""But you know?""",700.0
1630,306,1712620770749,45.0,"""We'll get you fixed up for it,"" Marnie says.",1601.0
1630,307,1712620774192,72.0,"That night I make my bed on the sofa, and in the morning I get up first.",3443.0
1630,308,1712620775809,50.0,I put on coffee and fix breakfast while he shaves.,1617.0
1630,309,1712620778984,76.0,"He appears in the kitchen doorway, towel over his bare shoulder, appraising.",3175.0
1630,310,1712620779921,23.0,"""Here's coffee,"" I say.",937.0
1630,311,1712620780997,31.0,"""Eggs'll be ready in a minute.”",1076.0
1630,312,1712620782630,37.0,"I wake Dean, and the three of us eat.",1632.0
1630,313,1712620786198,79.0,"Whenever Stuart looks at me, I ask Dean if he wants more milk, more toast, etc.",3568.0
1630,314,1712620789085,56.0,"""I'll call you today,"" Stuart says as he opens the door.",2887.0
1630,315,1712620791185,42.0,"I say, ""I don't think I'll be home today.""",2100.0
1630,316,1712620792108,21.0,"""All right,"" he says.",923.0
1630,317,1712620793051,7.0,"""Sure.""",943.0
1630,318,1712620793816,18.0,I dress carefully.,764.0
1630,319,1712620795412,48.0,I try on a hat and look at myself in the mirror.,1596.0
1630,320,1712620796457,28.0,I write out a note for Dean.,1045.0
1630,321,1712620799681,69.0,"Honey, Mommy has things to do this afternoon, but will be back later.",3224.0
1630,322,1712620802497,61.0,You stay in or be in the backyard until one of us comes home.,2816.0
1630,323,1712620803471,11.0,"Love, Mommy",974.0
1630,324,1712620805489,48.0,I look at the word Love and then I underline it.,2018.0
1630,325,1712620808255,29.0,Then I see the word backyard.,2766.0
1630,326,1712620810508,22.0,Is it one word or two?,2253.0
1630,327,1712620811587,3.0,***,1079.0
1630,328,1712620817465,121.0,"I drive through farm country, through fields of oats and sugar beets and past apple orchards, cattle grazing in pastures.",5878.0
1630,329,1712620828633,99.0,"Then everything changes, more like shacks than farmhouses and stands of timber instead of orchards.",11168.0
1630,330,1712620832379,78.0,"Then mountains, and on the right, far below, I sometimes see the Naches River.",3746.0
1630,331,1712620835924,64.0,A green pickup comes up behind me and stays behind me for miles.,3545.0
1630,332,1712620838975,55.0,"I keep slowing at the wrong times, hoping he will pass.",3051.0
1630,333,1712620840116,16.0,Then I speed up.,1141.0
1630,334,1712620842430,36.0,"But this is at the wrong times, too.",2314.0
1630,335,1712620844667,39.0,I grip the wheel until my fingers hurt.,2237.0
1630,336,1712620847146,37.0,On a long clear stretch he goes past.,2478.0
1630,337,1712620851226,73.0,"But he drives along beside for a bit, a crewcut man in a blue work shirt.",4080.0
1630,338,1712620853069,24.0,We look each other over.,1843.0
1630,339,1712620855301,53.0,"Then he waves, toots his horn, and pulls on up ahead.",2232.0
1630,340,1712620856657,29.0,I slow down and find a place.,1356.0
1630,341,1712620858398,35.0,I pull over and shut off the motor.,1740.0
1630,342,1712620860763,42.0,I can hear the river down below the trees.,2365.0
1630,343,1712620862469,35.0,Then I hear the pickup coming back.,1706.0
1630,344,1712620863600,41.0,I lock the doors and roll up the windows.,1131.0
1630,345,1712620864708,30.0,"""You all right?"" the man says.",1108.0
1630,346,1712620865644,21.0,He raps on the glass.,936.0
1630,347,1712620866525,11.0,"""You okay?""",881.0
1630,348,1712620869160,64.0,He leans his arms on the door and brings his face to the window.,2635.0
1630,349,1712620869997,15.0,I stare at him.,837.0
1630,350,1712620871348,30.0,I can't think what else to do.,1351.0
1630,351,1712620872323,34.0,"""Is everything all right in there?",975.0
1630,352,1712620873372,31.0,"How come you're all locked up?""",1049.0
1630,353,1712620874133,16.0,I shake my head.,761.0
1630,354,1712620874834,24.0,"""Roll down your window.""",701.0
1630,355,1712620876751,64.0,He shakes his head and looks at the highway and then back at me.,1917.0
1630,356,1712620877618,19.0,"""Roll it down now.""",865.0
1630,357,1712620879254,32.0,"""Please,"" I say, ""I have to go.""",1636.0
1630,358,1712620880469,50.0,"""Open the door,"" he says as if he isn't listening.",1215.0
1630,359,1712620882004,33.0,"""You're going to choke in there.""",1535.0
1630,360,1712620884324,32.0,"He looks at my breasts, my legs.",2320.0
1630,361,1712620886420,34.0,I can tell that's what he's doing.,2096.0
1630,362,1712620887680,22.0,"""Hey, sugar,"" he says.",1260.0
1630,363,1712620889362,31.0,"""I'm just here to help is all.""",1682.0
1630,364,1712620890285,3.0,***,923.0
1630,365,1712620893504,52.0,The casket is closed and covered with floral sprays.,3219.0
1630,366,1712620897474,45.0,The organ starts up the minute I take a seat.,3970.0
1630,367,1712620898813,40.0,People are coming in and finding chairs.,1339.0
1630,368,1712620902678,63.0,There's a boy in flared pants and a yellow short-sleeved shirt.,3865.0
1630,369,1712620909563,100.0,A door opens and the family comes in in a group and moves over to a curtained place off to one side.,6885.0
1630,370,1712620912331,39.0,Chairs creak as everybody gets settled.,2768.0
1630,371,1712620918056,83.0,"Directly, a nice blond man in a nice dark suit stands and asks us to bow our heads.",5725.0
1630,372,1712620921397,105.0,"He says a prayer for us, the living, and when he finishes, he says a prayer for the soul of the departed.",3341.0
1630,373,1712620924984,43.0,Along with the others I go past the casket.,3587.0
1630,374,1712620930170,66.0,Then I move out onto the front steps and into the afternoon light.,5186.0
1630,375,1712620933399,66.0,There's a woman who limps as she goes down the stairs ahead of me.,3229.0
1630,376,1712620935506,33.0,On the sidewalk she looks around.,2106.0
1630,377,1712620937297,31.0,"""Well, they got him,"" she says.",1791.0
1630,378,1712620938798,27.0,"""If that's any consolation.",1501.0
1630,379,1712620940127,31.0,They arrested him this morning.,1329.0
1630,380,1712620941501,38.0,I heard it on the radio before I come.,1374.0
1630,381,1712620942889,26.0,"A boy right here in town.""",1388.0
1630,382,1712620944973,42.0,We move a few steps down the hot sidewalk.,2084.0
1630,383,1712620946636,25.0,People are starting cars.,1663.0
1630,384,1712620948954,49.0,I put out my hand and hold on to a parking meter.,2318.0
1630,385,1712620950518,36.0,Polished hoods and polished fenders.,1564.0
1630,386,1712620951652,14.0,My head swims.,1134.0
1630,387,1712620954406,41.0,"I say, ""They have friends, these killers.",2754.0
1630,388,1712620955866,16.0,"You can't tell.""",1460.0
1630,389,1712620958786,70.0,"""I have known that child since she was a little girl,"" the woman says.",2920.0
1630,390,1712620961973,93.0,"""She used to come over and I'd bake cookies for her and let her eat them in front of the TV.""",3187.0
1630,391,1712620963218,3.0,***,1245.0
1630,392,1712620965199,76.0,"Back home, Stuart sits at the table with a drink of whiskey in front of him.",1980.0
1630,393,1712620968152,57.0,For a crazy instant I think something's happened to Dean.,2953.0
1630,394,1712620968882,14.0,"""Where is he?""",730.0
1630,395,1712620969680,6.0,I say.,798.0
1630,396,1712620970241,16.0,"""Where is Dean?""",561.0
1630,397,1712620970933,27.0,"""Outside,"" my husband says.",691.0
1630,398,1712620972331,34.0,He drains his glass and stands up.,1398.0
1630,399,1712620975022,40.0,"He says, ""I think I know what you need.""",2691.0
1630,400,1712620979986,138.0,He reaches an arm around my waist and with his other hand he begins to unbutton my jacket and then he goes on to the buttons of my blouse.,4964.0
1630,401,1712620981214,30.0,"""First things first,"" he says.",1228.0
1630,402,1712620982368,23.0,He says something else.,1154.0
1630,403,1712620983602,27.0,But I don't need to listen.,1234.0
1630,404,1712620985194,46.0,I can't hear a thing with so much water going.,1592.0
1630,405,1712620986078,3.0,***,884.0
1615,112,1712427945200,3.0,***,2241.0
1615,113,1712427946775,37.0,My husband eats with a good appetite.,1575.0
1615,114,1712427948846,37.0,But I don't think he's really hungry.,2070.0
1615,115,1712427951897,69.0,"He chews, arms on the table, and stares at something across the room.",3051.0
1615,116,1712427953610,30.0,He looks at me and looks away.,1713.0
1615,117,1712427955435,33.0,He wipes his mouth on the napkin.,1825.0
1615,118,1712427957154,30.0,"He shrugs, and goes on eating.",1718.0
1615,119,1712427959761,42.0,"""What are you staring at me for?"" he says.",2607.0
1615,120,1712427961744,45.0,"""What is it?"" he says and lays down his fork.",1983.0
1615,121,1712427963618,42.0,"""Was I staring?"" I say, and shake my head.",1874.0
1615,122,1712427965146,20.0,The telephone rings.,1528.0
1615,123,1712427966323,27.0,"""Don't answer it,"" he says.",1177.0
1615,124,1712427967502,33.0,"""It might be your mother,"" I say.",1179.0
1615,125,1712427968509,25.0,"""Watch and see,"" he says.",1007.0
1615,126,1712427969620,34.0,I pick up the receiver and listen.,1111.0
1615,127,1712427971130,24.0,My husband stops eating.,1510.0
1615,128,1712427972346,46.0,"""What did I tell you?"" he says when I hang up.",1216.0
1615,129,1712427973596,23.0,He starts to eat again.,1249.0
1615,130,1712427974848,36.0,Then throws his napkin on his plate.,1252.0
1615,131,1712427976705,63.0,"He says, ""Goddamn it, why can't people mind their own business?",1857.0
1615,132,1712427978382,41.0,Tell me what I did wrong and I'll listen!,1677.0
1615,133,1712427980309,28.0,I wasn't the only man there.,1927.0
1615,134,1712427982694,37.0,We talked it over and we all decided.,2384.0
1615,135,1712427984249,29.0,We couldn't just turn around.,1555.0
1615,136,1712427985682,32.0,We were five miles from the car.,1433.0
1615,137,1712427986911,34.0,I won't have you passing judgment.,1228.0
1615,138,1712427987800,13.0,"Do you hear?""",888.0
1615,139,1712427988726,18.0,"""You know,"" I say.",926.0
1615,140,1712427990517,33.0,"He says, ""What do I know, Claire?",1791.0
1615,141,1712427991761,34.0,Tell me what I'm supposed to know.,1243.0
1615,142,1712427993352,40.0,"I don't know anything except one thing?""",1591.0
1615,143,1712427995381,48.0,He gives me what he thinks is a meaningful look.,2029.0
1615,144,1712427996851,24.0,"""She was dead,"" he says.",1470.0
1615,145,1712427998143,33.0,"""And I'm as sorry as anyone else.",1291.0
1615,146,1712427998862,18.0,"But she was dead.""",719.0
1615,147,1712428000058,26.0,"""That's the point,"" I say.",1195.0
1615,148,1712428001298,20.0,He raises his hands.,1240.0
1615,149,1712428002597,40.0,He pushes his chair away from the table.,1299.0
1615,150,1712428005659,72.0,He takes out his cigarettes and goes out to the back with a can of beer.,3061.0
1615,151,1712428007657,64.0,I see him sit in the lawn chair and pick up the newspaper again.,1998.0
1615,152,1712428009378,39.0,His name is in there on the first page.,1721.0
1615,153,1712428010473,36.0,Along with the names of his friends.,1095.0
1615,154,1712428011979,40.0,I close my eyes and hold on to the sink.,1506.0
1615,155,1712428015905,74.0,Then I rake my arm across the drainboard and send the dishes to the floor.,3926.0
1615,156,1712428016959,16.0,He doesn't move.,1054.0
1615,157,1712428018361,18.0,I know he's heard.,1402.0
1615,158,1712428019927,40.0,He lifts his head as if still listening.,1566.0
1615,159,1712428021730,30.0,But he doesn't move otherwise.,1803.0
1615,160,1712428022756,23.0,He doesn't turn around.,1026.0
1615,161,1712428023730,3.0,***,974.0
1615,162,1712428028322,88.0,"He and Gordon Johnson and Mel Dorn and Vern Williams, they play poker and bowl and fish.",4591.0
1615,163,1712428032807,85.0,They fish every spring and early summer before visiting relatives can get in the way.,4485.0
1615,164,1712428035163,65.0,"They are decent men, family men, men who take care of their jobs.",2354.0
1615,165,1712428037402,65.0,"They have sons and daughters who go to school with our son, Dean.",2239.0
1615,166,1712428039951,55.0,Last Friday these family men left for the Naches River.,2548.0
1615,167,1712428042858,76.0,They parked the car in the mountains and hiked to where they wanted to fish.,2906.0
1615,168,1712428045419,76.0,"They carried their bedrolls, their food, their playing cards, their whiskey.",2561.0
1615,169,1712428047413,42.0,They saw the girl before they set up camp.,1994.0
1615,170,1712428048259,19.0,Mel Dorn found her.,846.0
1615,171,1712428049046,25.0,No clothes on her at all.,787.0
1615,172,1712428051262,64.0,She was wedged into some branches that stuck out over the water.,2216.0
1615,173,1712428052134,43.0,He called the others and they came to look.,872.0
1615,174,1712428052985,29.0,They talked about what to do.,851.0
1615,175,1712428057086,82.0,One of the men - my Stuart didn't say which - said they should start back at once.,4101.0
1615,176,1712428059898,86.0,"The others stirred the sand with their shoes, said they didn't feel inclined that way.",2811.0
1615,177,1712428062212,82.0,"They pleaded fatigue, the late hour, the fact that the girl wasn't going anywhere.",2314.0
1615,178,1712428063338,47.0,In the end they went ahead and set up the camp.,1125.0
1615,179,1712428064366,42.0,They built a fire and drank their whiskey.,1028.0
1615,180,1712428067338,50.0,"When the moon came up, they talked about the girl.",2972.0
1615,181,1712428069153,59.0,Someone said they should -keep the body from drifting away.,1815.0
1615,182,1712428070207,55.0,They took their flashlights and went back to the river.,1054.0
1615,183,1712428071562,66.0,One of the men - it might have been Stuart - waded in and got her.,1355.0
1615,184,1712428072580,53.0,He took her by the fingers and pulled her into shore.,1018.0
1615,185,1712428074552,87.0,He got some nylon cord and tied it to her wrist and then looped the rest around a tree.,1972.0
1615,186,1712428079335,99.0,"The next morning they cooked breakfast, drank coffee, and drank whiskey, and then split up to fish.",4782.0
1615,187,1712428086363,182.0,"That night they cooked fish, cooked potatoes, drank coffee, drank whiskey, then took their cooking things and eating things back down to the river and washed them where the girl was.",7028.0
1615,188,1712428087394,32.0,They played some cards later on.,1031.0
1615,189,1712428089394,55.0,Maybe they played until they couldn't see them anymore.,1999.0
1615,190,1712428090320,28.0,Vern Williams went to sleep.,926.0
1615,191,1712428091012,28.0,But the others told stories.,691.0
1615,192,1712428095868,100.0,Gordon Johnson said the trout they'd caught were hard because of the terrible coldness of the water.,4855.0
1615,193,1712428100732,154.0,"The next morning they got up late, drank whiskey, fished a little, took down their tents, rolled their sleeping bags, gathered their stuff, and hiked out.",4864.0
1615,194,1712428101817,41.0,They drove until they got to a telephone.,1085.0
1615,195,1712428104153,86.0,It was Stuart who made the call while the others stood around in the sun and listened.,2336.0
1615,196,1712428105540,32.0,He gave the sheriff their names.,1387.0
1615,197,1712428106369,25.0,They had nothing to hide.,829.0
1615,198,1712428107104,21.0,They weren't ashamed.,735.0
1615,199,1712428111479,100.0,They said they'd wait until someone could come for better directions and take down their statements.,4375.0
1615,200,1712428112087,3.0,***,607.0
1615,201,1712428112877,30.0,I was asleep when he got home.,790.0
1615,202,1712428114177,46.0,But I woke up when I heard him in the kitchen.,1300.0
1615,203,1712428115497,64.0,I found him leaning against the refrigerator with a can of beer.,1320.0
1615,204,1712428118006,68.0,He put his heavy arms around me and rubbed his big hands on my back.,2509.0
1615,205,1712428121046,85.0,In bed he put his hands on me again and then waited as if thinking of something else.,3040.0
1615,206,1712428122217,28.0,I turned and opened my legs.,1171.0
1615,207,1712428123214,36.0,"Afterwards, I think he stayed awake.",997.0
1615,208,1712428126282,53.0,He was up that morning before I could get out of bed.,3068.0
1615,209,1712428127973,54.0,"To see if there was something in the paper, I suppose.",1689.0
1615,210,1712428129636,46.0,The telephone began ringing right after eight.,1663.0
1615,211,1712428130196,13.0,"""Go to hell!""",560.0
1615,212,1712428130887,18.0,I heard him shout.,691.0
1615,213,1712428131733,31.0,The telephone rang right again.,846.0
1615,214,1712428133239,59.0,"""I have nothing to add to what I already told the sheriff!""",1506.0
1615,215,1712428133862,29.0,He slammed the receiver down.,622.0
1615,216,1712428134556,27.0,"""What is going on?"" I said.",693.0
1615,217,1712428136302,49.0,It was then that he told me what I just told you.,1746.0
1615,218,1712428136851,3.0,***,549.0
1615,219,1712428138061,44.0,I sweep up the broken dishes and go outside.,1210.0
1615,220,1712428140835,85.0,"He is lying on his back on the grass now, the newspaper and can of beer within reach.",2772.0
1615,221,1712428142375,41.0,"""Stuart, could we go for a drive?"" I say.",1540.0
1615,222,1712428143111,30.0,He rolls over and looks at me.,735.0
1615,223,1712428143970,37.0,"""We'll pick up some beer,"" he says...",859.0
1615,224,1712428147693,62.0,He gets to his feet and touches me on the hip as he goes past.,3723.0
1615,225,1712428148586,28.0,"""Give me a minute,"" he says.",893.0
1615,226,1712428149583,39.0,We drive through town without speaking.,997.0
1615,227,1712428150390,39.0,He stops at a roadside market for beer.,807.0
1615,228,1712428151771,54.0,I notice a great stack of papers just inside the door.,1380.0
1615,229,1712428155047,89.0,On the top step a fat woman in a print dress holds out a licorice stick to a little girl.,3276.0
1615,230,1712428158034,66.0,"Later on, we cross Everson Creek and turn into the picnic grounds.",2987.0
1615,231,1712428160604,79.0,The creek runs under the bridge and into a large pond a few hundred yards away.,2570.0
1615,232,1712428161401,28.0,I can see the men out there.,797.0
1615,233,1712428162261,33.0,I can see them out there fishing.,860.0
1615,234,1712428163856,31.0,So much water so close to home.,1595.0
1615,235,1712428165805,43.0,"I say, ""Why did you have to go miles away?""",1948.0
1615,236,1712428166731,25.0,"""Don't rile me,"" he says.",926.0
1615,237,1712428167681,29.0,We sit on a bench in the sun.,950.0
1615,238,1712428169397,25.0,He opens us cans of beer.,1716.0
1615,239,1712428170250,25.0,"He says, ""Relax, Claire.""",853.0
1615,240,1712428171380,30.0,"""They said they were innocent.",1130.0
1615,241,1712428172293,27.0,"They said they were crazy.""",913.0
1615,242,1712428174231,15.0,"He says, ""Who?""",1938.0
1615,243,1712428175157,38.0,"He says, ""What are you talking about?""",926.0
1615,244,1712428175873,21.0,"""The Maddox brothers.",715.0
1615,245,1712428177519,54.0,They killed a girl named Arlene Hubly where I grew up.,1646.0
1615,246,1712428179267,60.0,They cut off her head and threw her into the Cle Elum River.,1747.0
1615,247,1712428180248,31.0,"It happened when I was a girl.""",981.0
1615,248,1712428181214,40.0,"""You're going to get me riled,"" he says.",964.0
1615,249,1712428182062,20.0,I look at the creek.,847.0
1615,250,1712428187193,79.0,"I'm right in it, eyes open, face down, staring at the moss on the bottom, dead.",5131.0
1615,251,1712428188419,62.0,"""I don't know what's wrong with you,"" he says on the way home.",1226.0
1615,252,1712428189602,45.0,"""You're getting me more riled by the minute.""",1182.0
1615,253,1712428190597,34.0,There is nothing I can say to him.,995.0
1615,254,1712428192030,36.0,He tries to concentrate on the road.,1433.0
1615,255,1712428192986,47.0,But he keeps looking into the rear-view mirror.,956.0
1615,256,1712428195139,9.0,He knows.,2152.0
1615,257,1712428195678,3.0,***,539.0
1615,258,1712428198952,52.0,Stuart believes he is letting me sleep this morning.,3273.0
1615,259,1712428200741,47.0,But I was awake long before the alarm went off.,1789.0
1615,260,1712428204146,74.0,"I was thinking, lying on the far side of the bed away from his hairy legs.",3405.0
1615,261,1712428207088,78.0,"He gets Dean off for school, and then he shaves, dresses, and leaves for work.",2942.0
1615,262,1712428208370,40.0,Twice he looks in and clears his throat.,1282.0
1615,263,1712428209183,26.0,But I keep my eyes closed.,812.0
1615,264,1712428210192,38.0,In the kitchen I find a note from him.,1009.0
1615,265,1712428211211,19.0,"It's signed ""Love.""",1019.0
1615,266,1712428214765,74.0,I sit in the breakfast nook and drink coffee and leave a ring on the note.,3554.0
1615,267,1712428218775,67.0,I look at the newspaper and turn it this way and that on the table.,4010.0
1615,268,1712428221014,43.0,Then I skid it close and read what it says.,2237.0
1615,269,1712428222028,38.0,"The body has been identified, claimed.",1014.0
1615,270,1712428228101,155.0,"But it took some examining it, some putting things into it, some cutting, some weighing, some measuring, some putting things back again and sewing them in.",6073.0
1615,271,1712428229175,57.0,I sit for a long time holding the newspaper and thinking.,1074.0
1615,272,1712428231392,51.0,Then I call up to get a chair at the hairdresser's.,2217.0
1615,273,1712428232032,3.0,***,639.0
1615,274,1712428234848,75.0,I sit under the dryer with a magazine on my lap and let Marnie do my nails.,2815.0
1615,275,1712428236265,42.0,"""I am going to a funeral tomorrow,"" I say.",1417.0
1615,276,1712428237393,38.0,"""I'm sorry to hear that,"" Marnie says.",1128.0
1615,277,1712428238123,25.0,"""It was a murder,"" I say.",729.0
1615,278,1712428239102,37.0,"""That's the worst kind,"" Marnie says.",979.0
1615,279,1712428240109,35.0,"""We weren't all that close,"" I say.",1007.0
1615,280,1712428240680,15.0,"""But you know?""",571.0
1615,281,1712428242819,45.0,"""We'll get you fixed up for it,"" Marnie says.",2139.0
1615,282,1712428246326,72.0,"That night I make my bed on the sofa, and in the morning I get up first.",3507.0
1615,283,1712428249224,50.0,I put on coffee and fix breakfast while he shaves.,2898.0
1615,284,1712428251720,76.0,"He appears in the kitchen doorway, towel over his bare shoulder, appraising.",2495.0
1615,285,1712428252589,23.0,"""Here's coffee,"" I say.",868.0
1615,286,1712428253434,31.0,"""Eggs'll be ready in a minute.”",845.0
1615,287,1712428254860,37.0,"I wake Dean, and the three of us eat.",1426.0
1615,288,1712428257049,79.0,"Whenever Stuart looks at me, I ask Dean if he wants more milk, more toast, etc.",2189.0
1615,289,1712428258997,56.0,"""I'll call you today,"" Stuart says as he opens the door.",1948.0
1615,290,1712428260732,42.0,"I say, ""I don't think I'll be home today.""",1735.0
1615,291,1712428261443,21.0,"""All right,"" he says.",710.0
1615,292,1712428261932,7.0,"""Sure.""",489.0
1615,293,1712428262516,18.0,I dress carefully.,584.0
1615,294,1712428263641,48.0,I try on a hat and look at myself in the mirror.,1125.0
1615,295,1712428264297,28.0,I write out a note for Dean.,656.0
1615,296,1712428266844,69.0,"Honey, Mommy has things to do this afternoon, but will be back later.",2547.0
1615,297,1712428269417,61.0,You stay in or be in the backyard until one of us comes home.,2573.0
1615,298,1712428270199,11.0,"Love, Mommy",782.0
1615,299,1712428271228,48.0,I look at the word Love and then I underline it.,1029.0
1615,300,1712428275262,29.0,Then I see the word backyard.,4033.0
1615,301,1712428276618,22.0,Is it one word or two?,1356.0
1615,302,1712428277222,3.0,***,604.0
1615,303,1712428283552,121.0,"I drive through farm country, through fields of oats and sugar beets and past apple orchards, cattle grazing in pastures.",6330.0
1615,304,1712428287338,99.0,"Then everything changes, more like shacks than farmhouses and stands of timber instead of orchards.",3786.0
1615,305,1712428290742,78.0,"Then mountains, and on the right, far below, I sometimes see the Naches River.",3404.0
1615,306,1712428293665,64.0,A green pickup comes up behind me and stays behind me for miles.,2923.0
1615,307,1712428295203,55.0,"I keep slowing at the wrong times, hoping he will pass.",1538.0
1615,308,1712428295972,16.0,Then I speed up.,769.0
1615,309,1712428297100,36.0,"But this is at the wrong times, too.",1128.0
1615,310,1712428300267,39.0,I grip the wheel until my fingers hurt.,3167.0
1615,311,1712428302049,37.0,On a long clear stretch he goes past.,1782.0
1615,312,1712428305063,73.0,"But he drives along beside for a bit, a crewcut man in a blue work shirt.",3013.0
1615,313,1712428305728,24.0,We look each other over.,665.0
1615,314,1712428309291,53.0,"Then he waves, toots his horn, and pulls on up ahead.",3563.0
1615,315,1712428310237,29.0,I slow down and find a place.,946.0
1615,316,1712428311044,35.0,I pull over and shut off the motor.,807.0
1615,317,1712428314676,42.0,I can hear the river down below the trees.,3631.0
1615,318,1712428315646,35.0,Then I hear the pickup coming back.,970.0
1615,319,1712428317316,41.0,I lock the doors and roll up the windows.,1668.0
1615,320,1712428318095,30.0,"""You all right?"" the man says.",779.0
1615,321,1712428318818,21.0,He raps on the glass.,723.0
1615,322,1712428319382,11.0,"""You okay?""",564.0
1615,323,1712428321196,64.0,He leans his arms on the door and brings his face to the window.,1814.0
1615,324,1712428321856,15.0,I stare at him.,660.0
1615,325,1712428322998,30.0,I can't think what else to do.,1142.0
1615,326,1712428323880,34.0,"""Is everything all right in there?",882.0
1615,327,1712428324882,31.0,"How come you're all locked up?""",1001.0
1615,328,1712428325489,16.0,I shake my head.,607.0
1615,329,1712428326147,24.0,"""Roll down your window.""",658.0
1615,330,1712428327723,64.0,He shakes his head and looks at the highway and then back at me.,1576.0
1615,331,1712428328378,19.0,"""Roll it down now.""",655.0
1615,332,1712428329735,32.0,"""Please,"" I say, ""I have to go.""",1356.0
1615,333,1712428331034,50.0,"""Open the door,"" he says as if he isn't listening.",1297.0
1615,334,1712428332173,33.0,"""You're going to choke in there.""",1138.0
1615,335,1712428333067,32.0,"He looks at my breasts, my legs.",894.0
1615,336,1712428334056,34.0,I can tell that's what he's doing.,988.0
1615,337,1712428334708,22.0,"""Hey, sugar,"" he says.",652.0
1615,338,1712428335501,31.0,"""I'm just here to help is all.""",792.0
1615,339,1712428336034,3.0,***,532.0
1615,340,1712428343861,52.0,The casket is closed and covered with floral sprays.,7827.0
1615,341,1712428345772,45.0,The organ starts up the minute I take a seat.,1911.0
1615,342,1712428346969,40.0,People are coming in and finding chairs.,1196.0
1615,343,1712428349429,63.0,There's a boy in flared pants and a yellow short-sleeved shirt.,2460.0
1615,344,1712428352982,100.0,A door opens and the family comes in in a group and moves over to a curtained place off to one side.,3553.0
1615,345,1712428354315,39.0,Chairs creak as everybody gets settled.,1333.0
1615,346,1712428357425,83.0,"Directly, a nice blond man in a nice dark suit stands and asks us to bow our heads.",3110.0
1615,347,1712428361865,105.0,"He says a prayer for us, the living, and when he finishes, he says a prayer for the soul of the departed.",4439.0
1615,348,1712428365511,43.0,Along with the others I go past the casket.,3645.0
1615,349,1712428368614,66.0,Then I move out onto the front steps and into the afternoon light.,3102.0
1615,350,1712428370017,66.0,There's a woman who limps as she goes down the stairs ahead of me.,1402.0
1615,351,1712428370813,33.0,On the sidewalk she looks around.,796.0
1615,352,1712428371988,31.0,"""Well, they got him,"" she says.",1175.0
1615,353,1712428372892,27.0,"""If that's any consolation.",903.0
1615,354,1712428374638,31.0,They arrested him this morning.,1746.0
1615,355,1712428375490,38.0,I heard it on the radio before I come.,852.0
1615,356,1712428376563,26.0,"A boy right here in town.""",1073.0
1615,357,1712428379147,42.0,We move a few steps down the hot sidewalk.,2584.0
1615,358,1712428379834,25.0,People are starting cars.,687.0
1615,359,1712428382648,49.0,I put out my hand and hold on to a parking meter.,2814.0
1615,360,1712428384303,36.0,Polished hoods and polished fenders.,1654.0
1615,361,1712428385015,14.0,My head swims.,711.0
1615,362,1712428387503,41.0,"I say, ""They have friends, these killers.",2488.0
1615,363,1712428388317,16.0,"You can't tell.""",814.0
1615,364,1712428391033,70.0,"""I have known that child since she was a little girl,"" the woman says.",2715.0
1615,365,1712428393533,93.0,"""She used to come over and I'd bake cookies for her and let her eat them in front of the TV.""",2499.0
1615,366,1712428394128,3.0,***,595.0
1615,367,1712428396053,76.0,"Back home, Stuart sits at the table with a drink of whiskey in front of him.",1925.0
1615,368,1712428398290,57.0,For a crazy instant I think something's happened to Dean.,2237.0
1615,369,1712428398816,14.0,"""Where is he?""",525.0
1615,370,1712428399278,6.0,I say.,461.0
1615,371,1712428399816,16.0,"""Where is Dean?""",538.0
1615,372,1712428400475,27.0,"""Outside,"" my husband says.",659.0
1615,373,1712428401473,34.0,He drains his glass and stands up.,998.0
1615,374,1712428402995,40.0,"He says, ""I think I know what you need.""",1522.0
1615,375,1712428405741,138.0,He reaches an arm around my waist and with his other hand he begins to unbutton my jacket and then he goes on to the buttons of my blouse.,2746.0
1615,376,1712428406536,30.0,"""First things first,"" he says.",795.0
1615,377,1712428407010,23.0,He says something else.,474.0
1615,378,1712428407597,27.0,But I don't need to listen.,586.0
1615,379,1712428409828,46.0,I can't hear a thing with so much water going.,2231.0
1615,380,1712428410315,3.0,***,487.0
1722,92,1712589895612,3.0,***,3974.0
1722,93,1712589897957,37.0,My husband eats with a good appetite.,2344.0
1722,94,1712589899730,37.0,But I don't think he's really hungry.,1773.0
1722,95,1712589903496,69.0,"He chews, arms on the table, and stares at something across the room.",3766.0
1722,96,1712589905907,30.0,He looks at me and looks away.,2410.0
1722,97,1712589907915,33.0,He wipes his mouth on the napkin.,2008.0
1722,98,1712589909610,30.0,"He shrugs, and goes on eating.",1695.0
1722,99,1712589911294,42.0,"""What are you staring at me for?"" he says.",1684.0
1722,100,1712589913200,45.0,"""What is it?"" he says and lays down his fork.",1904.0
1722,101,1712589914889,42.0,"""Was I staring?"" I say, and shake my head.",1688.0
1722,102,1712589916002,20.0,The telephone rings.,1112.0
1722,103,1712589917221,27.0,"""Don't answer it,"" he says.",1218.0
1722,104,1712589918786,33.0,"""It might be your mother,"" I say.",1565.0
1722,105,1712589920055,25.0,"""Watch and see,"" he says.",1269.0
1722,106,1712589921351,34.0,I pick up the receiver and listen.,1295.0
1722,107,1712589922931,24.0,My husband stops eating.,1580.0
1722,108,1712589924697,46.0,"""What did I tell you?"" he says when I hang up.",1766.0
1722,109,1712589926083,23.0,He starts to eat again.,1385.0
1722,110,1712589927837,36.0,Then throws his napkin on his plate.,1754.0
1722,111,1712589930298,63.0,"He says, ""Goddamn it, why can't people mind their own business?",2461.0
1722,112,1712589932019,41.0,Tell me what I did wrong and I'll listen!,1720.0
1722,113,1712589934164,28.0,I wasn't the only man there.,2145.0
1722,114,1712589937321,37.0,We talked it over and we all decided.,3156.0
1722,115,1712589938515,29.0,We couldn't just turn around.,1194.0
1722,116,1712589939769,32.0,We were five miles from the car.,1254.0
1722,117,1712589941183,34.0,I won't have you passing judgment.,1414.0
1722,118,1712589942260,13.0,"Do you hear?""",1076.0
1722,119,1712589943770,18.0,"""You know,"" I say.",1509.0
1722,120,1712589948420,33.0,"He says, ""What do I know, Claire?",4650.0
1722,121,1712589949622,34.0,Tell me what I'm supposed to know.,1202.0
1722,122,1712589951335,40.0,"I don't know anything except one thing?""",1713.0
1722,123,1712589953075,48.0,He gives me what he thinks is a meaningful look.,1740.0
1722,124,1712589955069,24.0,"""She was dead,"" he says.",1993.0
1722,125,1712589956465,33.0,"""And I'm as sorry as anyone else.",1396.0
1722,126,1712589957371,18.0,"But she was dead.""",906.0
1722,127,1712589958532,26.0,"""That's the point,"" I say.",1161.0
1722,128,1712589959320,20.0,He raises his hands.,788.0
1722,129,1712589960441,40.0,He pushes his chair away from the table.,1121.0
1722,130,1712589963562,72.0,He takes out his cigarettes and goes out to the back with a can of beer.,3121.0
1722,131,1712589965699,64.0,I see him sit in the lawn chair and pick up the newspaper again.,2137.0
1722,132,1712589967302,39.0,His name is in there on the first page.,1603.0
1722,133,1712589968734,36.0,Along with the names of his friends.,1432.0
1722,134,1712589970077,40.0,I close my eyes and hold on to the sink.,1343.0
1722,135,1712589972357,74.0,Then I rake my arm across the drainboard and send the dishes to the floor.,2280.0
1722,136,1712589973224,16.0,He doesn't move.,867.0
1722,137,1712589974182,18.0,I know he's heard.,958.0
1722,138,1712589976090,40.0,He lifts his head as if still listening.,1908.0
1722,139,1712589977340,30.0,But he doesn't move otherwise.,1249.0
1722,140,1712589978351,23.0,He doesn't turn around.,1011.0
1722,141,1712589979486,3.0,***,1135.0
1722,142,1712589986395,88.0,"He and Gordon Johnson and Mel Dorn and Vern Williams, they play poker and bowl and fish.",6909.0
1722,143,1712589989715,85.0,They fish every spring and early summer before visiting relatives can get in the way.,3320.0
1722,144,1712589991611,65.0,"They are decent men, family men, men who take care of their jobs.",1895.0
1722,145,1712589993542,65.0,"They have sons and daughters who go to school with our son, Dean.",1931.0
1722,146,1712589995576,55.0,Last Friday these family men left for the Naches River.,2033.0
1722,147,1712589998101,76.0,They parked the car in the mountains and hiked to where they wanted to fish.,2525.0
1722,148,1712590000094,76.0,"They carried their bedrolls, their food, their playing cards, their whiskey.",1993.0
1722,149,1712590001669,42.0,They saw the girl before they set up camp.,1575.0
1722,150,1712590003095,19.0,Mel Dorn found her.,1425.0
1722,151,1712590004174,25.0,No clothes on her at all.,1079.0
1722,152,1712590006369,64.0,She was wedged into some branches that stuck out over the water.,2195.0
1722,153,1712590007560,43.0,He called the others and they came to look.,1190.0
1722,154,1712590008470,29.0,They talked about what to do.,910.0
1722,155,1712590015835,82.0,One of the men - my Stuart didn't say which - said they should start back at once.,7364.0
1722,156,1712590020676,86.0,"The others stirred the sand with their shoes, said they didn't feel inclined that way.",4840.0
1722,157,1712590023212,82.0,"They pleaded fatigue, the late hour, the fact that the girl wasn't going anywhere.",2536.0
1722,158,1712590024992,47.0,In the end they went ahead and set up the camp.,1779.0
1722,159,1712590026227,42.0,They built a fire and drank their whiskey.,1235.0
1722,160,1712590027649,50.0,"When the moon came up, they talked about the girl.",1422.0
1722,161,1712590029532,59.0,Someone said they should -keep the body from drifting away.,1883.0
1722,162,1712590031063,55.0,They took their flashlights and went back to the river.,1531.0
1722,163,1712590033064,66.0,One of the men - it might have been Stuart - waded in and got her.,2001.0
1722,164,1712590035364,53.0,He took her by the fingers and pulled her into shore.,2299.0
1722,165,1712590038057,87.0,He got some nylon cord and tied it to her wrist and then looped the rest around a tree.,2693.0
1722,166,1712590040987,99.0,"The next morning they cooked breakfast, drank coffee, and drank whiskey, and then split up to fish.",2930.0
1722,167,1712590047540,182.0,"That night they cooked fish, cooked potatoes, drank coffee, drank whiskey, then took their cooking things and eating things back down to the river and washed them where the girl was.",6553.0
1722,168,1712590048616,32.0,They played some cards later on.,1075.0
1722,169,1712590050129,55.0,Maybe they played until they couldn't see them anymore.,1512.0
1722,170,1712590051365,28.0,Vern Williams went to sleep.,1235.0
1722,171,1712590052446,28.0,But the others told stories.,1080.0
1722,172,1712590055313,100.0,Gordon Johnson said the trout they'd caught were hard because of the terrible coldness of the water.,2867.0
1722,173,1712590059990,154.0,"The next morning they got up late, drank whiskey, fished a little, took down their tents, rolled their sleeping bags, gathered their stuff, and hiked out.",4675.0
1722,174,1712590061224,41.0,They drove until they got to a telephone.,1234.0
1722,175,1712590063489,86.0,It was Stuart who made the call while the others stood around in the sun and listened.,2264.0
1722,176,1712590064628,32.0,He gave the sheriff their names.,1139.0
1722,177,1712590065512,25.0,They had nothing to hide.,883.0
1722,178,1712590066275,21.0,They weren't ashamed.,763.0
1722,179,1712590069585,100.0,They said they'd wait until someone could come for better directions and take down their statements.,3310.0
1722,180,1712590070392,3.0,***,806.0
1722,181,1712590071272,30.0,I was asleep when he got home.,880.0
1722,182,1712590072776,46.0,But I woke up when I heard him in the kitchen.,1504.0
1722,183,1712590074560,64.0,I found him leaning against the refrigerator with a can of beer.,1783.0
1722,184,1712590076923,68.0,He put his heavy arms around me and rubbed his big hands on my back.,2363.0
1722,185,1712590080531,85.0,In bed he put his hands on me again and then waited as if thinking of something else.,3608.0
1722,186,1712590081804,28.0,I turned and opened my legs.,1272.0
1722,187,1712590083235,36.0,"Afterwards, I think he stayed awake.",1431.0
1722,188,1712590085089,53.0,He was up that morning before I could get out of bed.,1853.0
1722,189,1712590086669,54.0,"To see if there was something in the paper, I suppose.",1579.0
1722,190,1712590088318,46.0,The telephone began ringing right after eight.,1649.0
1722,191,1712590089186,13.0,"""Go to hell!""",868.0
1722,192,1712590090008,18.0,I heard him shout.,822.0
1722,193,1712590090828,31.0,The telephone rang right again.,820.0
1722,194,1712590092417,59.0,"""I have nothing to add to what I already told the sheriff!""",1588.0
1722,195,1712590093150,29.0,He slammed the receiver down.,733.0
1722,196,1712590093980,27.0,"""What is going on?"" I said.",829.0
1722,197,1712590095630,49.0,It was then that he told me what I just told you.,1650.0
1722,198,1712590096265,3.0,***,635.0
1722,199,1712590097388,44.0,I sweep up the broken dishes and go outside.,1123.0
1722,200,1712590099262,85.0,"He is lying on his back on the grass now, the newspaper and can of beer within reach.",1874.0
1722,201,1712590100434,41.0,"""Stuart, could we go for a drive?"" I say.",1172.0
1722,202,1712590101216,30.0,He rolls over and looks at me.,782.0
1722,203,1712590102751,37.0,"""We'll pick up some beer,"" he says...",1535.0
1722,204,1712590104822,62.0,He gets to his feet and touches me on the hip as he goes past.,2070.0
1722,205,1712590105842,28.0,"""Give me a minute,"" he says.",1020.0
1722,206,1712590106811,39.0,We drive through town without speaking.,969.0
1722,207,1712590108021,39.0,He stops at a roadside market for beer.,1210.0
1722,208,1712590109789,54.0,I notice a great stack of papers just inside the door.,1767.0
1722,209,1712590113854,89.0,On the top step a fat woman in a print dress holds out a licorice stick to a little girl.,4065.0
1722,210,1712590116024,66.0,"Later on, we cross Everson Creek and turn into the picnic grounds.",2169.0
1722,211,1712590118816,79.0,The creek runs under the bridge and into a large pond a few hundred yards away.,2792.0
1722,212,1712590119898,28.0,I can see the men out there.,1082.0
1722,213,1712590120916,33.0,I can see them out there fishing.,1018.0
1722,214,1712590122149,31.0,So much water so close to home.,1233.0
1722,215,1712590123440,43.0,"I say, ""Why did you have to go miles away?""",1290.0
1722,216,1712590124345,25.0,"""Don't rile me,"" he says.",905.0
1722,217,1712590125388,29.0,We sit on a bench in the sun.,1043.0
1722,218,1712590126355,25.0,He opens us cans of beer.,967.0
1722,219,1712590127598,25.0,"He says, ""Relax, Claire.""",1243.0
1722,220,1712590129554,30.0,"""They said they were innocent.",1956.0
1722,221,1712590130807,27.0,"They said they were crazy.""",1252.0
1722,222,1712590132166,15.0,"He says, ""Who?""",1359.0
1722,223,1712590133545,38.0,"He says, ""What are you talking about?""",1378.0
1722,224,1712590135029,21.0,"""The Maddox brothers.",1484.0
1722,225,1712590137777,54.0,They killed a girl named Arlene Hubly where I grew up.,2748.0
1722,226,1712590139740,60.0,They cut off her head and threw her into the Cle Elum River.,1963.0
1722,227,1712590140924,31.0,"It happened when I was a girl.""",1184.0
1722,228,1712590142101,40.0,"""You're going to get me riled,"" he says.",1177.0
1722,229,1712590142937,20.0,I look at the creek.,836.0
1722,230,1712590146617,79.0,"I'm right in it, eyes open, face down, staring at the moss on the bottom, dead.",3680.0
1722,231,1712590148152,62.0,"""I don't know what's wrong with you,"" he says on the way home.",1535.0
1722,232,1712590149377,45.0,"""You're getting me more riled by the minute.""",1225.0
1722,233,1712590150404,34.0,There is nothing I can say to him.,1027.0
1722,234,1712590151220,36.0,He tries to concentrate on the road.,816.0
1722,235,1712590152369,47.0,But he keeps looking into the rear-view mirror.,1149.0
1722,236,1712590153015,9.0,He knows.,646.0
1722,237,1712590153677,3.0,***,662.0
1722,238,1712590155242,52.0,Stuart believes he is letting me sleep this morning.,1565.0
1722,239,1712590156659,47.0,But I was awake long before the alarm went off.,1416.0
1722,240,1712590159426,74.0,"I was thinking, lying on the far side of the bed away from his hairy legs.",2767.0
1722,241,1712590162240,78.0,"He gets Dean off for school, and then he shaves, dresses, and leaves for work.",2814.0
1722,242,1712590164062,40.0,Twice he looks in and clears his throat.,1822.0
1722,243,1712590164798,26.0,But I keep my eyes closed.,735.0
1722,244,1712590165853,38.0,In the kitchen I find a note from him.,1055.0
1722,245,1712590166892,19.0,"It's signed ""Love.""",1038.0
1722,246,1712590169365,74.0,I sit in the breakfast nook and drink coffee and leave a ring on the note.,2472.0
1722,247,1712590171626,67.0,I look at the newspaper and turn it this way and that on the table.,2261.0
1722,248,1712590174160,43.0,Then I skid it close and read what it says.,2534.0
1722,249,1712590175562,38.0,"The body has been identified, claimed.",1401.0
1722,250,1712590180909,155.0,"But it took some examining it, some putting things into it, some cutting, some weighing, some measuring, some putting things back again and sewing them in.",5347.0
1722,251,1712590182399,57.0,I sit for a long time holding the newspaper and thinking.,1490.0
1722,252,1712590185558,51.0,Then I call up to get a chair at the hairdresser's.,3159.0
1722,253,1712590186045,3.0,***,487.0
1722,254,1712590188232,75.0,I sit under the dryer with a magazine on my lap and let Marnie do my nails.,2187.0
1722,255,1712590189479,42.0,"""I am going to a funeral tomorrow,"" I say.",1247.0
1722,256,1712590190484,38.0,"""I'm sorry to hear that,"" Marnie says.",1005.0
1722,257,1712590191643,25.0,"""It was a murder,"" I say.",1158.0
1722,258,1712590192555,37.0,"""That's the worst kind,"" Marnie says.",912.0
1722,259,1712590193682,35.0,"""We weren't all that close,"" I say.",1127.0
1722,260,1712590194265,15.0,"""But you know?""",583.0
1722,261,1712590195849,45.0,"""We'll get you fixed up for it,"" Marnie says.",1584.0
1722,262,1712590197827,72.0,"That night I make my bed on the sofa, and in the morning I get up first.",1978.0
1722,263,1712590199117,50.0,I put on coffee and fix breakfast while he shaves.,1290.0
1722,264,1712590201062,76.0,"He appears in the kitchen doorway, towel over his bare shoulder, appraising.",1945.0
1722,265,1712590201964,23.0,"""Here's coffee,"" I say.",902.0
1722,266,1712590202817,31.0,"""Eggs'll be ready in a minute.”",853.0
1722,267,1712590203932,37.0,"I wake Dean, and the three of us eat.",1114.0
1722,268,1712590206896,79.0,"Whenever Stuart looks at me, I ask Dean if he wants more milk, more toast, etc.",2964.0
1722,269,1712590208541,56.0,"""I'll call you today,"" Stuart says as he opens the door.",1645.0
1722,270,1712590209623,42.0,"I say, ""I don't think I'll be home today.""",1081.0
1722,271,1712590210340,21.0,"""All right,"" he says.",717.0
1722,272,1712590210786,7.0,"""Sure.""",446.0
1722,273,1712590211388,18.0,I dress carefully.,602.0
1722,274,1712590213197,48.0,I try on a hat and look at myself in the mirror.,1809.0
1722,275,1712590214341,28.0,I write out a note for Dean.,1144.0
1722,276,1712590215989,69.0,"Honey, Mommy has things to do this afternoon, but will be back later.",1648.0
1722,277,1712590217817,61.0,You stay in or be in the backyard until one of us comes home.,1828.0
1722,278,1712590218353,11.0,"Love, Mommy",536.0
1722,279,1712590219669,48.0,I look at the word Love and then I underline it.,1316.0
1722,280,1712590220948,29.0,Then I see the word backyard.,1279.0
1722,281,1712590222291,22.0,Is it one word or two?,1343.0
1722,282,1712590222995,3.0,***,704.0
1722,283,1712590225908,121.0,"I drive through farm country, through fields of oats and sugar beets and past apple orchards, cattle grazing in pastures.",2913.0
1722,284,1712590228654,99.0,"Then everything changes, more like shacks than farmhouses and stands of timber instead of orchards.",2745.0
1722,285,1712590232619,78.0,"Then mountains, and on the right, far below, I sometimes see the Naches River.",3965.0
1722,286,1712590235241,64.0,A green pickup comes up behind me and stays behind me for miles.,2621.0
1722,287,1712590237079,55.0,"I keep slowing at the wrong times, hoping he will pass.",1837.0
1722,288,1712590237853,16.0,Then I speed up.,773.0
1722,289,1712590239046,36.0,"But this is at the wrong times, too.",1193.0
1722,290,1712590240364,39.0,I grip the wheel until my fingers hurt.,1318.0
1722,291,1712590243389,37.0,On a long clear stretch he goes past.,3025.0
1722,292,1712590247059,73.0,"But he drives along beside for a bit, a crewcut man in a blue work shirt.",3670.0
1722,293,1712590247860,24.0,We look each other over.,801.0
1722,294,1712590249677,53.0,"Then he waves, toots his horn, and pulls on up ahead.",1816.0
1722,295,1712590250700,29.0,I slow down and find a place.,1022.0
1722,296,1712590251700,35.0,I pull over and shut off the motor.,1000.0
1722,297,1712590253005,42.0,I can hear the river down below the trees.,1305.0
1722,298,1712590254623,35.0,Then I hear the pickup coming back.,1618.0
1722,299,1712590255869,41.0,I lock the doors and roll up the windows.,1246.0
1722,300,1712590256883,30.0,"""You all right?"" the man says.",1013.0
1722,301,1712590257742,21.0,He raps on the glass.,859.0
1722,302,1712590258363,11.0,"""You okay?""",620.0
1722,303,1712590260096,64.0,He leans his arms on the door and brings his face to the window.,1733.0
1722,304,1712590260762,15.0,I stare at him.,666.0
1722,305,1712590261621,30.0,I can't think what else to do.,859.0
1722,306,1712590262576,34.0,"""Is everything all right in there?",955.0
1722,307,1712590263754,31.0,"How come you're all locked up?""",1178.0
1722,308,1712590264509,16.0,I shake my head.,755.0
1722,309,1712590265500,24.0,"""Roll down your window.""",991.0
1722,310,1712590267502,64.0,He shakes his head and looks at the highway and then back at me.,2002.0
1722,311,1712590268716,19.0,"""Roll it down now.""",1213.0
1722,312,1712590269895,32.0,"""Please,"" I say, ""I have to go.""",1179.0
1722,313,1712590271889,50.0,"""Open the door,"" he says as if he isn't listening.",1994.0
1722,314,1712590273131,33.0,"""You're going to choke in there.""",1242.0
1722,315,1712590274343,32.0,"He looks at my breasts, my legs.",1212.0
1722,316,1712590277038,34.0,I can tell that's what he's doing.,2695.0
1722,317,1712590278619,22.0,"""Hey, sugar,"" he says.",1581.0
1722,318,1712590279703,31.0,"""I'm just here to help is all.""",1083.0
1722,319,1712590280408,3.0,***,705.0
1722,320,1712590282168,52.0,The casket is closed and covered with floral sprays.,1760.0
1722,321,1712590284158,45.0,The organ starts up the minute I take a seat.,1990.0
1722,322,1712590285548,40.0,People are coming in and finding chairs.,1389.0
1722,323,1712590287460,63.0,There's a boy in flared pants and a yellow short-sleeved shirt.,1912.0
1722,324,1712590290094,100.0,A door opens and the family comes in in a group and moves over to a curtained place off to one side.,2634.0
1722,325,1712590292738,39.0,Chairs creak as everybody gets settled.,2644.0
1722,326,1712590295425,83.0,"Directly, a nice blond man in a nice dark suit stands and asks us to bow our heads.",2687.0
1722,327,1712590298279,105.0,"He says a prayer for us, the living, and when he finishes, he says a prayer for the soul of the departed.",2854.0
1722,328,1712590299564,43.0,Along with the others I go past the casket.,1284.0
1722,329,1712590301121,66.0,Then I move out onto the front steps and into the afternoon light.,1557.0
1722,330,1712590302854,66.0,There's a woman who limps as she goes down the stairs ahead of me.,1733.0
1722,331,1712590303935,33.0,On the sidewalk she looks around.,1080.0
1722,332,1712590305521,31.0,"""Well, they got him,"" she says.",1586.0
1722,333,1712590307041,27.0,"""If that's any consolation.",1519.0
1722,334,1712590308110,31.0,They arrested him this morning.,1069.0
1722,335,1712590309271,38.0,I heard it on the radio before I come.,1161.0
1722,336,1712590310543,26.0,"A boy right here in town.""",1272.0
1722,337,1712590312017,42.0,We move a few steps down the hot sidewalk.,1474.0
1722,338,1712590312865,25.0,People are starting cars.,848.0
1722,339,1712590314332,49.0,I put out my hand and hold on to a parking meter.,1467.0
1722,340,1712590315498,36.0,Polished hoods and polished fenders.,1166.0
1722,341,1712590316231,14.0,My head swims.,733.0
1722,342,1712590319013,41.0,"I say, ""They have friends, these killers.",2782.0
1722,343,1712590320068,16.0,"You can't tell.""",1055.0
1722,344,1712590322325,70.0,"""I have known that child since she was a little girl,"" the woman says.",2257.0
1722,345,1712590324640,93.0,"""She used to come over and I'd bake cookies for her and let her eat them in front of the TV.""",2315.0
1722,346,1712590325248,3.0,***,608.0
1722,347,1712590327028,76.0,"Back home, Stuart sits at the table with a drink of whiskey in front of him.",1780.0
1722,348,1712590328465,57.0,For a crazy instant I think something's happened to Dean.,1437.0
1722,349,1712590329081,14.0,"""Where is he?""",616.0
1722,350,1712590329520,6.0,I say.,438.0
1722,351,1712590330018,16.0,"""Where is Dean?""",497.0
1722,352,1712590330745,27.0,"""Outside,"" my husband says.",727.0
1722,353,1712590331748,34.0,He drains his glass and stands up.,1003.0
1722,354,1712590333135,40.0,"He says, ""I think I know what you need.""",1386.0
1722,355,1712590336656,138.0,He reaches an arm around my waist and with his other hand he begins to unbutton my jacket and then he goes on to the buttons of my blouse.,3521.0
1722,356,1712590337621,30.0,"""First things first,"" he says.",965.0
1722,357,1712590338596,23.0,He says something else.,975.0
1722,358,1712590339347,27.0,But I don't need to listen.,751.0
1722,359,1712590340696,46.0,I can't hear a thing with so much water going.,1349.0
1722,360,1712590341421,3.0,***,725.0
1723,78,1712619441827,3.0,***,3142.0
1723,79,1712619445838,37.0,My husband eats with a good appetite.,4011.0
1723,80,1712619448763,37.0,But I don't think he's really hungry.,2925.0
1723,81,1712619453183,69.0,"He chews, arms on the table, and stares at something across the room.",4420.0
1723,82,1712619457193,30.0,He looks at me and looks away.,4010.0
1723,83,1712619460097,33.0,He wipes his mouth on the napkin.,2904.0
1723,84,1712619463106,30.0,"He shrugs, and goes on eating.",3008.0
1723,85,1712619466560,42.0,"""What are you staring at me for?"" he says.",3454.0
1723,86,1712619469509,45.0,"""What is it?"" he says and lays down his fork.",2949.0
1723,87,1712619472509,42.0,"""Was I staring?"" I say, and shake my head.",3000.0
1723,88,1712619474927,20.0,The telephone rings.,2418.0
1723,89,1712619476874,27.0,"""Don't answer it,"" he says.",1947.0
1723,90,1712619480580,33.0,"""It might be your mother,"" I say.",3706.0
1723,91,1712619483929,25.0,"""Watch and see,"" he says.",3349.0
1723,92,1712619487395,34.0,I pick up the receiver and listen.,3466.0
1723,93,1712619490273,24.0,My husband stops eating.,2878.0
1723,94,1712619494134,46.0,"""What did I tell you?"" he says when I hang up.",3860.0
1723,95,1712619496255,23.0,He starts to eat again.,2121.0
1723,96,1712619499296,36.0,Then throws his napkin on his plate.,3041.0
1723,97,1712619502916,63.0,"He says, ""Goddamn it, why can't people mind their own business?",3620.0
1723,98,1712619507165,41.0,Tell me what I did wrong and I'll listen!,4249.0
1723,99,1712619511258,28.0,I wasn't the only man there.,4092.0
1723,100,1712619514417,37.0,We talked it over and we all decided.,3159.0
1723,101,1712619516865,29.0,We couldn't just turn around.,2448.0
1723,102,1712619521396,32.0,We were five miles from the car.,4531.0
1723,103,1712619524212,34.0,I won't have you passing judgment.,2816.0
1723,104,1712619527195,13.0,"Do you hear?""",2983.0
1723,105,1712619529195,18.0,"""You know,"" I say.",2000.0
1723,106,1712619532314,33.0,"He says, ""What do I know, Claire?",3119.0
1723,107,1712619534548,34.0,Tell me what I'm supposed to know.,2234.0
1723,108,1712619537118,40.0,"I don't know anything except one thing?""",2570.0
1723,109,1712619541045,48.0,He gives me what he thinks is a meaningful look.,3927.0
1723,110,1712619544404,24.0,"""She was dead,"" he says.",3359.0
1723,111,1712619546957,33.0,"""And I'm as sorry as anyone else.",2553.0
1723,112,1712619549690,18.0,"But she was dead.""",2733.0
1723,113,1712619551943,26.0,"""That's the point,"" I say.",2253.0
1723,114,1712619554586,20.0,He raises his hands.,2643.0
1723,115,1712619557023,40.0,He pushes his chair away from the table.,2437.0
1723,116,1712619561049,72.0,He takes out his cigarettes and goes out to the back with a can of beer.,4026.0
1723,117,1712619568169,64.0,I see him sit in the lawn chair and pick up the newspaper again.,7120.0
1723,118,1712619570756,39.0,His name is in there on the first page.,2587.0
1723,119,1712619572862,36.0,Along with the names of his friends.,2106.0
1723,120,1712619576138,40.0,I close my eyes and hold on to the sink.,3276.0
1723,121,1712619582996,74.0,Then I rake my arm across the drainboard and send the dishes to the floor.,6858.0
1723,122,1712619585776,16.0,He doesn't move.,2780.0
1723,123,1712619588512,18.0,I know he's heard.,2736.0
1723,124,1712619593407,40.0,He lifts his head as if still listening.,4895.0
1723,125,1712619596240,30.0,But he doesn't move otherwise.,2833.0
1723,126,1712619598623,23.0,He doesn't turn around.,2383.0
1723,127,1712619600934,3.0,***,2311.0
1723,128,1712619607434,88.0,"He and Gordon Johnson and Mel Dorn and Vern Williams, they play poker and bowl and fish.",6500.0
1723,129,1712619615629,85.0,They fish every spring and early summer before visiting relatives can get in the way.,8195.0
1723,130,1712619620161,65.0,"They are decent men, family men, men who take care of their jobs.",4532.0
1723,131,1712619629115,65.0,"They have sons and daughters who go to school with our son, Dean.",8954.0
1723,132,1712619636088,55.0,Last Friday these family men left for the Naches River.,6973.0
1723,133,1712619644165,76.0,They parked the car in the mountains and hiked to where they wanted to fish.,8077.0
1723,134,1712619652892,76.0,"They carried their bedrolls, their food, their playing cards, their whiskey.",8727.0
1723,135,1712619662429,42.0,They saw the girl before they set up camp.,9537.0
1723,136,1712619664982,19.0,Mel Dorn found her.,2553.0
1723,137,1712619667858,25.0,No clothes on her at all.,2876.0
1723,138,1712619671813,64.0,She was wedged into some branches that stuck out over the water.,3955.0
1723,139,1712619674301,43.0,He called the others and they came to look.,2488.0
1723,140,1712619679768,29.0,They talked about what to do.,5467.0
1723,141,1712619688996,82.0,One of the men - my Stuart didn't say which - said they should start back at once.,9228.0
1723,142,1712619693359,86.0,"The others stirred the sand with their shoes, said they didn't feel inclined that way.",4362.0
1723,143,1712619696970,82.0,"They pleaded fatigue, the late hour, the fact that the girl wasn't going anywhere.",3611.0
1723,144,1712619699526,47.0,In the end they went ahead and set up the camp.,2556.0
1723,145,1712619704055,42.0,They built a fire and drank their whiskey.,4529.0
1723,146,1712619707927,50.0,"When the moon came up, they talked about the girl.",3872.0
1723,147,1712619710663,59.0,Someone said they should -keep the body from drifting away.,2736.0
1723,148,1712619716238,55.0,They took their flashlights and went back to the river.,5575.0
1723,149,1712619722755,66.0,One of the men - it might have been Stuart - waded in and got her.,6516.0
1723,150,1712619725711,53.0,He took her by the fingers and pulled her into shore.,2956.0
1723,151,1712619730408,87.0,He got some nylon cord and tied it to her wrist and then looped the rest around a tree.,4697.0
1723,152,1712619734234,99.0,"The next morning they cooked breakfast, drank coffee, and drank whiskey, and then split up to fish.",3826.0
1723,153,1712619748120,182.0,"That night they cooked fish, cooked potatoes, drank coffee, drank whiskey, then took their cooking things and eating things back down to the river and washed them where the girl was.",13886.0
1723,154,1712619749874,32.0,They played some cards later on.,1754.0
1723,155,1712619754182,55.0,Maybe they played until they couldn't see them anymore.,4308.0
1723,156,1712619756324,28.0,Vern Williams went to sleep.,2142.0
1723,157,1712619758969,28.0,But the others told stories.,2645.0
1723,158,1712619764189,100.0,Gordon Johnson said the trout they'd caught were hard because of the terrible coldness of the water.,5220.0
1723,159,1712619774911,154.0,"The next morning they got up late, drank whiskey, fished a little, took down their tents, rolled their sleeping bags, gathered their stuff, and hiked out.",10722.0
1723,160,1712619778619,41.0,They drove until they got to a telephone.,3708.0
1723,161,1712619783261,86.0,It was Stuart who made the call while the others stood around in the sun and listened.,4642.0
1723,162,1712619785532,32.0,He gave the sheriff their names.,2271.0
1723,163,1712619787190,25.0,They had nothing to hide.,1658.0
1723,164,1712619788235,21.0,They weren't ashamed.,1045.0
1723,165,1712619794396,100.0,They said they'd wait until someone could come for better directions and take down their statements.,6161.0
1723,166,1712619796736,3.0,***,2340.0
1723,167,1712619798993,30.0,I was asleep when he got home.,2257.0
1723,168,1712619801991,46.0,But I woke up when I heard him in the kitchen.,2998.0
1723,169,1712619808826,64.0,I found him leaning against the refrigerator with a can of beer.,6835.0
1723,170,1712619818389,68.0,He put his heavy arms around me and rubbed his big hands on my back.,9563.0
1723,171,1712619828221,85.0,In bed he put his hands on me again and then waited as if thinking of something else.,9832.0
1723,172,1712619831440,28.0,I turned and opened my legs.,3219.0
1723,173,1712619833792,36.0,"Afterwards, I think he stayed awake.",2352.0
1723,174,1712619842529,53.0,He was up that morning before I could get out of bed.,8737.0
1723,175,1712619847926,54.0,"To see if there was something in the paper, I suppose.",5396.0
1723,176,1712619850335,46.0,The telephone began ringing right after eight.,2409.0
1723,177,1712619853855,13.0,"""Go to hell!""",3520.0
1723,178,1712619856011,18.0,I heard him shout.,2156.0
1723,179,1712619858217,31.0,The telephone rang right again.,2206.0
1723,180,1712619860996,59.0,"""I have nothing to add to what I already told the sheriff!""",2779.0
1723,181,1712619862231,29.0,He slammed the receiver down.,1234.0
1723,182,1712619864424,27.0,"""What is going on?"" I said.",2193.0
1723,183,1712619867405,49.0,It was then that he told me what I just told you.,2981.0
1723,184,1712619868717,3.0,***,1312.0
1723,185,1712619871000,44.0,I sweep up the broken dishes and go outside.,2283.0
1723,186,1712619882119,85.0,"He is lying on his back on the grass now, the newspaper and can of beer within reach.",11119.0
1723,187,1712619884745,41.0,"""Stuart, could we go for a drive?"" I say.",2626.0
1723,188,1712619887346,30.0,He rolls over and looks at me.,2601.0
1723,189,1712619889665,37.0,"""We'll pick up some beer,"" he says...",2319.0
1723,190,1712619894091,62.0,He gets to his feet and touches me on the hip as he goes past.,4426.0
1723,191,1712619896840,28.0,"""Give me a minute,"" he says.",2749.0
1723,192,1712619899659,39.0,We drive through town without speaking.,2819.0
1723,193,1712619902078,39.0,He stops at a roadside market for beer.,2419.0
1723,194,1712619910067,54.0,I notice a great stack of papers just inside the door.,7989.0
1723,195,1712619917854,89.0,On the top step a fat woman in a print dress holds out a licorice stick to a little girl.,7787.0
1723,196,1712619924591,66.0,"Later on, we cross Everson Creek and turn into the picnic grounds.",6737.0
1723,197,1712619930212,79.0,The creek runs under the bridge and into a large pond a few hundred yards away.,5621.0
1723,198,1712619933016,28.0,I can see the men out there.,2804.0
1723,199,1712619935278,33.0,I can see them out there fishing.,2262.0
1723,200,1712619938836,31.0,So much water so close to home.,3558.0
1723,201,1712619942094,43.0,"I say, ""Why did you have to go miles away?""",3257.0
1723,202,1712619943933,25.0,"""Don't rile me,"" he says.",1839.0
1723,203,1712619946862,29.0,We sit on a bench in the sun.,2928.0
1723,204,1712619949936,25.0,He opens us cans of beer.,3074.0
1723,205,1712619955493,25.0,"He says, ""Relax, Claire.""",5557.0
1723,206,1712619960100,30.0,"""They said they were innocent.",4607.0
1723,207,1712619966139,27.0,"They said they were crazy.""",6039.0
1723,208,1712619968965,15.0,"He says, ""Who?""",2826.0
1723,209,1712619970652,38.0,"He says, ""What are you talking about?""",1687.0
1723,210,1712619972643,21.0,"""The Maddox brothers.",1991.0
1723,211,1712619978395,54.0,They killed a girl named Arlene Hubly where I grew up.,5752.0
1723,212,1712619982395,60.0,They cut off her head and threw her into the Cle Elum River.,4000.0
1723,213,1712619984502,31.0,"It happened when I was a girl.""",2106.0
1723,214,1712619986752,40.0,"""You're going to get me riled,"" he says.",2250.0
1723,215,1712619988978,20.0,I look at the creek.,2226.0
1723,216,1712619995924,79.0,"I'm right in it, eyes open, face down, staring at the moss on the bottom, dead.",6946.0
1723,217,1712619998861,62.0,"""I don't know what's wrong with you,"" he says on the way home.",2937.0
1723,218,1712620000831,45.0,"""You're getting me more riled by the minute.""",1970.0
1723,219,1712620003522,34.0,There is nothing I can say to him.,2691.0
1723,220,1712620005952,36.0,He tries to concentrate on the road.,2430.0
1723,221,1712620008405,47.0,But he keeps looking into the rear-view mirror.,2453.0
1723,222,1712620010897,9.0,He knows.,2491.0
1723,223,1712620012187,3.0,***,1290.0
1723,224,1712620017698,52.0,Stuart believes he is letting me sleep this morning.,5511.0
1723,225,1712620019508,47.0,But I was awake long before the alarm went off.,1810.0
1723,226,1712620023316,74.0,"I was thinking, lying on the far side of the bed away from his hairy legs.",3808.0
1723,227,1712620026838,78.0,"He gets Dean off for school, and then he shaves, dresses, and leaves for work.",3522.0
1723,228,1712620029486,40.0,Twice he looks in and clears his throat.,2648.0
1723,229,1712620033503,26.0,But I keep my eyes closed.,4017.0
1723,230,1712620035468,38.0,In the kitchen I find a note from him.,1965.0
1723,231,1712620037757,19.0,"It's signed ""Love.""",2289.0
1723,232,1712620043024,74.0,I sit in the breakfast nook and drink coffee and leave a ring on the note.,5267.0
1723,233,1712620046471,67.0,I look at the newspaper and turn it this way and that on the table.,3447.0
1723,234,1712620049099,43.0,Then I skid it close and read what it says.,2627.0
1723,235,1712620051568,38.0,"The body has been identified, claimed.",2469.0
1723,236,1712620059289,155.0,"But it took some examining it, some putting things into it, some cutting, some weighing, some measuring, some putting things back again and sewing them in.",7721.0
1723,237,1712620061324,57.0,I sit for a long time holding the newspaper and thinking.,2035.0
1723,238,1712620065081,51.0,Then I call up to get a chair at the hairdresser's.,3757.0
1723,239,1712620066326,3.0,***,1245.0
1723,240,1712620070409,75.0,I sit under the dryer with a magazine on my lap and let Marnie do my nails.,4083.0
1723,241,1712620073749,42.0,"""I am going to a funeral tomorrow,"" I say.",3340.0
1723,242,1712620076212,38.0,"""I'm sorry to hear that,"" Marnie says.",2463.0
1723,243,1712620078496,25.0,"""It was a murder,"" I say.",2284.0
1723,244,1712620080359,37.0,"""That's the worst kind,"" Marnie says.",1863.0
1723,245,1712620082044,35.0,"""We weren't all that close,"" I say.",1685.0
1723,246,1712620086062,15.0,"""But you know?""",4018.0
1723,247,1712620088655,45.0,"""We'll get you fixed up for it,"" Marnie says.",2593.0
1723,248,1712620095819,72.0,"That night I make my bed on the sofa, and in the morning I get up first.",7164.0
1723,249,1712620098636,50.0,I put on coffee and fix breakfast while he shaves.,2817.0
1723,250,1712620101421,76.0,"He appears in the kitchen doorway, towel over his bare shoulder, appraising.",2785.0
1723,251,1712620103326,23.0,"""Here's coffee,"" I say.",1905.0
1723,252,1712620108024,31.0,"""Eggs'll be ready in a minute.”",4698.0
1723,253,1712620110102,37.0,"I wake Dean, and the three of us eat.",2078.0
1723,254,1712620114553,79.0,"Whenever Stuart looks at me, I ask Dean if he wants more milk, more toast, etc.",4451.0
1723,255,1712620121104,56.0,"""I'll call you today,"" Stuart says as he opens the door.",6551.0
1723,256,1712620124850,42.0,"I say, ""I don't think I'll be home today.""",3745.0
1723,257,1712620126580,21.0,"""All right,"" he says.",1730.0
1723,258,1712620128475,7.0,"""Sure.""",1895.0
1723,259,1712620130100,18.0,I dress carefully.,1624.0
1723,260,1712620132091,48.0,I try on a hat and look at myself in the mirror.,1991.0
1723,261,1712620135247,28.0,I write out a note for Dean.,3155.0
1723,262,1712620141005,69.0,"Honey, Mommy has things to do this afternoon, but will be back later.",5758.0
1723,263,1712620144447,61.0,You stay in or be in the backyard until one of us comes home.,3442.0
1723,264,1712620146175,11.0,"Love, Mommy",1728.0
1723,265,1712620148416,48.0,I look at the word Love and then I underline it.,2241.0
1723,266,1712620151206,29.0,Then I see the word backyard.,2790.0
1723,267,1712620153053,22.0,Is it one word or two?,1847.0
1723,268,1712620154469,3.0,***,1416.0
1723,269,1712620159106,121.0,"I drive through farm country, through fields of oats and sugar beets and past apple orchards, cattle grazing in pastures.",4637.0
1723,270,1712620164588,99.0,"Then everything changes, more like shacks than farmhouses and stands of timber instead of orchards.",5482.0
1723,271,1712620169809,78.0,"Then mountains, and on the right, far below, I sometimes see the Naches River.",5221.0
1723,272,1712620173005,64.0,A green pickup comes up behind me and stays behind me for miles.,3195.0
1723,273,1712620177372,55.0,"I keep slowing at the wrong times, hoping he will pass.",4367.0
1723,274,1712620178725,16.0,Then I speed up.,1353.0
1723,275,1712620182401,36.0,"But this is at the wrong times, too.",3676.0
1723,276,1712620184802,39.0,I grip the wheel until my fingers hurt.,2401.0
1723,277,1712620187244,37.0,On a long clear stretch he goes past.,2442.0
1723,278,1712620190540,73.0,"But he drives along beside for a bit, a crewcut man in a blue work shirt.",3296.0
1723,279,1712620192599,24.0,We look each other over.,2058.0
1723,280,1712620194986,53.0,"Then he waves, toots his horn, and pulls on up ahead.",2387.0
1723,281,1712620196705,29.0,I slow down and find a place.,1719.0
1723,282,1712620198791,35.0,I pull over and shut off the motor.,2086.0
1723,283,1712620201917,42.0,I can hear the river down below the trees.,3126.0
1723,284,1712620204273,35.0,Then I hear the pickup coming back.,2356.0
1723,285,1712620206312,41.0,I lock the doors and roll up the windows.,2039.0
1723,286,1712620208072,30.0,"""You all right?"" the man says.",1760.0
1723,287,1712620209713,21.0,He raps on the glass.,1641.0
1723,288,1712620211133,11.0,"""You okay?""",1420.0
1723,289,1712620213959,64.0,He leans his arms on the door and brings his face to the window.,2826.0
1723,290,1712620215340,15.0,I stare at him.,1381.0
1723,291,1712620217261,30.0,I can't think what else to do.,1921.0
1723,292,1712620219255,34.0,"""Is everything all right in there?",1994.0
1723,293,1712620221232,31.0,"How come you're all locked up?""",1977.0
1723,294,1712620223049,16.0,I shake my head.,1817.0
1723,295,1712620224521,24.0,"""Roll down your window.""",1472.0
1723,296,1712620227429,64.0,He shakes his head and looks at the highway and then back at me.,2908.0
1723,297,1712620230249,19.0,"""Roll it down now.""",2820.0
1723,298,1712620233262,32.0,"""Please,"" I say, ""I have to go.""",3013.0
1723,299,1712620235821,50.0,"""Open the door,"" he says as if he isn't listening.",2558.0
1723,300,1712620237841,33.0,"""You're going to choke in there.""",2020.0
1723,301,1712620240717,32.0,"He looks at my breasts, my legs.",2876.0
1723,302,1712620244345,34.0,I can tell that's what he's doing.,3628.0
1723,303,1712620246724,22.0,"""Hey, sugar,"" he says.",2379.0
1723,304,1712620248602,31.0,"""I'm just here to help is all.""",1878.0
1723,305,1712620250568,3.0,***,1966.0
1723,306,1712620252934,52.0,The casket is closed and covered with floral sprays.,2366.0
1723,307,1712620255806,45.0,The organ starts up the minute I take a seat.,2872.0
1723,308,1712620261302,40.0,People are coming in and finding chairs.,5496.0
1723,309,1712620266455,63.0,There's a boy in flared pants and a yellow short-sleeved shirt.,5153.0
1723,310,1712620271333,100.0,A door opens and the family comes in in a group and moves over to a curtained place off to one side.,4878.0
1723,311,1712620277873,39.0,Chairs creak as everybody gets settled.,6540.0
1723,312,1712620285131,83.0,"Directly, a nice blond man in a nice dark suit stands and asks us to bow our heads.",7258.0
1723,313,1712620288994,105.0,"He says a prayer for us, the living, and when he finishes, he says a prayer for the soul of the departed.",3863.0
1723,314,1712620294025,43.0,Along with the others I go past the casket.,5031.0
1723,315,1712620296648,66.0,Then I move out onto the front steps and into the afternoon light.,2623.0
1723,316,1712620303588,66.0,There's a woman who limps as she goes down the stairs ahead of me.,6940.0
1723,317,1712620305359,33.0,On the sidewalk she looks around.,1771.0
1723,318,1712620307769,31.0,"""Well, they got him,"" she says.",2409.0
1723,319,1712620309819,27.0,"""If that's any consolation.",2050.0
1723,320,1712620312856,31.0,They arrested him this morning.,3037.0
1723,321,1712620314757,38.0,I heard it on the radio before I come.,1901.0
1723,322,1712620316902,26.0,"A boy right here in town.""",2145.0
1723,323,1712620319594,42.0,We move a few steps down the hot sidewalk.,2691.0
1723,324,1712620322761,25.0,People are starting cars.,3167.0
1723,325,1712620327674,49.0,I put out my hand and hold on to a parking meter.,4913.0
1723,326,1712620330595,36.0,Polished hoods and polished fenders.,2921.0
1723,327,1712620332702,14.0,My head swims.,2107.0
1723,328,1712620337142,41.0,"I say, ""They have friends, these killers.",4439.0
1723,329,1712620340800,16.0,"You can't tell.""",3658.0
1723,330,1712620343860,70.0,"""I have known that child since she was a little girl,"" the woman says.",3059.0
1723,331,1712620348888,93.0,"""She used to come over and I'd bake cookies for her and let her eat them in front of the TV.""",5028.0
1723,332,1712620351283,3.0,***,2395.0
1723,333,1712620354006,76.0,"Back home, Stuart sits at the table with a drink of whiskey in front of him.",2723.0
1723,334,1712620357260,57.0,For a crazy instant I think something's happened to Dean.,3254.0
1723,335,1712620358927,14.0,"""Where is he?""",1667.0
1723,336,1712620360333,6.0,I say.,1406.0
1723,337,1712620362127,16.0,"""Where is Dean?""",1793.0
1723,338,1712620363805,27.0,"""Outside,"" my husband says.",1678.0
1723,339,1712620365456,34.0,He drains his glass and stands up.,1650.0
1723,340,1712620368148,40.0,"He says, ""I think I know what you need.""",2692.0
1723,341,1712620373425,138.0,He reaches an arm around my waist and with his other hand he begins to unbutton my jacket and then he goes on to the buttons of my blouse.,5277.0
1723,342,1712620376844,30.0,"""First things first,"" he says.",3419.0
1723,343,1712620378386,23.0,He says something else.,1542.0
1723,344,1712620380424,27.0,But I don't need to listen.,2038.0
1723,345,1712620386070,46.0,I can't hear a thing with so much water going.,5646.0
1723,346,1712620389408,3.0,***,3338.0
1671,124,1712597346430,3.0,***,2990.0
1671,125,1712597348318,37.0,My husband eats with a good appetite.,1888.0
1671,126,1712597349494,37.0,But I don't think he's really hungry.,1176.0
1671,127,1712597353374,69.0,"He chews, arms on the table, and stares at something across the room.",3880.0
1671,128,1712597354902,30.0,He looks at me and looks away.,1528.0
1671,129,1712597356446,33.0,He wipes his mouth on the napkin.,1544.0
1671,130,1712597357534,30.0,"He shrugs, and goes on eating.",1088.0
1671,131,1712597359909,42.0,"""What are you staring at me for?"" he says.",2375.0
1671,132,1712597362141,45.0,"""What is it?"" he says and lays down his fork.",2231.0
1671,133,1712597363574,42.0,"""Was I staring?"" I say, and shake my head.",1432.0
1671,134,1712597364853,20.0,The telephone rings.,1279.0
1671,135,1712597366750,27.0,"""Don't answer it,"" he says.",1896.0
1671,136,1712597368621,33.0,"""It might be your mother,"" I say.",1871.0
1671,137,1712597370725,25.0,"""Watch and see,"" he says.",2104.0
1671,138,1712597371613,34.0,I pick up the receiver and listen.,888.0
1671,139,1712597372685,24.0,My husband stops eating.,1072.0
1671,140,1712597373677,46.0,"""What did I tell you?"" he says when I hang up.",992.0
1671,141,1712597374549,23.0,He starts to eat again.,872.0
1671,142,1712597375557,36.0,Then throws his napkin on his plate.,1008.0
1671,143,1712597377501,63.0,"He says, ""Goddamn it, why can't people mind their own business?",1944.0
1671,144,1712597378653,41.0,Tell me what I did wrong and I'll listen!,1152.0
1671,145,1712597379725,28.0,I wasn't the only man there.,1072.0
1671,146,1712597380941,37.0,We talked it over and we all decided.,1216.0
1671,147,1712597381725,29.0,We couldn't just turn around.,784.0
1671,148,1712597383125,32.0,We were five miles from the car.,1400.0
1671,149,1712597384333,34.0,I won't have you passing judgment.,1208.0
1671,150,1712597385037,13.0,"Do you hear?""",704.0
1671,151,1712597385589,18.0,"""You know,"" I say.",552.0
1671,152,1712597387141,33.0,"He says, ""What do I know, Claire?",1552.0
1671,153,1712597388013,34.0,Tell me what I'm supposed to know.,872.0
1671,154,1712597390069,40.0,"I don't know anything except one thing?""",2056.0
1671,155,1712597391573,48.0,He gives me what he thinks is a meaningful look.,1504.0
1671,156,1712597392557,24.0,"""She was dead,"" he says.",984.0
1671,157,1712597394725,33.0,"""And I'm as sorry as anyone else.",2168.0
1671,158,1712597395468,18.0,"But she was dead.""",743.0
1671,159,1712597397116,26.0,"""That's the point,"" I say.",1648.0
1671,160,1712597397812,20.0,He raises his hands.,695.0
1671,161,1712597398756,40.0,He pushes his chair away from the table.,943.0
1671,162,1712597401140,72.0,He takes out his cigarettes and goes out to the back with a can of beer.,2384.0
1671,163,1712597402836,64.0,I see him sit in the lawn chair and pick up the newspaper again.,1696.0
1671,164,1712597404444,39.0,His name is in there on the first page.,1608.0
1671,165,1712597405268,36.0,Along with the names of his friends.,824.0
1671,166,1712597406404,40.0,I close my eyes and hold on to the sink.,1136.0
1671,167,1712597408316,74.0,Then I rake my arm across the drainboard and send the dishes to the floor.,1912.0
1671,168,1712597409540,16.0,He doesn't move.,1224.0
1671,169,1712597410156,18.0,I know he's heard.,616.0
1671,170,1712597411036,40.0,He lifts his head as if still listening.,880.0
1671,171,1712597412148,30.0,But he doesn't move otherwise.,1112.0
1671,172,1712597413092,23.0,He doesn't turn around.,944.0
1671,173,1712597415980,3.0,***,2888.0
1671,174,1712597420316,88.0,"He and Gordon Johnson and Mel Dorn and Vern Williams, they play poker and bowl and fish.",4336.0
1671,175,1712597422892,85.0,They fish every spring and early summer before visiting relatives can get in the way.,2576.0
1671,176,1712597424796,65.0,"They are decent men, family men, men who take care of their jobs.",1903.0
1671,177,1712597426372,65.0,"They have sons and daughters who go to school with our son, Dean.",1576.0
1671,178,1712597427972,55.0,Last Friday these family men left for the Naches River.,1600.0
1671,179,1712597429795,76.0,They parked the car in the mountains and hiked to where they wanted to fish.,1823.0
1671,180,1712597431492,76.0,"They carried their bedrolls, their food, their playing cards, their whiskey.",1697.0
1671,181,1712597433315,42.0,They saw the girl before they set up camp.,1823.0
1671,182,1712597434195,19.0,Mel Dorn found her.,880.0
1671,183,1712597434827,25.0,No clothes on her at all.,632.0
1671,184,1712597436123,64.0,She was wedged into some branches that stuck out over the water.,1296.0
1671,185,1712597437259,43.0,He called the others and they came to look.,1136.0
1671,186,1712597438115,29.0,They talked about what to do.,856.0
1671,187,1712597441291,82.0,One of the men - my Stuart didn't say which - said they should start back at once.,3176.0
1671,188,1712597443355,86.0,"The others stirred the sand with their shoes, said they didn't feel inclined that way.",2064.0
1671,189,1712597446363,82.0,"They pleaded fatigue, the late hour, the fact that the girl wasn't going anywhere.",3008.0
1671,190,1712597448395,47.0,In the end they went ahead and set up the camp.,2032.0
1671,191,1712597449363,42.0,They built a fire and drank their whiskey.,968.0
1671,192,1712597451323,50.0,"When the moon came up, they talked about the girl.",1960.0
1671,193,1712597453067,59.0,Someone said they should -keep the body from drifting away.,1744.0
1671,194,1712597453979,55.0,They took their flashlights and went back to the river.,912.0
1671,195,1712597455267,66.0,One of the men - it might have been Stuart - waded in and got her.,1288.0
1671,196,1712597456331,53.0,He took her by the fingers and pulled her into shore.,1064.0
1671,197,1712597457675,87.0,He got some nylon cord and tied it to her wrist and then looped the rest around a tree.,1344.0
1671,198,1712597460563,99.0,"The next morning they cooked breakfast, drank coffee, and drank whiskey, and then split up to fish.",2888.0
1671,199,1712597466187,182.0,"That night they cooked fish, cooked potatoes, drank coffee, drank whiskey, then took their cooking things and eating things back down to the river and washed them where the girl was.",5624.0
1671,200,1712597467082,32.0,They played some cards later on.,895.0
1671,201,1712597468426,55.0,Maybe they played until they couldn't see them anymore.,1344.0
1671,202,1712597469258,28.0,Vern Williams went to sleep.,832.0
1671,203,1712597470266,28.0,But the others told stories.,1008.0
1671,204,1712597474674,100.0,Gordon Johnson said the trout they'd caught were hard because of the terrible coldness of the water.,4408.0
1671,205,1712597479138,154.0,"The next morning they got up late, drank whiskey, fished a little, took down their tents, rolled their sleeping bags, gathered their stuff, and hiked out.",4464.0
1671,206,1712597480082,41.0,They drove until they got to a telephone.,944.0
1671,207,1712597481258,86.0,It was Stuart who made the call while the others stood around in the sun and listened.,1176.0
1671,208,1712597482018,32.0,He gave the sheriff their names.,760.0
1671,209,1712597482706,25.0,They had nothing to hide.,688.0
1671,210,1712597483130,21.0,They weren't ashamed.,424.0
1671,211,1712597486058,100.0,They said they'd wait until someone could come for better directions and take down their statements.,2928.0
1671,212,1712597486610,3.0,***,552.0
1671,213,1712597487394,30.0,I was asleep when he got home.,784.0
1671,214,1712597488850,46.0,But I woke up when I heard him in the kitchen.,1456.0
1671,215,1712597490002,64.0,I found him leaning against the refrigerator with a can of beer.,1152.0
1671,216,1712597491634,68.0,He put his heavy arms around me and rubbed his big hands on my back.,1632.0
1671,217,1712597494193,85.0,In bed he put his hands on me again and then waited as if thinking of something else.,2559.0
1671,218,1712597494849,28.0,I turned and opened my legs.,656.0
1671,219,1712597496297,36.0,"Afterwards, I think he stayed awake.",1448.0
1671,220,1712597497425,53.0,He was up that morning before I could get out of bed.,1128.0
1671,221,1712597499417,54.0,"To see if there was something in the paper, I suppose.",1991.0
1671,222,1712597500594,46.0,The telephone began ringing right after eight.,1177.0
1671,223,1712597501361,13.0,"""Go to hell!""",767.0
1671,224,1712597501881,18.0,I heard him shout.,520.0
1671,225,1712597502481,31.0,The telephone rang right again.,600.0
1671,226,1712597503713,59.0,"""I have nothing to add to what I already told the sheriff!""",1232.0
1671,227,1712597504457,29.0,He slammed the receiver down.,744.0
1671,228,1712597505161,27.0,"""What is going on?"" I said.",704.0
1671,229,1712597508017,49.0,It was then that he told me what I just told you.,2856.0
1671,230,1712597508673,3.0,***,656.0
1671,231,1712597510385,44.0,I sweep up the broken dishes and go outside.,1712.0
1671,232,1712597513145,85.0,"He is lying on his back on the grass now, the newspaper and can of beer within reach.",2760.0
1671,233,1712597515185,41.0,"""Stuart, could we go for a drive?"" I say.",2040.0
1671,234,1712597517137,30.0,He rolls over and looks at me.,1952.0
1671,235,1712597518289,37.0,"""We'll pick up some beer,"" he says...",1152.0
1671,236,1712597520009,62.0,He gets to his feet and touches me on the hip as he goes past.,1720.0
1671,237,1712597520753,28.0,"""Give me a minute,"" he says.",744.0
1671,238,1712597522217,39.0,We drive through town without speaking.,1464.0
1671,239,1712597524113,39.0,He stops at a roadside market for beer.,1896.0
1671,240,1712597525545,54.0,I notice a great stack of papers just inside the door.,1432.0
1671,241,1712597527753,89.0,On the top step a fat woman in a print dress holds out a licorice stick to a little girl.,2208.0
1671,242,1712597529448,66.0,"Later on, we cross Everson Creek and turn into the picnic grounds.",1695.0
1671,243,1712597531616,79.0,The creek runs under the bridge and into a large pond a few hundred yards away.,2168.0
1671,244,1712597532320,28.0,I can see the men out there.,703.0
1671,245,1712597533032,33.0,I can see them out there fishing.,712.0
1671,246,1712597534808,31.0,So much water so close to home.,1776.0
1671,247,1712597536192,43.0,"I say, ""Why did you have to go miles away?""",1384.0
1671,248,1712597548096,25.0,"""Don't rile me,"" he says.",11904.0
1671,249,1712597550736,29.0,We sit on a bench in the sun.,2640.0
1671,250,1712597552624,25.0,He opens us cans of beer.,1888.0
1671,251,1712597553536,25.0,"He says, ""Relax, Claire.""",912.0
1671,252,1712597554984,30.0,"""They said they were innocent.",1448.0
1671,253,1712597555840,27.0,"They said they were crazy.""",856.0
1671,254,1712597556383,15.0,"He says, ""Who?""",543.0
1671,255,1712597556984,38.0,"He says, ""What are you talking about?""",600.0
1671,256,1712597557728,21.0,"""The Maddox brothers.",744.0
1671,257,1712597560520,54.0,They killed a girl named Arlene Hubly where I grew up.,2792.0
1671,258,1712597563167,60.0,They cut off her head and threw her into the Cle Elum River.,2647.0
1671,259,1712597564127,31.0,"It happened when I was a girl.""",959.0
1671,260,1712597565159,40.0,"""You're going to get me riled,"" he says.",1031.0
1671,261,1712597565871,20.0,I look at the creek.,712.0
1671,262,1712597570239,79.0,"I'm right in it, eyes open, face down, staring at the moss on the bottom, dead.",4368.0
1671,263,1712597571519,62.0,"""I don't know what's wrong with you,"" he says on the way home.",1280.0
1671,264,1712597572551,45.0,"""You're getting me more riled by the minute.""",1032.0
1671,265,1712597573447,34.0,There is nothing I can say to him.,896.0
1671,266,1712597574159,36.0,He tries to concentrate on the road.,712.0
1671,267,1712597575767,47.0,But he keeps looking into the rear-view mirror.,1608.0
1671,268,1712597576399,9.0,He knows.,632.0
1671,269,1712597576959,3.0,***,560.0
1671,270,1712597579263,52.0,Stuart believes he is letting me sleep this morning.,2304.0
1671,271,1712597580999,47.0,But I was awake long before the alarm went off.,1736.0
1671,272,1712597582983,74.0,"I was thinking, lying on the far side of the bed away from his hairy legs.",1984.0
1671,273,1712597585303,78.0,"He gets Dean off for school, and then he shaves, dresses, and leaves for work.",2320.0
1671,274,1712597586791,40.0,Twice he looks in and clears his throat.,1488.0
1671,275,1712597587383,26.0,But I keep my eyes closed.,592.0
1671,276,1712597588343,38.0,In the kitchen I find a note from him.,960.0
1671,277,1712597589031,19.0,"It's signed ""Love.""",688.0
1671,278,1712597590639,74.0,I sit in the breakfast nook and drink coffee and leave a ring on the note.,1607.0
1671,279,1712597592206,67.0,I look at the newspaper and turn it this way and that on the table.,1567.0
1671,280,1712597593335,43.0,Then I skid it close and read what it says.,1129.0
1671,281,1712597594406,38.0,"The body has been identified, claimed.",1071.0
1671,282,1712597598694,155.0,"But it took some examining it, some putting things into it, some cutting, some weighing, some measuring, some putting things back again and sewing them in.",4288.0
1671,283,1712597599798,57.0,I sit for a long time holding the newspaper and thinking.,1103.0
1671,284,1712597600622,51.0,Then I call up to get a chair at the hairdresser's.,824.0
1671,285,1712597601182,3.0,***,560.0
1671,286,1712597603822,75.0,I sit under the dryer with a magazine on my lap and let Marnie do my nails.,2640.0
1671,287,1712597604782,42.0,"""I am going to a funeral tomorrow,"" I say.",960.0
1671,288,1712597605478,38.0,"""I'm sorry to hear that,"" Marnie says.",696.0
1671,289,1712597606038,25.0,"""It was a murder,"" I say.",560.0
1671,290,1712597606670,37.0,"""That's the worst kind,"" Marnie says.",632.0
1671,291,1712597607350,35.0,"""We weren't all that close,"" I say.",680.0
1671,292,1712597607798,15.0,"""But you know?""",448.0
1671,293,1712597608878,45.0,"""We'll get you fixed up for it,"" Marnie says.",1080.0
1671,294,1712597610630,72.0,"That night I make my bed on the sofa, and in the morning I get up first.",1752.0
1671,295,1712597611862,50.0,I put on coffee and fix breakfast while he shaves.,1232.0
1671,296,1712597613758,76.0,"He appears in the kitchen doorway, towel over his bare shoulder, appraising.",1896.0
1671,297,1712597614406,23.0,"""Here's coffee,"" I say.",648.0
1671,298,1712597614982,31.0,"""Eggs'll be ready in a minute.”",576.0
1671,299,1712597616134,37.0,"I wake Dean, and the three of us eat.",1152.0
1671,300,1712597617606,79.0,"Whenever Stuart looks at me, I ask Dean if he wants more milk, more toast, etc.",1472.0
1671,301,1712597654885,56.0,"""I'll call you today,"" Stuart says as he opens the door.",37279.0
1671,302,1712597655725,42.0,"I say, ""I don't think I'll be home today.""",840.0
1671,303,1712597656365,21.0,"""All right,"" he says.",640.0
1671,304,1712597656780,7.0,"""Sure.""",415.0
1671,305,1712597657221,18.0,I dress carefully.,440.0
1671,306,1712597658508,48.0,I try on a hat and look at myself in the mirror.,1287.0
1671,307,1712597659412,28.0,I write out a note for Dean.,904.0
1671,308,1712597677500,69.0,"Honey, Mommy has things to do this afternoon, but will be back later.",18087.0
1671,309,1712597679564,61.0,You stay in or be in the backyard until one of us comes home.,2064.0
1671,310,1712597680404,11.0,"Love, Mommy",840.0
1671,311,1712597681284,48.0,I look at the word Love and then I underline it.,880.0
1671,312,1712597682660,29.0,Then I see the word backyard.,1376.0
1671,313,1712597683372,22.0,Is it one word or two?,712.0
1671,314,1712597683940,3.0,***,568.0
1671,315,1712597686803,121.0,"I drive through farm country, through fields of oats and sugar beets and past apple orchards, cattle grazing in pastures.",2863.0
1671,316,1712597688876,99.0,"Then everything changes, more like shacks than farmhouses and stands of timber instead of orchards.",2072.0
1671,317,1712597690499,78.0,"Then mountains, and on the right, far below, I sometimes see the Naches River.",1623.0
1671,318,1712597691803,64.0,A green pickup comes up behind me and stays behind me for miles.,1304.0
1671,319,1712597693003,55.0,"I keep slowing at the wrong times, hoping he will pass.",1200.0
1671,320,1712597693491,16.0,Then I speed up.,488.0
1671,321,1712597694035,36.0,"But this is at the wrong times, too.",544.0
1671,322,1712597694827,39.0,I grip the wheel until my fingers hurt.,792.0
1671,323,1712597696107,37.0,On a long clear stretch he goes past.,1280.0
1671,324,1712597698019,73.0,"But he drives along beside for a bit, a crewcut man in a blue work shirt.",1912.0
1671,325,1712597698747,24.0,We look each other over.,728.0
1671,326,1712597700187,53.0,"Then he waves, toots his horn, and pulls on up ahead.",1440.0
1671,327,1712597700715,29.0,I slow down and find a place.,528.0
1671,328,1712597701459,35.0,I pull over and shut off the motor.,744.0
1671,329,1712597702091,42.0,I can hear the river down below the trees.,632.0
1671,330,1712597702699,35.0,Then I hear the pickup coming back.,608.0
1671,331,1712597703531,41.0,I lock the doors and roll up the windows.,832.0
1671,332,1712597704003,30.0,"""You all right?"" the man says.",472.0
1671,333,1712597704619,21.0,He raps on the glass.,616.0
1671,334,1712597705627,11.0,"""You okay?""",1008.0
1671,335,1712597706611,64.0,He leans his arms on the door and brings his face to the window.,984.0
1671,336,1712597707987,15.0,I stare at him.,1376.0
1671,337,1712597709067,30.0,I can't think what else to do.,1080.0
1671,338,1712597709683,34.0,"""Is everything all right in there?",616.0
1671,339,1712597710515,31.0,"How come you're all locked up?""",832.0
1671,340,1712597711163,16.0,I shake my head.,648.0
1671,341,1712597711803,24.0,"""Roll down your window.""",640.0
1671,342,1712597713067,64.0,He shakes his head and looks at the highway and then back at me.,1264.0
1671,343,1712597715523,19.0,"""Roll it down now.""",2456.0
1671,344,1712597716347,32.0,"""Please,"" I say, ""I have to go.""",824.0
1671,345,1712597717883,50.0,"""Open the door,"" he says as if he isn't listening.",1536.0
1671,346,1712597718571,33.0,"""You're going to choke in there.""",688.0
1671,347,1712597719259,32.0,"He looks at my breasts, my legs.",687.0
1671,348,1712597720171,34.0,I can tell that's what he's doing.,912.0
1671,349,1712597720747,22.0,"""Hey, sugar,"" he says.",576.0
1671,350,1712597721587,31.0,"""I'm just here to help is all.""",840.0
1671,351,1712597722203,3.0,***,616.0
1671,352,1712597723715,52.0,The casket is closed and covered with floral sprays.,1512.0
1671,353,1712597725058,45.0,The organ starts up the minute I take a seat.,1343.0
1671,354,1712597726035,40.0,People are coming in and finding chairs.,977.0
1671,355,1712597727394,63.0,There's a boy in flared pants and a yellow short-sleeved shirt.,1359.0
1671,356,1712597729074,100.0,A door opens and the family comes in in a group and moves over to a curtained place off to one side.,1680.0
1671,357,1712597729922,39.0,Chairs creak as everybody gets settled.,847.0
1671,358,1712597731154,83.0,"Directly, a nice blond man in a nice dark suit stands and asks us to bow our heads.",1232.0
1671,359,1712597732746,105.0,"He says a prayer for us, the living, and when he finishes, he says a prayer for the soul of the departed.",1592.0
1671,360,1712597733306,43.0,Along with the others I go past the casket.,560.0
1671,361,1712597733970,66.0,Then I move out onto the front steps and into the afternoon light.,664.0
1671,362,1712597734602,66.0,There's a woman who limps as she goes down the stairs ahead of me.,632.0
1671,363,1712597735202,33.0,On the sidewalk she looks around.,600.0
1671,364,1712597735858,31.0,"""Well, they got him,"" she says.",656.0
1671,365,1712597736546,27.0,"""If that's any consolation.",688.0
1671,366,1712597737738,31.0,They arrested him this morning.,1192.0
1671,367,1712597738890,38.0,I heard it on the radio before I come.,1152.0
1671,368,1712597739682,26.0,"A boy right here in town.""",792.0
1671,369,1712597740458,42.0,We move a few steps down the hot sidewalk.,776.0
1671,370,1712597741138,25.0,People are starting cars.,680.0
1671,371,1712597742010,49.0,I put out my hand and hold on to a parking meter.,872.0
1671,372,1712597742650,36.0,Polished hoods and polished fenders.,640.0
1671,373,1712597743138,14.0,My head swims.,488.0
1671,374,1712597745442,41.0,"I say, ""They have friends, these killers.",2304.0
1671,375,1712597746090,16.0,"You can't tell.""",648.0
1671,376,1712597747754,70.0,"""I have known that child since she was a little girl,"" the woman says.",1664.0
1671,377,1712597749274,93.0,"""She used to come over and I'd bake cookies for her and let her eat them in front of the TV.""",1520.0
1671,378,1712597749810,3.0,***,536.0
1671,379,1712597751065,76.0,"Back home, Stuart sits at the table with a drink of whiskey in front of him.",1255.0
1671,380,1712597752154,57.0,For a crazy instant I think something's happened to Dean.,1088.0
1671,381,1712597752586,14.0,"""Where is he?""",431.0
1671,382,1712597752953,6.0,I say.,367.0
1671,383,1712597753354,16.0,"""Where is Dean?""",401.0
1671,384,1712597753746,27.0,"""Outside,"" my husband says.",392.0
1671,385,1712597754346,34.0,He drains his glass and stands up.,600.0
1671,386,1712597755226,40.0,"He says, ""I think I know what you need.""",880.0
1671,387,1712597758977,138.0,He reaches an arm around my waist and with his other hand he begins to unbutton my jacket and then he goes on to the buttons of my blouse.,3751.0
1671,388,1712597759803,30.0,"""First things first,"" he says.",825.0
1671,389,1712597760492,23.0,He says something else.,689.0
1671,390,1712597761117,27.0,But I don't need to listen.,625.0
1671,391,1712597762207,46.0,I can't hear a thing with so much water going.,1090.0
1671,392,1712597762791,3.0,***,584.0
1644,104,1712429435348,3.0,***,2936.0
1644,105,1712429437594,37.0,My husband eats with a good appetite.,2246.0
1644,106,1712429440264,37.0,But I don't think he's really hungry.,2670.0
1644,107,1712429443892,69.0,"He chews, arms on the table, and stares at something across the room.",3628.0
1644,108,1712429445591,30.0,He looks at me and looks away.,1699.0
1644,109,1712429447428,33.0,He wipes his mouth on the napkin.,1837.0
1644,110,1712429449834,30.0,"He shrugs, and goes on eating.",2406.0
1644,111,1712429452765,42.0,"""What are you staring at me for?"" he says.",2931.0
1644,112,1712429455314,45.0,"""What is it?"" he says and lays down his fork.",2548.0
1644,113,1712429458715,42.0,"""Was I staring?"" I say, and shake my head.",3401.0
1644,114,1712429461027,20.0,The telephone rings.,2312.0
1644,115,1712429462893,27.0,"""Don't answer it,"" he says.",1866.0
1644,116,1712429464680,33.0,"""It might be your mother,"" I say.",1787.0
1644,117,1712429466155,25.0,"""Watch and see,"" he says.",1475.0
1644,118,1712429466793,34.0,I pick up the receiver and listen.,638.0
1644,119,1712429467291,24.0,My husband stops eating.,498.0
1644,120,1712429468567,46.0,"""What did I tell you?"" he says when I hang up.",1276.0
1644,121,1712429469487,23.0,He starts to eat again.,920.0
1644,122,1712429470360,36.0,Then throws his napkin on his plate.,873.0
1644,123,1712429471467,63.0,"He says, ""Goddamn it, why can't people mind their own business?",1107.0
1644,124,1712429473213,41.0,Tell me what I did wrong and I'll listen!,1746.0
1644,125,1712429474127,28.0,I wasn't the only man there.,914.0
1644,126,1712429475126,37.0,We talked it over and we all decided.,999.0
1644,127,1712429476097,29.0,We couldn't just turn around.,971.0
1644,128,1712429476911,32.0,We were five miles from the car.,814.0
1644,129,1712429477829,34.0,I won't have you passing judgment.,918.0
1644,130,1712429478479,13.0,"Do you hear?""",650.0
1644,131,1712429479184,18.0,"""You know,"" I say.",705.0
1644,132,1712429480095,33.0,"He says, ""What do I know, Claire?",910.0
1644,133,1712429481181,34.0,Tell me what I'm supposed to know.,1086.0
1644,134,1712429482260,40.0,"I don't know anything except one thing?""",1078.0
1644,135,1712429483703,48.0,He gives me what he thinks is a meaningful look.,1443.0
1644,136,1712429484353,24.0,"""She was dead,"" he says.",650.0
1644,137,1712429485744,33.0,"""And I'm as sorry as anyone else.",1390.0
1644,138,1712429486499,18.0,"But she was dead.""",755.0
1644,139,1712429487096,26.0,"""That's the point,"" I say.",597.0
1644,140,1712429487870,20.0,He raises his hands.,774.0
1644,141,1712429489059,40.0,He pushes his chair away from the table.,1189.0
1644,142,1712429490750,72.0,He takes out his cigarettes and goes out to the back with a can of beer.,1691.0
1644,143,1712429491638,64.0,I see him sit in the lawn chair and pick up the newspaper again.,888.0
1644,144,1712429492338,39.0,His name is in there on the first page.,700.0
1644,145,1712429493229,36.0,Along with the names of his friends.,891.0
1644,146,1712429494487,40.0,I close my eyes and hold on to the sink.,1258.0
1644,147,1712429496269,74.0,Then I rake my arm across the drainboard and send the dishes to the floor.,1782.0
1644,148,1712429497053,16.0,He doesn't move.,784.0
1644,149,1712429497685,18.0,I know he's heard.,632.0
1644,150,1712429498617,40.0,He lifts his head as if still listening.,932.0
1644,151,1712429499378,30.0,But he doesn't move otherwise.,761.0
1644,152,1712429500253,23.0,He doesn't turn around.,875.0
1644,153,1712429501146,3.0,***,893.0
1644,154,1712429505886,88.0,"He and Gordon Johnson and Mel Dorn and Vern Williams, they play poker and bowl and fish.",4740.0
1644,155,1712429511309,85.0,They fish every spring and early summer before visiting relatives can get in the way.,5423.0
1644,156,1712429514695,65.0,"They are decent men, family men, men who take care of their jobs.",3386.0
1644,157,1712429516179,65.0,"They have sons and daughters who go to school with our son, Dean.",1484.0
1644,158,1712429517743,55.0,Last Friday these family men left for the Naches River.,1564.0
1644,159,1712429520931,76.0,They parked the car in the mountains and hiked to where they wanted to fish.,3188.0
1644,160,1712429524508,76.0,"They carried their bedrolls, their food, their playing cards, their whiskey.",3577.0
1644,161,1712429525741,42.0,They saw the girl before they set up camp.,1233.0
1644,162,1712429526431,19.0,Mel Dorn found her.,690.0
1644,163,1712429526899,25.0,No clothes on her at all.,468.0
1644,164,1712429529946,64.0,She was wedged into some branches that stuck out over the water.,3047.0
1644,165,1712429530667,43.0,He called the others and they came to look.,721.0
1644,166,1712429531362,29.0,They talked about what to do.,694.0
1644,167,1712429534200,82.0,One of the men - my Stuart didn't say which - said they should start back at once.,2837.0
1644,168,1712429537012,86.0,"The others stirred the sand with their shoes, said they didn't feel inclined that way.",2812.0
1644,169,1712429539567,82.0,"They pleaded fatigue, the late hour, the fact that the girl wasn't going anywhere.",2555.0
1644,170,1712429541095,47.0,In the end they went ahead and set up the camp.,1528.0
1644,171,1712429544648,42.0,They built a fire and drank their whiskey.,3553.0
1644,172,1712429558074,50.0,"When the moon came up, they talked about the girl.",13426.0
1644,173,1712429559961,59.0,Someone said they should -keep the body from drifting away.,1887.0
1644,174,1712429560799,55.0,They took their flashlights and went back to the river.,838.0
1644,175,1712429561705,66.0,One of the men - it might have been Stuart - waded in and got her.,906.0
1644,176,1712429562444,53.0,He took her by the fingers and pulled her into shore.,738.0
1644,177,1712429564554,87.0,He got some nylon cord and tied it to her wrist and then looped the rest around a tree.,2110.0
1644,178,1712429566188,99.0,"The next morning they cooked breakfast, drank coffee, and drank whiskey, and then split up to fish.",1634.0
1644,179,1712429568905,182.0,"That night they cooked fish, cooked potatoes, drank coffee, drank whiskey, then took their cooking things and eating things back down to the river and washed them where the girl was.",2716.0
1644,180,1712429569877,32.0,They played some cards later on.,972.0
1644,181,1712429571415,55.0,Maybe they played until they couldn't see them anymore.,1538.0
1644,182,1712429572095,28.0,Vern Williams went to sleep.,680.0
1644,183,1712429572584,28.0,But the others told stories.,489.0
1644,184,1712429575772,100.0,Gordon Johnson said the trout they'd caught were hard because of the terrible coldness of the water.,3188.0
1644,185,1712429577156,154.0,"The next morning they got up late, drank whiskey, fished a little, took down their tents, rolled their sleeping bags, gathered their stuff, and hiked out.",1384.0
1644,186,1712429577850,41.0,They drove until they got to a telephone.,694.0
1644,187,1712429579721,86.0,It was Stuart who made the call while the others stood around in the sun and listened.,1871.0
1644,188,1712429580450,32.0,He gave the sheriff their names.,728.0
1644,189,1712429581012,25.0,They had nothing to hide.,562.0
1644,190,1712429581445,21.0,They weren't ashamed.,433.0
1644,191,1712429583170,100.0,They said they'd wait until someone could come for better directions and take down their statements.,1725.0
1644,192,1712429583602,3.0,***,432.0
1644,193,1712429584197,30.0,I was asleep when he got home.,595.0
1644,194,1712429585305,46.0,But I woke up when I heard him in the kitchen.,1108.0
1644,195,1712429586365,64.0,I found him leaning against the refrigerator with a can of beer.,1060.0
1644,196,1712429587449,68.0,He put his heavy arms around me and rubbed his big hands on my back.,1084.0
1644,197,1712429590665,85.0,In bed he put his hands on me again and then waited as if thinking of something else.,3216.0
1644,198,1712429591243,28.0,I turned and opened my legs.,578.0
1644,199,1712429591889,36.0,"Afterwards, I think he stayed awake.",646.0
1644,200,1712429592892,53.0,He was up that morning before I could get out of bed.,1003.0
1644,201,1712429593842,54.0,"To see if there was something in the paper, I suppose.",950.0
1644,202,1712429594799,46.0,The telephone began ringing right after eight.,957.0
1644,203,1712429595405,13.0,"""Go to hell!""",606.0
1644,204,1712429595900,18.0,I heard him shout.,495.0
1644,205,1712429597500,31.0,The telephone rang right again.,1600.0
1644,206,1712429599097,59.0,"""I have nothing to add to what I already told the sheriff!""",1597.0
1644,207,1712429599674,29.0,He slammed the receiver down.,577.0
1644,208,1712429600137,27.0,"""What is going on?"" I said.",463.0
1644,209,1712429602380,49.0,It was then that he told me what I just told you.,2243.0
1644,210,1712429602976,3.0,***,596.0
1644,211,1712429603562,44.0,I sweep up the broken dishes and go outside.,586.0
1644,212,1712429604575,85.0,"He is lying on his back on the grass now, the newspaper and can of beer within reach.",1012.0
1644,213,1712429605191,41.0,"""Stuart, could we go for a drive?"" I say.",616.0
1644,214,1712429605753,30.0,He rolls over and looks at me.,562.0
1644,215,1712429606228,37.0,"""We'll pick up some beer,"" he says...",475.0
1644,216,1712429606750,62.0,He gets to his feet and touches me on the hip as he goes past.,522.0
1644,217,1712429607735,28.0,"""Give me a minute,"" he says.",985.0
1644,218,1712429608440,39.0,We drive through town without speaking.,705.0
1644,219,1712429609514,39.0,He stops at a roadside market for beer.,1074.0
1644,220,1712429610568,54.0,I notice a great stack of papers just inside the door.,1054.0
1644,221,1712429612217,89.0,On the top step a fat woman in a print dress holds out a licorice stick to a little girl.,1649.0
1644,222,1712429613747,66.0,"Later on, we cross Everson Creek and turn into the picnic grounds.",1530.0
1644,223,1712429615039,79.0,The creek runs under the bridge and into a large pond a few hundred yards away.,1291.0
1644,224,1712429615685,28.0,I can see the men out there.,646.0
1644,225,1712429616472,33.0,I can see them out there fishing.,787.0
1644,226,1712429617157,31.0,So much water so close to home.,685.0
1644,227,1712429618216,43.0,"I say, ""Why did you have to go miles away?""",1059.0
1644,228,1712429619372,25.0,"""Don't rile me,"" he says.",1156.0
1644,229,1712429620065,29.0,We sit on a bench in the sun.,693.0
1644,230,1712429620811,25.0,He opens us cans of beer.,746.0
1644,231,1712429621456,25.0,"He says, ""Relax, Claire.""",645.0
1644,232,1712429621878,30.0,"""They said they were innocent.",422.0
1644,233,1712429622591,27.0,"They said they were crazy.""",712.0
1644,234,1712429623034,15.0,"He says, ""Who?""",443.0
1644,235,1712429623589,38.0,"He says, ""What are you talking about?""",555.0
1644,236,1712429623968,21.0,"""The Maddox brothers.",379.0
1644,237,1712429624362,54.0,They killed a girl named Arlene Hubly where I grew up.,394.0
1644,238,1712429624795,60.0,They cut off her head and threw her into the Cle Elum River.,433.0
1644,239,1712429625694,31.0,"It happened when I was a girl.""",899.0
1644,240,1712429626697,40.0,"""You're going to get me riled,"" he says.",1003.0
1644,241,1712429627295,20.0,I look at the creek.,598.0
1644,242,1712429629964,79.0,"I'm right in it, eyes open, face down, staring at the moss on the bottom, dead.",2669.0
1644,243,1712429630813,62.0,"""I don't know what's wrong with you,"" he says on the way home.",849.0
1644,244,1712429631869,45.0,"""You're getting me more riled by the minute.""",1056.0
1644,245,1712429632660,34.0,There is nothing I can say to him.,791.0
1644,246,1712429633488,36.0,He tries to concentrate on the road.,828.0
1644,247,1712429634308,47.0,But he keeps looking into the rear-view mirror.,819.0
1644,248,1712429635068,9.0,He knows.,760.0
1644,249,1712429635827,3.0,***,759.0
1644,250,1712429637138,52.0,Stuart believes he is letting me sleep this morning.,1311.0
1644,251,1712429637834,47.0,But I was awake long before the alarm went off.,696.0
1644,252,1712429639261,74.0,"I was thinking, lying on the far side of the bed away from his hairy legs.",1427.0
1644,253,1712429640834,78.0,"He gets Dean off for school, and then he shaves, dresses, and leaves for work.",1573.0
1644,254,1712429641631,40.0,Twice he looks in and clears his throat.,797.0
1644,255,1712429642304,26.0,But I keep my eyes closed.,672.0
1644,256,1712429642822,38.0,In the kitchen I find a note from him.,518.0
1644,257,1712429643592,19.0,"It's signed ""Love.""",770.0
1644,258,1712429644717,74.0,I sit in the breakfast nook and drink coffee and leave a ring on the note.,1125.0
1644,259,1712429645523,67.0,I look at the newspaper and turn it this way and that on the table.,806.0
1644,260,1712429646197,43.0,Then I skid it close and read what it says.,674.0
1644,261,1712429647150,38.0,"The body has been identified, claimed.",952.0
1644,262,1712429650987,155.0,"But it took some examining it, some putting things into it, some cutting, some weighing, some measuring, some putting things back again and sewing them in.",3837.0
1644,263,1712429652125,57.0,I sit for a long time holding the newspaper and thinking.,1138.0
1644,264,1712429653027,51.0,Then I call up to get a chair at the hairdresser's.,902.0
1644,265,1712429653730,3.0,***,703.0
1644,266,1712429655313,75.0,I sit under the dryer with a magazine on my lap and let Marnie do my nails.,1583.0
1644,267,1712429656090,42.0,"""I am going to a funeral tomorrow,"" I say.",776.0
1644,268,1712429656747,38.0,"""I'm sorry to hear that,"" Marnie says.",657.0
1644,269,1712429657389,25.0,"""It was a murder,"" I say.",642.0
1644,270,1712429658049,37.0,"""That's the worst kind,"" Marnie says.",660.0
1644,271,1712429658498,35.0,"""We weren't all that close,"" I say.",449.0
1644,272,1712429659030,15.0,"""But you know?""",532.0
1644,273,1712429659561,45.0,"""We'll get you fixed up for it,"" Marnie says.",531.0
1644,274,1712429661073,72.0,"That night I make my bed on the sofa, and in the morning I get up first.",1512.0
1644,275,1712429662582,50.0,I put on coffee and fix breakfast while he shaves.,1509.0
1644,276,1712429664146,76.0,"He appears in the kitchen doorway, towel over his bare shoulder, appraising.",1564.0
1644,277,1712429665027,23.0,"""Here's coffee,"" I say.",881.0
1644,278,1712429665710,31.0,"""Eggs'll be ready in a minute.”",682.0
1644,279,1712429666905,37.0,"I wake Dean, and the three of us eat.",1195.0
1644,280,1712429670197,79.0,"Whenever Stuart looks at me, I ask Dean if he wants more milk, more toast, etc.",3291.0
1644,281,1712429675297,56.0,"""I'll call you today,"" Stuart says as he opens the door.",5100.0
1644,282,1712429676651,42.0,"I say, ""I don't think I'll be home today.""",1354.0
1644,283,1712429677844,21.0,"""All right,"" he says.",1193.0
1644,284,1712429678367,7.0,"""Sure.""",522.0
1644,285,1712429678845,18.0,I dress carefully.,478.0
1644,286,1712429679577,48.0,I try on a hat and look at myself in the mirror.,732.0
1644,287,1712429680176,28.0,I write out a note for Dean.,599.0
1644,288,1712429682112,69.0,"Honey, Mommy has things to do this afternoon, but will be back later.",1936.0
1644,289,1712429684236,61.0,You stay in or be in the backyard until one of us comes home.,2124.0
1644,290,1712429685098,11.0,"Love, Mommy",862.0
1644,291,1712429687186,48.0,I look at the word Love and then I underline it.,2088.0
1644,292,1712429688091,29.0,Then I see the word backyard.,905.0
1644,293,1712429688902,22.0,Is it one word or two?,811.0
1644,294,1712429690572,3.0,***,1670.0
1644,295,1712429693223,121.0,"I drive through farm country, through fields of oats and sugar beets and past apple orchards, cattle grazing in pastures.",2651.0
1644,296,1712429696456,99.0,"Then everything changes, more like shacks than farmhouses and stands of timber instead of orchards.",3233.0
1644,297,1712429698416,78.0,"Then mountains, and on the right, far below, I sometimes see the Naches River.",1959.0
1644,298,1712429699412,64.0,A green pickup comes up behind me and stays behind me for miles.,996.0
1644,299,1712429700398,55.0,"I keep slowing at the wrong times, hoping he will pass.",985.0
1644,300,1712429701226,16.0,Then I speed up.,828.0
1644,301,1712429702015,36.0,"But this is at the wrong times, too.",789.0
1644,302,1712429702928,39.0,I grip the wheel until my fingers hurt.,913.0
1644,303,1712429704716,37.0,On a long clear stretch he goes past.,1788.0
1644,304,1712429707072,73.0,"But he drives along beside for a bit, a crewcut man in a blue work shirt.",2356.0
1644,305,1712429708447,24.0,We look each other over.,1375.0
1644,306,1712429709578,53.0,"Then he waves, toots his horn, and pulls on up ahead.",1131.0
1644,307,1712429710588,29.0,I slow down and find a place.,1010.0
1644,308,1712429711558,35.0,I pull over and shut off the motor.,970.0
1644,309,1712429712358,42.0,I can hear the river down below the trees.,799.0
1644,310,1712429713018,35.0,Then I hear the pickup coming back.,660.0
1644,311,1712429713573,41.0,I lock the doors and roll up the windows.,555.0
1644,312,1712429714309,30.0,"""You all right?"" the man says.",736.0
1644,313,1712429714833,21.0,He raps on the glass.,523.0
1644,314,1712429715292,11.0,"""You okay?""",459.0
1644,315,1712429715740,64.0,He leans his arms on the door and brings his face to the window.,448.0
1644,316,1712429716335,15.0,I stare at him.,595.0
1644,317,1712429716857,30.0,I can't think what else to do.,521.0
1644,318,1712429717972,34.0,"""Is everything all right in there?",1114.0
1644,319,1712429718682,31.0,"How come you're all locked up?""",710.0
1644,320,1712429719456,16.0,I shake my head.,773.0
1644,321,1712429720175,24.0,"""Roll down your window.""",719.0
1644,322,1712429721827,64.0,He shakes his head and looks at the highway and then back at me.,1652.0
1644,323,1712429723116,19.0,"""Roll it down now.""",1288.0
1644,324,1712429730201,32.0,"""Please,"" I say, ""I have to go.""",7085.0
1644,325,1712429730995,50.0,"""Open the door,"" he says as if he isn't listening.",794.0
1644,326,1712429783168,33.0,"""You're going to choke in there.""",52173.0
1644,327,1712429783938,32.0,"He looks at my breasts, my legs.",770.0
1644,328,1712429784428,34.0,I can tell that's what he's doing.,490.0
1644,329,1712429784997,22.0,"""Hey, sugar,"" he says.",569.0
1644,330,1712429785438,31.0,"""I'm just here to help is all.""",441.0
1644,331,1712429785949,3.0,***,511.0
1644,332,1712429787340,52.0,The casket is closed and covered with floral sprays.,1391.0
1644,333,1712429788055,45.0,The organ starts up the minute I take a seat.,715.0
1644,334,1712429789050,40.0,People are coming in and finding chairs.,995.0
1644,335,1712429790041,63.0,There's a boy in flared pants and a yellow short-sleeved shirt.,991.0
1644,336,1712429791204,100.0,A door opens and the family comes in in a group and moves over to a curtained place off to one side.,1163.0
1644,337,1712429791897,39.0,Chairs creak as everybody gets settled.,693.0
1644,338,1712429792479,83.0,"Directly, a nice blond man in a nice dark suit stands and asks us to bow our heads.",582.0
1644,339,1712429793181,105.0,"He says a prayer for us, the living, and when he finishes, he says a prayer for the soul of the departed.",702.0
1644,340,1712429793798,43.0,Along with the others I go past the casket.,617.0
1644,341,1712429794252,66.0,Then I move out onto the front steps and into the afternoon light.,454.0
1644,342,1712429794919,66.0,There's a woman who limps as she goes down the stairs ahead of me.,667.0
1644,343,1712429795422,33.0,On the sidewalk she looks around.,503.0
1644,344,1712429795881,31.0,"""Well, they got him,"" she says.",459.0
1644,345,1712429796305,27.0,"""If that's any consolation.",423.0
1644,346,1712429796648,31.0,They arrested him this morning.,343.0
1644,347,1712429796941,38.0,I heard it on the radio before I come.,293.0
1644,348,1712429797200,26.0,"A boy right here in town.""",259.0
1644,349,1712429797482,42.0,We move a few steps down the hot sidewalk.,282.0
1644,350,1712429797767,25.0,People are starting cars.,285.0
1644,351,1712429798086,49.0,I put out my hand and hold on to a parking meter.,318.0
1644,352,1712429798409,36.0,Polished hoods and polished fenders.,323.0
1644,353,1712429798769,14.0,My head swims.,360.0
1644,354,1712429799017,41.0,"I say, ""They have friends, these killers.",248.0
1644,355,1712429799297,16.0,"You can't tell.""",280.0
1644,356,1712429799551,70.0,"""I have known that child since she was a little girl,"" the woman says.",254.0
1644,357,1712429799807,93.0,"""She used to come over and I'd bake cookies for her and let her eat them in front of the TV.""",255.0
1644,358,1712429800073,3.0,***,266.0
1644,359,1712429802023,76.0,"Back home, Stuart sits at the table with a drink of whiskey in front of him.",1950.0
1644,360,1712429803256,57.0,For a crazy instant I think something's happened to Dean.,1233.0
1644,361,1712429804117,14.0,"""Where is he?""",861.0
1644,362,1712429804576,6.0,I say.,459.0
1644,363,1712429804987,16.0,"""Where is Dean?""",411.0
1644,364,1712429805473,27.0,"""Outside,"" my husband says.",486.0
1644,365,1712429806038,34.0,He drains his glass and stands up.,565.0
1644,366,1712429806740,40.0,"He says, ""I think I know what you need.""",702.0
1644,367,1712429808897,138.0,He reaches an arm around my waist and with his other hand he begins to unbutton my jacket and then he goes on to the buttons of my blouse.,2157.0
1644,368,1712429809425,30.0,"""First things first,"" he says.",528.0
1644,369,1712429809875,23.0,He says something else.,450.0
1644,370,1712429810373,27.0,But I don't need to listen.,498.0
1644,371,1712429811115,46.0,I can't hear a thing with so much water going.,742.0
1644,372,1712429811672,3.0,***,557.0
1708,109,1712596985144,3.0,***,6954.0
1708,110,1712596987880,37.0,My husband eats with a good appetite.,2736.0
1708,111,1712596990968,37.0,But I don't think he's really hungry.,3088.0
1708,112,1712596995032,69.0,"He chews, arms on the table, and stares at something across the room.",4064.0
1708,113,1712596996392,30.0,He looks at me and looks away.,1360.0
1708,114,1712596998056,33.0,He wipes his mouth on the napkin.,1664.0
1708,115,1712596999760,30.0,"He shrugs, and goes on eating.",1704.0
1708,116,1712597002624,42.0,"""What are you staring at me for?"" he says.",2864.0
1708,117,1712597005208,45.0,"""What is it?"" he says and lays down his fork.",2584.0
1708,118,1712597007424,42.0,"""Was I staring?"" I say, and shake my head.",2216.0
1708,119,1712597008496,20.0,The telephone rings.,1072.0
1708,120,1712597009640,27.0,"""Don't answer it,"" he says.",1144.0
1708,121,1712597012024,33.0,"""It might be your mother,"" I say.",2384.0
1708,122,1712597013456,25.0,"""Watch and see,"" he says.",1432.0
1708,123,1712597014888,34.0,I pick up the receiver and listen.,1432.0
1708,124,1712597016200,24.0,My husband stops eating.,1312.0
1708,125,1712597018480,46.0,"""What did I tell you?"" he says when I hang up.",2280.0
1708,126,1712597019696,23.0,He starts to eat again.,1216.0
1708,127,1712597021320,36.0,Then throws his napkin on his plate.,1624.0
1708,128,1712597023480,63.0,"He says, ""Goddamn it, why can't people mind their own business?",2160.0
1708,129,1712597025520,41.0,Tell me what I did wrong and I'll listen!,2040.0
1708,130,1712597028672,28.0,I wasn't the only man there.,3152.0
1708,131,1712597030576,37.0,We talked it over and we all decided.,1904.0
1708,132,1712597032272,29.0,We couldn't just turn around.,1696.0
1708,133,1712597035168,32.0,We were five miles from the car.,2896.0
1708,134,1712597037424,34.0,I won't have you passing judgment.,2256.0
1708,135,1712597038584,13.0,"Do you hear?""",1160.0
1708,136,1712597040079,18.0,"""You know,"" I say.",1495.0
1708,137,1712597042223,33.0,"He says, ""What do I know, Claire?",2144.0
1708,138,1712597043728,34.0,Tell me what I'm supposed to know.,1505.0
1708,139,1712597046088,40.0,"I don't know anything except one thing?""",2360.0
1708,140,1712597048464,48.0,He gives me what he thinks is a meaningful look.,2376.0
1708,141,1712597050000,24.0,"""She was dead,"" he says.",1536.0
1708,142,1712597051800,33.0,"""And I'm as sorry as anyone else.",1800.0
1708,143,1712597052711,18.0,"But she was dead.""",911.0
1708,144,1712597053855,26.0,"""That's the point,"" I say.",1144.0
1708,145,1712597054648,20.0,He raises his hands.,793.0
1708,146,1712597055784,40.0,He pushes his chair away from the table.,1136.0
1708,147,1712597057887,72.0,He takes out his cigarettes and goes out to the back with a can of beer.,2103.0
1708,148,1712597060768,64.0,I see him sit in the lawn chair and pick up the newspaper again.,2881.0
1708,149,1712597063232,39.0,His name is in there on the first page.,2464.0
1708,150,1712597064352,36.0,Along with the names of his friends.,1120.0
1708,151,1712597066207,40.0,I close my eyes and hold on to the sink.,1855.0
1708,152,1712597069552,74.0,Then I rake my arm across the drainboard and send the dishes to the floor.,3344.0
1708,153,1712597070744,16.0,He doesn't move.,1192.0
1708,154,1712597072888,18.0,I know he's heard.,2144.0
1708,155,1712597074383,40.0,He lifts his head as if still listening.,1495.0
1708,156,1712597076424,30.0,But he doesn't move otherwise.,2041.0
1708,157,1712597077720,23.0,He doesn't turn around.,1296.0
1708,158,1712597078832,3.0,***,1112.0
1708,159,1712597088800,88.0,"He and Gordon Johnson and Mel Dorn and Vern Williams, they play poker and bowl and fish.",9968.0
1708,160,1712597094672,85.0,They fish every spring and early summer before visiting relatives can get in the way.,5872.0
1708,161,1712597097200,65.0,"They are decent men, family men, men who take care of their jobs.",2528.0
1708,162,1712597100000,65.0,"They have sons and daughters who go to school with our son, Dean.",2800.0
1708,163,1712597102464,55.0,Last Friday these family men left for the Naches River.,2464.0
1708,164,1712597105055,76.0,They parked the car in the mountains and hiked to where they wanted to fish.,2591.0
1708,165,1712597108072,76.0,"They carried their bedrolls, their food, their playing cards, their whiskey.",3017.0
1708,166,1712597110064,42.0,They saw the girl before they set up camp.,1992.0
1708,167,1712597111560,19.0,Mel Dorn found her.,1496.0
1708,168,1712597113056,25.0,No clothes on her at all.,1496.0
1708,169,1712597116496,64.0,She was wedged into some branches that stuck out over the water.,3440.0
1708,170,1712597118096,43.0,He called the others and they came to look.,1600.0
1708,171,1712597119408,29.0,They talked about what to do.,1312.0
1708,172,1712597128384,82.0,One of the men - my Stuart didn't say which - said they should start back at once.,8976.0
1708,173,1712597131704,86.0,"The others stirred the sand with their shoes, said they didn't feel inclined that way.",3320.0
1708,174,1712597137200,82.0,"They pleaded fatigue, the late hour, the fact that the girl wasn't going anywhere.",5496.0
1708,175,1712597140688,47.0,In the end they went ahead and set up the camp.,3488.0
1708,176,1712597141719,42.0,They built a fire and drank their whiskey.,1031.0
1708,177,1712597143496,50.0,"When the moon came up, they talked about the girl.",1776.0
1708,178,1712597145304,59.0,Someone said they should -keep the body from drifting away.,1808.0
1708,179,1712597146640,55.0,They took their flashlights and went back to the river.,1336.0
1708,180,1712597150216,66.0,One of the men - it might have been Stuart - waded in and got her.,3575.0
1708,181,1712597152536,53.0,He took her by the fingers and pulled her into shore.,2320.0
1708,182,1712597154239,87.0,He got some nylon cord and tied it to her wrist and then looped the rest around a tree.,1703.0
1708,183,1712597157888,99.0,"The next morning they cooked breakfast, drank coffee, and drank whiskey, and then split up to fish.",3649.0
1708,184,1712597161192,182.0,"That night they cooked fish, cooked potatoes, drank coffee, drank whiskey, then took their cooking things and eating things back down to the river and washed them where the girl was.",3304.0
1708,185,1712597162199,32.0,They played some cards later on.,1007.0
1708,186,1712597164303,55.0,Maybe they played until they couldn't see them anymore.,2104.0
1708,187,1712597165688,28.0,Vern Williams went to sleep.,1385.0
1708,188,1712597166895,28.0,But the others told stories.,1207.0
1708,189,1712597173112,100.0,Gordon Johnson said the trout they'd caught were hard because of the terrible coldness of the water.,6217.0
1708,190,1712597176728,154.0,"The next morning they got up late, drank whiskey, fished a little, took down their tents, rolled their sleeping bags, gathered their stuff, and hiked out.",3616.0
1708,191,1712597178384,41.0,They drove until they got to a telephone.,1656.0
1708,192,1712597181824,86.0,It was Stuart who made the call while the others stood around in the sun and listened.,3440.0
1708,193,1712597183272,32.0,He gave the sheriff their names.,1448.0
1708,194,1712597184520,25.0,They had nothing to hide.,1248.0
1708,195,1712597185368,21.0,They weren't ashamed.,848.0
1708,196,1712597187616,100.0,They said they'd wait until someone could come for better directions and take down their statements.,2248.0
1708,197,1712597188504,3.0,***,888.0
1708,198,1712597189504,30.0,I was asleep when he got home.,1000.0
1708,199,1712597190680,46.0,But I woke up when I heard him in the kitchen.,1176.0
1708,200,1712597192896,64.0,I found him leaning against the refrigerator with a can of beer.,2216.0
1708,201,1712597195551,68.0,He put his heavy arms around me and rubbed his big hands on my back.,2655.0
1708,202,1712597199328,85.0,In bed he put his hands on me again and then waited as if thinking of something else.,3777.0
1708,203,1712597201336,28.0,I turned and opened my legs.,2008.0
1708,204,1712597203016,36.0,"Afterwards, I think he stayed awake.",1680.0
1708,205,1712597207864,53.0,He was up that morning before I could get out of bed.,4848.0
1708,206,1712597209760,54.0,"To see if there was something in the paper, I suppose.",1896.0
1708,207,1712597211672,46.0,The telephone began ringing right after eight.,1912.0
1708,208,1712597212600,13.0,"""Go to hell!""",928.0
1708,209,1712597213496,18.0,I heard him shout.,896.0
1708,210,1712597214384,31.0,The telephone rang right again.,888.0
1708,211,1712597216744,59.0,"""I have nothing to add to what I already told the sheriff!""",2360.0
1708,212,1712597217672,29.0,He slammed the receiver down.,928.0
1708,213,1712597218792,27.0,"""What is going on?"" I said.",1120.0
1708,214,1712597220144,49.0,It was then that he told me what I just told you.,1352.0
1708,215,1712597220904,3.0,***,760.0
1708,216,1712597222752,44.0,I sweep up the broken dishes and go outside.,1848.0
1708,217,1712597227056,85.0,"He is lying on his back on the grass now, the newspaper and can of beer within reach.",4304.0
1708,218,1712597228968,41.0,"""Stuart, could we go for a drive?"" I say.",1912.0
1708,219,1712597230080,30.0,He rolls over and looks at me.,1112.0
1708,220,1712597231464,37.0,"""We'll pick up some beer,"" he says...",1384.0
1708,221,1712597234488,62.0,He gets to his feet and touches me on the hip as he goes past.,3024.0
1708,222,1712597235431,28.0,"""Give me a minute,"" he says.",943.0
1708,223,1712597236591,39.0,We drive through town without speaking.,1159.0
1708,224,1712597237903,39.0,He stops at a roadside market for beer.,1311.0
1708,225,1712597239736,54.0,I notice a great stack of papers just inside the door.,1832.0
1708,226,1712597242640,89.0,On the top step a fat woman in a print dress holds out a licorice stick to a little girl.,2904.0
1708,227,1712597244800,66.0,"Later on, we cross Everson Creek and turn into the picnic grounds.",2160.0
1708,228,1712597248824,79.0,The creek runs under the bridge and into a large pond a few hundred yards away.,4024.0
1708,229,1712597250600,28.0,I can see the men out there.,1775.0
1708,230,1712597252032,33.0,I can see them out there fishing.,1432.0
1708,231,1712597253960,31.0,So much water so close to home.,1928.0
1708,232,1712597256056,43.0,"I say, ""Why did you have to go miles away?""",2096.0
1708,233,1712597257208,25.0,"""Don't rile me,"" he says.",1152.0
1708,234,1712597258096,29.0,We sit on a bench in the sun.,888.0
1708,235,1712597260488,25.0,He opens us cans of beer.,2392.0
1708,236,1712597261568,25.0,"He says, ""Relax, Claire.""",1080.0
1708,237,1712597264832,30.0,"""They said they were innocent.",3264.0
1708,238,1712597266944,27.0,"They said they were crazy.""",2112.0
1708,239,1712597267736,15.0,"He says, ""Who?""",792.0
1708,240,1712597269400,38.0,"He says, ""What are you talking about?""",1664.0
1708,241,1712597270544,21.0,"""The Maddox brothers.",1144.0
1708,242,1712597273224,54.0,They killed a girl named Arlene Hubly where I grew up.,2680.0
1708,243,1712597275792,60.0,They cut off her head and threw her into the Cle Elum River.,2568.0
1708,244,1712597277720,31.0,"It happened when I was a girl.""",1928.0
1708,245,1712597279247,40.0,"""You're going to get me riled,"" he says.",1527.0
1708,246,1712597280327,20.0,I look at the creek.,1080.0
1708,247,1712597284015,79.0,"I'm right in it, eyes open, face down, staring at the moss on the bottom, dead.",3687.0
1708,248,1712597286151,62.0,"""I don't know what's wrong with you,"" he says on the way home.",2136.0
1708,249,1712597287927,45.0,"""You're getting me more riled by the minute.""",1776.0
1708,250,1712597289079,34.0,There is nothing I can say to him.,1152.0
1708,251,1712597290007,36.0,He tries to concentrate on the road.,928.0
1708,252,1712597291711,47.0,But he keeps looking into the rear-view mirror.,1704.0
1708,253,1712597292447,9.0,He knows.,736.0
1708,254,1712597293207,3.0,***,760.0
1708,255,1712597296560,52.0,Stuart believes he is letting me sleep this morning.,3353.0
1708,256,1712597298831,47.0,But I was awake long before the alarm went off.,2271.0
1708,257,1712597302319,74.0,"I was thinking, lying on the far side of the bed away from his hairy legs.",3488.0
1708,258,1712597305735,78.0,"He gets Dean off for school, and then he shaves, dresses, and leaves for work.",3416.0
1708,259,1712597308207,40.0,Twice he looks in and clears his throat.,2472.0
1708,260,1712597309167,26.0,But I keep my eyes closed.,959.0
1708,261,1712597310543,38.0,In the kitchen I find a note from him.,1376.0
1708,262,1712597311703,19.0,"It's signed ""Love.""",1160.0
1708,263,1712597314751,74.0,I sit in the breakfast nook and drink coffee and leave a ring on the note.,3048.0
1708,264,1712597317039,67.0,I look at the newspaper and turn it this way and that on the table.,2288.0
1708,265,1712597319295,43.0,Then I skid it close and read what it says.,2256.0
1708,266,1712597320847,38.0,"The body has been identified, claimed.",1552.0
1708,267,1712597328431,155.0,"But it took some examining it, some putting things into it, some cutting, some weighing, some measuring, some putting things back again and sewing them in.",7584.0
1708,268,1712597329935,57.0,I sit for a long time holding the newspaper and thinking.,1504.0
1708,269,1712597332479,51.0,Then I call up to get a chair at the hairdresser's.,2544.0
1708,270,1712597333135,3.0,***,656.0
1708,271,1712597335055,75.0,I sit under the dryer with a magazine on my lap and let Marnie do my nails.,1920.0
1708,272,1712597336855,42.0,"""I am going to a funeral tomorrow,"" I say.",1800.0
1708,273,1712597338055,38.0,"""I'm sorry to hear that,"" Marnie says.",1200.0
1708,274,1712597339343,25.0,"""It was a murder,"" I say.",1288.0
1708,275,1712597340655,37.0,"""That's the worst kind,"" Marnie says.",1312.0
1708,276,1712597341999,35.0,"""We weren't all that close,"" I say.",1344.0
1708,277,1712597342807,15.0,"""But you know?""",808.0
1708,278,1712597344591,45.0,"""We'll get you fixed up for it,"" Marnie says.",1784.0
1708,279,1712597351439,72.0,"That night I make my bed on the sofa, and in the morning I get up first.",6848.0
1708,280,1712597355271,50.0,I put on coffee and fix breakfast while he shaves.,3832.0
1708,281,1712597358487,76.0,"He appears in the kitchen doorway, towel over his bare shoulder, appraising.",3216.0
1708,282,1712597359735,23.0,"""Here's coffee,"" I say.",1248.0
1708,283,1712597360911,31.0,"""Eggs'll be ready in a minute.”",1176.0
1708,284,1712597362511,37.0,"I wake Dean, and the three of us eat.",1600.0
1708,285,1712597366783,79.0,"Whenever Stuart looks at me, I ask Dean if he wants more milk, more toast, etc.",4272.0
1708,286,1712597369087,56.0,"""I'll call you today,"" Stuart says as he opens the door.",2304.0
1708,287,1712597370815,42.0,"I say, ""I don't think I'll be home today.""",1728.0
1708,288,1712597371407,21.0,"""All right,"" he says.",592.0
1708,289,1712597371991,7.0,"""Sure.""",584.0
1708,290,1712597373183,18.0,I dress carefully.,1192.0
1708,291,1712597375407,48.0,I try on a hat and look at myself in the mirror.,2224.0
1708,292,1712597376535,28.0,I write out a note for Dean.,1128.0
1708,293,1712597379391,69.0,"Honey, Mommy has things to do this afternoon, but will be back later.",2856.0
1708,294,1712597382807,61.0,You stay in or be in the backyard until one of us comes home.,3416.0
1708,295,1712597383527,11.0,"Love, Mommy",720.0
1708,296,1712597386151,48.0,I look at the word Love and then I underline it.,2624.0
1708,297,1712597387343,29.0,Then I see the word backyard.,1192.0
1708,298,1712597388655,22.0,Is it one word or two?,1312.0
1708,299,1712597389495,3.0,***,840.0
1708,300,1712597393191,121.0,"I drive through farm country, through fields of oats and sugar beets and past apple orchards, cattle grazing in pastures.",3696.0
1708,301,1712597396135,99.0,"Then everything changes, more like shacks than farmhouses and stands of timber instead of orchards.",2944.0
1708,302,1712597403271,78.0,"Then mountains, and on the right, far below, I sometimes see the Naches River.",7136.0
1708,303,1712597408135,64.0,A green pickup comes up behind me and stays behind me for miles.,4864.0
1708,304,1712597411223,55.0,"I keep slowing at the wrong times, hoping he will pass.",3088.0
1708,305,1712597412551,16.0,Then I speed up.,1328.0
1708,306,1712597414471,36.0,"But this is at the wrong times, too.",1920.0
1708,307,1712597415959,39.0,I grip the wheel until my fingers hurt.,1488.0
1708,308,1712597418183,37.0,On a long clear stretch he goes past.,2224.0
1708,309,1712597422407,73.0,"But he drives along beside for a bit, a crewcut man in a blue work shirt.",4224.0
1708,310,1712597423487,24.0,We look each other over.,1080.0
1708,311,1712597425518,53.0,"Then he waves, toots his horn, and pulls on up ahead.",2031.0
1708,312,1712597426839,29.0,I slow down and find a place.,1321.0
1708,313,1712597428023,35.0,I pull over and shut off the motor.,1184.0
1708,314,1712597429647,42.0,I can hear the river down below the trees.,1624.0
1708,315,1712597431191,35.0,Then I hear the pickup coming back.,1544.0
1708,316,1712597432903,41.0,I lock the doors and roll up the windows.,1712.0
1708,317,1712597434023,30.0,"""You all right?"" the man says.",1120.0
1708,318,1712597434791,21.0,He raps on the glass.,768.0
1708,319,1712597435887,11.0,"""You okay?""",1096.0
1708,320,1712597437455,64.0,He leans his arms on the door and brings his face to the window.,1568.0
1708,321,1712597438278,15.0,I stare at him.,823.0
1708,322,1712597440311,30.0,I can't think what else to do.,2033.0
1708,323,1712597441239,34.0,"""Is everything all right in there?",928.0
1708,324,1712597442551,31.0,"How come you're all locked up?""",1312.0
1708,325,1712597443382,16.0,I shake my head.,831.0
1708,326,1712597444247,24.0,"""Roll down your window.""",865.0
1708,327,1712597447143,64.0,He shakes his head and looks at the highway and then back at me.,2896.0
1708,328,1712597447967,19.0,"""Roll it down now.""",824.0
1708,329,1712597449327,32.0,"""Please,"" I say, ""I have to go.""",1360.0
1708,330,1712597450663,50.0,"""Open the door,"" he says as if he isn't listening.",1336.0
1708,331,1712597452279,33.0,"""You're going to choke in there.""",1615.0
1708,332,1712597453911,32.0,"He looks at my breasts, my legs.",1632.0
1708,333,1712597456663,34.0,I can tell that's what he's doing.,2752.0
1708,334,1712597457871,22.0,"""Hey, sugar,"" he says.",1208.0
1708,335,1712597458783,31.0,"""I'm just here to help is all.""",912.0
1708,336,1712597459503,3.0,***,719.0
1708,337,1712597461343,52.0,The casket is closed and covered with floral sprays.,1840.0
1708,338,1712597463287,45.0,The organ starts up the minute I take a seat.,1944.0
1708,339,1712597465511,40.0,People are coming in and finding chairs.,2224.0
1708,340,1712597467543,63.0,There's a boy in flared pants and a yellow short-sleeved shirt.,2032.0
1708,341,1712597531583,100.0,A door opens and the family comes in in a group and moves over to a curtained place off to one side.,64040.0
1708,342,1712597533271,39.0,Chairs creak as everybody gets settled.,1688.0
1708,343,1712597535343,83.0,"Directly, a nice blond man in a nice dark suit stands and asks us to bow our heads.",2072.0
1708,344,1712597537359,105.0,"He says a prayer for us, the living, and when he finishes, he says a prayer for the soul of the departed.",2016.0
1708,345,1712597539167,43.0,Along with the others I go past the casket.,1808.0
1708,346,1712597541103,66.0,Then I move out onto the front steps and into the afternoon light.,1936.0
1708,347,1712597543342,66.0,There's a woman who limps as she goes down the stairs ahead of me.,2239.0
1708,348,1712597544607,33.0,On the sidewalk she looks around.,1264.0
1708,349,1712597546383,31.0,"""Well, they got him,"" she says.",1776.0
1708,350,1712597547775,27.0,"""If that's any consolation.",1392.0
1708,351,1712597548919,31.0,They arrested him this morning.,1144.0
1708,352,1712597550567,38.0,I heard it on the radio before I come.,1648.0
1708,353,1712597551942,26.0,"A boy right here in town.""",1375.0
1708,354,1712597553671,42.0,We move a few steps down the hot sidewalk.,1729.0
1708,355,1712597555262,25.0,People are starting cars.,1591.0
1708,356,1712597557111,49.0,I put out my hand and hold on to a parking meter.,1849.0
1708,357,1712597558567,36.0,Polished hoods and polished fenders.,1456.0
1708,358,1712597559535,14.0,My head swims.,968.0
1708,359,1712597561806,41.0,"I say, ""They have friends, these killers.",2271.0
1708,360,1712597563503,16.0,"You can't tell.""",1697.0
1708,361,1712597566519,70.0,"""I have known that child since she was a little girl,"" the woman says.",3016.0
1708,362,1712597570919,93.0,"""She used to come over and I'd bake cookies for her and let her eat them in front of the TV.""",4400.0
1708,363,1712597571615,3.0,***,696.0
1708,364,1712597574647,76.0,"Back home, Stuart sits at the table with a drink of whiskey in front of him.",3032.0
1708,365,1712597577143,57.0,For a crazy instant I think something's happened to Dean.,2496.0
1708,366,1712597578079,14.0,"""Where is he?""",936.0
1708,367,1712597578654,6.0,I say.,575.0
1708,368,1712597579415,16.0,"""Where is Dean?""",761.0
1708,369,1712597580358,27.0,"""Outside,"" my husband says.",943.0
1708,370,1712597581735,34.0,He drains his glass and stands up.,1377.0
1708,371,1712597583815,40.0,"He says, ""I think I know what you need.""",2080.0
1708,372,1712597588703,138.0,He reaches an arm around my waist and with his other hand he begins to unbutton my jacket and then he goes on to the buttons of my blouse.,4888.0
1708,373,1712597589863,30.0,"""First things first,"" he says.",1160.0
1708,374,1712597590711,23.0,He says something else.,848.0
1708,375,1712597591527,27.0,But I don't need to listen.,816.0
1708,376,1712597593191,46.0,I can't hear a thing with so much water going.,1664.0
1708,377,1712597593759,3.0,***,568.0
1691,136,1712614155494,3.0,***,2885.0
1691,137,1712614156789,37.0,My husband eats with a good appetite.,1295.0
1691,138,1712614158496,37.0,But I don't think he's really hungry.,1707.0
1691,139,1712614160683,69.0,"He chews, arms on the table, and stares at something across the room.",2187.0
1691,140,1712614161943,30.0,He looks at me and looks away.,1260.0
1691,141,1712614162929,33.0,He wipes his mouth on the napkin.,986.0
1691,142,1712614163840,30.0,"He shrugs, and goes on eating.",911.0
1691,143,1712614165456,42.0,"""What are you staring at me for?"" he says.",1616.0
1691,144,1712614167354,45.0,"""What is it?"" he says and lays down his fork.",1898.0
1691,145,1712614168814,42.0,"""Was I staring?"" I say, and shake my head.",1460.0
1691,146,1712614169664,20.0,The telephone rings.,850.0
1691,147,1712614170585,27.0,"""Don't answer it,"" he says.",921.0
1691,148,1712614172062,33.0,"""It might be your mother,"" I say.",1477.0
1691,149,1712614172973,25.0,"""Watch and see,"" he says.",911.0
1691,150,1712614174129,34.0,I pick up the receiver and listen.,1156.0
1691,151,1712614175009,24.0,My husband stops eating.,880.0
1691,152,1712614176986,46.0,"""What did I tell you?"" he says when I hang up.",1977.0
1691,153,1712614177727,23.0,He starts to eat again.,741.0
1691,154,1712614179092,36.0,Then throws his napkin on his plate.,1365.0
1691,155,1712614181144,63.0,"He says, ""Goddamn it, why can't people mind their own business?",2052.0
1691,156,1712614182560,41.0,Tell me what I did wrong and I'll listen!,1415.0
1691,157,1712614184161,28.0,I wasn't the only man there.,1601.0
1691,158,1712614185657,37.0,We talked it over and we all decided.,1496.0
1691,159,1712614186693,29.0,We couldn't just turn around.,1035.0
1691,160,1712614187835,32.0,We were five miles from the car.,1142.0
1691,161,1712614189426,34.0,I won't have you passing judgment.,1591.0
1691,162,1712614190056,13.0,"Do you hear?""",630.0
1691,163,1712614190988,18.0,"""You know,"" I say.",932.0
1691,164,1712614192653,33.0,"He says, ""What do I know, Claire?",1665.0
1691,165,1712614193789,34.0,Tell me what I'm supposed to know.,1136.0
1691,166,1712614195340,40.0,"I don't know anything except one thing?""",1551.0
1691,167,1712614196606,48.0,He gives me what he thinks is a meaningful look.,1265.0
1691,168,1712614197817,24.0,"""She was dead,"" he says.",1211.0
1691,169,1712614199224,33.0,"""And I'm as sorry as anyone else.",1407.0
1691,170,1712614199854,18.0,"But she was dead.""",630.0
1691,171,1712614200639,26.0,"""That's the point,"" I say.",785.0
1691,172,1712614201320,20.0,He raises his hands.,681.0
1691,173,1712614202151,40.0,He pushes his chair away from the table.,831.0
1691,174,1712614204838,72.0,He takes out his cigarettes and goes out to the back with a can of beer.,2687.0
1691,175,1712614206945,64.0,I see him sit in the lawn chair and pick up the newspaper again.,2107.0
1691,176,1712614208336,39.0,His name is in there on the first page.,1391.0
1691,177,1712614209257,36.0,Along with the names of his friends.,921.0
1691,178,1712614210217,40.0,I close my eyes and hold on to the sink.,960.0
1691,179,1712614212999,74.0,Then I rake my arm across the drainboard and send the dishes to the floor.,2782.0
1691,180,1712614213769,16.0,He doesn't move.,770.0
1691,181,1712614214671,18.0,I know he's heard.,902.0
1691,182,1712614216167,40.0,He lifts his head as if still listening.,1496.0
1691,183,1712614217288,30.0,But he doesn't move otherwise.,1121.0
1691,184,1712614218209,23.0,He doesn't turn around.,921.0
1691,185,1712614219059,3.0,***,850.0
1691,186,1712614222542,88.0,"He and Gordon Johnson and Mel Dorn and Vern Williams, they play poker and bowl and fish.",3483.0
1691,187,1712614225975,85.0,They fish every spring and early summer before visiting relatives can get in the way.,3433.0
1691,188,1712614228242,65.0,"They are decent men, family men, men who take care of their jobs.",2267.0
1691,189,1712614230339,65.0,"They have sons and daughters who go to school with our son, Dean.",2097.0
1691,190,1712614232725,55.0,Last Friday these family men left for the Naches River.,2386.0
1691,191,1712614234877,76.0,They parked the car in the mountains and hiked to where they wanted to fish.,2152.0
1691,192,1712614237078,76.0,"They carried their bedrolls, their food, their playing cards, their whiskey.",2201.0
1691,193,1712614238365,42.0,They saw the girl before they set up camp.,1286.0
1691,194,1712614239640,19.0,Mel Dorn found her.,1275.0
1691,195,1712614240702,25.0,No clothes on her at all.,1062.0
1691,196,1712614242929,64.0,She was wedged into some branches that stuck out over the water.,2227.0
1691,197,1712614244074,43.0,He called the others and they came to look.,1145.0
1691,198,1712614244990,29.0,They talked about what to do.,915.0
1691,199,1712614248262,82.0,One of the men - my Stuart didn't say which - said they should start back at once.,3272.0
1691,200,1712614250920,86.0,"The others stirred the sand with their shoes, said they didn't feel inclined that way.",2658.0
1691,201,1712614253606,82.0,"They pleaded fatigue, the late hour, the fact that the girl wasn't going anywhere.",2686.0
1691,202,1712614254932,47.0,In the end they went ahead and set up the camp.,1326.0
1691,203,1712614255873,42.0,They built a fire and drank their whiskey.,941.0
1691,204,1712614257009,50.0,"When the moon came up, they talked about the girl.",1136.0
1691,205,1712614258806,59.0,Someone said they should -keep the body from drifting away.,1797.0
1691,206,1712614259996,55.0,They took their flashlights and went back to the river.,1190.0
1691,207,1712614261758,66.0,One of the men - it might have been Stuart - waded in and got her.,1762.0
1691,208,1712614263114,53.0,He took her by the fingers and pulled her into shore.,1356.0
1691,209,1712614265467,87.0,He got some nylon cord and tied it to her wrist and then looped the rest around a tree.,2353.0
1691,210,1712614267603,99.0,"The next morning they cooked breakfast, drank coffee, and drank whiskey, and then split up to fish.",2136.0
1691,211,1712614275107,182.0,"That night they cooked fish, cooked potatoes, drank coffee, drank whiskey, then took their cooking things and eating things back down to the river and washed them where the girl was.",7504.0
1691,212,1712614275975,32.0,They played some cards later on.,867.0
1691,213,1712614278075,55.0,Maybe they played until they couldn't see them anymore.,2100.0
1691,214,1712614278906,28.0,Vern Williams went to sleep.,831.0
1691,215,1712614279617,28.0,But the others told stories.,711.0
1691,216,1712614283094,100.0,Gordon Johnson said the trout they'd caught were hard because of the terrible coldness of the water.,3477.0
1691,217,1712614286842,154.0,"The next morning they got up late, drank whiskey, fished a little, took down their tents, rolled their sleeping bags, gathered their stuff, and hiked out.",3748.0
1691,218,1712614287773,41.0,They drove until they got to a telephone.,931.0
1691,219,1712614289869,86.0,It was Stuart who made the call while the others stood around in the sun and listened.,2096.0
1691,220,1712614290715,32.0,He gave the sheriff their names.,846.0
1691,221,1712614291435,25.0,They had nothing to hide.,720.0
1691,222,1712614292046,21.0,They weren't ashamed.,611.0
1691,223,1712614294814,100.0,They said they'd wait until someone could come for better directions and take down their statements.,2768.0
1691,224,1712614295419,3.0,***,605.0
1691,225,1712614296229,30.0,I was asleep when he got home.,810.0
1691,226,1712614297295,46.0,But I woke up when I heard him in the kitchen.,1066.0
1691,227,1712614298611,64.0,I found him leaning against the refrigerator with a can of beer.,1316.0
1691,228,1712614300527,68.0,He put his heavy arms around me and rubbed his big hands on my back.,1916.0
1691,229,1712614303499,85.0,In bed he put his hands on me again and then waited as if thinking of something else.,2971.0
1691,230,1712614304375,28.0,I turned and opened my legs.,876.0
1691,231,1712614305320,36.0,"Afterwards, I think he stayed awake.",944.0
1691,232,1712614307542,53.0,He was up that morning before I could get out of bed.,2222.0
1691,233,1712614309189,54.0,"To see if there was something in the paper, I suppose.",1647.0
1691,234,1712614310350,46.0,The telephone began ringing right after eight.,1161.0
1691,235,1712614310885,13.0,"""Go to hell!""",535.0
1691,236,1712614311615,18.0,I heard him shout.,730.0
1691,237,1712614312241,31.0,The telephone rang right again.,626.0
1691,238,1712614313938,59.0,"""I have nothing to add to what I already told the sheriff!""",1697.0
1691,239,1712614314572,29.0,He slammed the receiver down.,634.0
1691,240,1712614315344,27.0,"""What is going on?"" I said.",772.0
1691,241,1712614316729,49.0,It was then that he told me what I just told you.,1385.0
1691,242,1712614317525,3.0,***,795.0
1691,243,1712614318992,44.0,I sweep up the broken dishes and go outside.,1466.0
1691,244,1712614322183,85.0,"He is lying on his back on the grass now, the newspaper and can of beer within reach.",3191.0
1691,245,1712614323469,41.0,"""Stuart, could we go for a drive?"" I say.",1286.0
1691,246,1712614324296,30.0,He rolls over and looks at me.,826.0
1691,247,1712614325461,37.0,"""We'll pick up some beer,"" he says...",1165.0
1691,248,1712614327333,62.0,He gets to his feet and touches me on the hip as he goes past.,1871.0
1691,249,1712614328108,28.0,"""Give me a minute,"" he says.",775.0
1691,250,1712614329209,39.0,We drive through town without speaking.,1101.0
1691,251,1712614330310,39.0,He stops at a roadside market for beer.,1101.0
1691,252,1712614332201,54.0,I notice a great stack of papers just inside the door.,1891.0
1691,253,1712614335689,89.0,On the top step a fat woman in a print dress holds out a licorice stick to a little girl.,3488.0
1691,254,1712614337541,66.0,"Later on, we cross Everson Creek and turn into the picnic grounds.",1852.0
1691,255,1712614340092,79.0,The creek runs under the bridge and into a large pond a few hundred yards away.,2551.0
1691,256,1712614341158,28.0,I can see the men out there.,1066.0
1691,257,1712614342974,33.0,I can see them out there fishing.,1816.0
1691,258,1712614344161,31.0,So much water so close to home.,1186.0
1691,259,1712614345936,43.0,"I say, ""Why did you have to go miles away?""",1775.0
1691,260,1712614346862,25.0,"""Don't rile me,"" he says.",925.0
1691,261,1712614348004,29.0,We sit on a bench in the sun.,1141.0
1691,262,1712614349229,25.0,He opens us cans of beer.,1225.0
1691,263,1712614350009,25.0,"He says, ""Relax, Claire.""",780.0
1691,264,1712614351185,30.0,"""They said they were innocent.",1176.0
1691,265,1712614352075,27.0,"They said they were crazy.""",890.0
1691,266,1712614352922,15.0,"He says, ""Who?""",846.0
1691,267,1712614353978,38.0,"He says, ""What are you talking about?""",1056.0
1691,268,1712614354924,21.0,"""The Maddox brothers.",946.0
1691,269,1712614357755,54.0,They killed a girl named Arlene Hubly where I grew up.,2830.0
1691,270,1712614359951,60.0,They cut off her head and threw her into the Cle Elum River.,2196.0
1691,271,1712614361229,31.0,"It happened when I was a girl.""",1278.0
1691,272,1712614362594,40.0,"""You're going to get me riled,"" he says.",1365.0
1691,273,1712614363325,20.0,I look at the creek.,731.0
1691,274,1712614367209,79.0,"I'm right in it, eyes open, face down, staring at the moss on the bottom, dead.",3884.0
1691,275,1712614368854,62.0,"""I don't know what's wrong with you,"" he says on the way home.",1645.0
1691,276,1712614370230,45.0,"""You're getting me more riled by the minute.""",1375.0
1691,277,1712614371506,34.0,There is nothing I can say to him.,1276.0
1691,278,1712614372428,36.0,He tries to concentrate on the road.,922.0
1691,279,1712614373769,47.0,But he keeps looking into the rear-view mirror.,1341.0
1691,280,1712614374358,9.0,He knows.,589.0
1691,281,1712614374849,3.0,***,491.0
1691,282,1712614376686,52.0,Stuart believes he is letting me sleep this morning.,1837.0
1691,283,1712614377926,47.0,But I was awake long before the alarm went off.,1240.0
1691,284,1712614381114,74.0,"I was thinking, lying on the far side of the bed away from his hairy legs.",3188.0
1691,285,1712614383306,78.0,"He gets Dean off for school, and then he shaves, dresses, and leaves for work.",2192.0
1691,286,1712614384472,40.0,Twice he looks in and clears his throat.,1166.0
1691,287,1712614385182,26.0,But I keep my eyes closed.,710.0
1691,288,1712614386132,38.0,In the kitchen I find a note from him.,950.0
1691,289,1712614386843,19.0,"It's signed ""Love.""",711.0
1691,290,1712614388990,74.0,I sit in the breakfast nook and drink coffee and leave a ring on the note.,2147.0
1691,291,1712614392467,67.0,I look at the newspaper and turn it this way and that on the table.,3477.0
1691,292,1712614393759,43.0,Then I skid it close and read what it says.,1291.0
1691,293,1712614395030,38.0,"The body has been identified, claimed.",1271.0
1691,294,1712614400399,155.0,"But it took some examining it, some putting things into it, some cutting, some weighing, some measuring, some putting things back again and sewing them in.",5368.0
1691,295,1712614402099,57.0,I sit for a long time holding the newspaper and thinking.,1700.0
1691,296,1712614405602,51.0,Then I call up to get a chair at the hairdresser's.,3503.0
1691,297,1712614406121,3.0,***,519.0
1691,298,1712614409134,75.0,I sit under the dryer with a magazine on my lap and let Marnie do my nails.,3012.0
1691,299,1712614411041,42.0,"""I am going to a funeral tomorrow,"" I say.",1907.0
1691,300,1712614411866,38.0,"""I'm sorry to hear that,"" Marnie says.",825.0
1691,301,1712614412651,25.0,"""It was a murder,"" I say.",785.0
1691,302,1712614413427,37.0,"""That's the worst kind,"" Marnie says.",776.0
1691,303,1712614414843,35.0,"""We weren't all that close,"" I say.",1416.0
1691,304,1712614415473,15.0,"""But you know?""",630.0
1691,305,1712614416954,45.0,"""We'll get you fixed up for it,"" Marnie says.",1481.0
1691,306,1712614419016,72.0,"That night I make my bed on the sofa, and in the morning I get up first.",2062.0
1691,307,1712614420516,50.0,I put on coffee and fix breakfast while he shaves.,1500.0
1691,308,1712614422547,76.0,"He appears in the kitchen doorway, towel over his bare shoulder, appraising.",2031.0
1691,309,1712614423372,23.0,"""Here's coffee,"" I say.",825.0
1691,310,1712614424358,31.0,"""Eggs'll be ready in a minute.”",986.0
1691,311,1712614425554,37.0,"I wake Dean, and the three of us eat.",1196.0
1691,312,1712614428336,79.0,"Whenever Stuart looks at me, I ask Dean if he wants more milk, more toast, etc.",2782.0
1691,313,1712614429812,56.0,"""I'll call you today,"" Stuart says as he opens the door.",1476.0
1691,314,1712614430998,42.0,"I say, ""I don't think I'll be home today.""",1186.0
1691,315,1712614431563,21.0,"""All right,"" he says.",565.0
1691,316,1712614432158,7.0,"""Sure.""",594.0
1691,317,1712614432778,18.0,I dress carefully.,620.0
1691,318,1712614435866,48.0,I try on a hat and look at myself in the mirror.,3087.0
1691,319,1712614436921,28.0,I write out a note for Dean.,1055.0
1691,320,1712614439594,69.0,"Honey, Mommy has things to do this afternoon, but will be back later.",2673.0
1691,321,1712614442308,61.0,You stay in or be in the backyard until one of us comes home.,2714.0
1691,322,1712614442809,11.0,"Love, Mommy",501.0
1691,323,1712614444500,48.0,I look at the word Love and then I underline it.,1691.0
1691,324,1712614446903,29.0,Then I see the word backyard.,2403.0
1691,325,1712614447952,22.0,Is it one word or two?,1049.0
1691,326,1712614448548,3.0,***,596.0
1691,327,1712614452276,121.0,"I drive through farm country, through fields of oats and sugar beets and past apple orchards, cattle grazing in pastures.",3728.0
1691,328,1712614456668,99.0,"Then everything changes, more like shacks than farmhouses and stands of timber instead of orchards.",4392.0
1691,329,1712614460859,78.0,"Then mountains, and on the right, far below, I sometimes see the Naches River.",4191.0
1691,330,1712614463186,64.0,A green pickup comes up behind me and stays behind me for miles.,2327.0
1691,331,1712614465632,55.0,"I keep slowing at the wrong times, hoping he will pass.",2446.0
1691,332,1712614466208,16.0,Then I speed up.,576.0
1691,333,1712614467504,36.0,"But this is at the wrong times, too.",1296.0
1691,334,1712614468817,39.0,I grip the wheel until my fingers hurt.,1313.0
1691,335,1712614470155,37.0,On a long clear stretch he goes past.,1338.0
1691,336,1712614472466,73.0,"But he drives along beside for a bit, a crewcut man in a blue work shirt.",2311.0
1691,337,1712614473402,24.0,We look each other over.,936.0
1691,338,1712614474929,53.0,"Then he waves, toots his horn, and pulls on up ahead.",1525.0
1691,339,1712614475964,29.0,I slow down and find a place.,1035.0
1691,340,1712614476875,35.0,I pull over and shut off the motor.,911.0
1691,341,1712614478331,42.0,I can hear the river down below the trees.,1455.0
1691,342,1712614479841,35.0,Then I hear the pickup coming back.,1510.0
1691,343,1712614480984,41.0,I lock the doors and roll up the windows.,1142.0
1691,344,1712614481843,30.0,"""You all right?"" the man says.",859.0
1691,345,1712614482443,21.0,He raps on the glass.,600.0
1691,346,1712614482899,11.0,"""You okay?""",456.0
1691,347,1712614485002,64.0,He leans his arms on the door and brings his face to the window.,2103.0
1691,348,1712614485641,15.0,I stare at him.,639.0
1691,349,1712614486822,30.0,I can't think what else to do.,1181.0
1691,350,1712614487937,34.0,"""Is everything all right in there?",1115.0
1691,351,1712614489168,31.0,"How come you're all locked up?""",1231.0
1691,352,1712614489728,16.0,I shake my head.,560.0
1691,353,1712614490438,24.0,"""Roll down your window.""",710.0
1691,354,1712614492220,64.0,He shakes his head and looks at the highway and then back at me.,1782.0
1691,355,1712614492946,19.0,"""Roll it down now.""",726.0
1691,356,1712614493921,32.0,"""Please,"" I say, ""I have to go.""",975.0
1691,357,1712614495247,50.0,"""Open the door,"" he says as if he isn't listening.",1326.0
1691,358,1712614496322,33.0,"""You're going to choke in there.""",1075.0
1691,359,1712614497549,32.0,"He looks at my breasts, my legs.",1227.0
1691,360,1712614498824,34.0,I can tell that's what he's doing.,1275.0
1691,361,1712614499555,22.0,"""Hey, sugar,"" he says.",731.0
1691,362,1712614500515,31.0,"""I'm just here to help is all.""",960.0
1691,363,1712614501097,3.0,***,582.0
1691,364,1712614502772,52.0,The casket is closed and covered with floral sprays.,1675.0
1691,365,1712614504243,45.0,The organ starts up the minute I take a seat.,1471.0
1691,366,1712614505604,40.0,People are coming in and finding chairs.,1361.0
1691,367,1712614507501,63.0,There's a boy in flared pants and a yellow short-sleeved shirt.,1897.0
1691,368,1712614512379,100.0,A door opens and the family comes in in a group and moves over to a curtained place off to one side.,4877.0
1691,369,1712614513924,39.0,Chairs creak as everybody gets settled.,1545.0
1691,370,1712614518743,83.0,"Directly, a nice blond man in a nice dark suit stands and asks us to bow our heads.",4819.0
1691,371,1712614521821,105.0,"He says a prayer for us, the living, and when he finishes, he says a prayer for the soul of the departed.",3078.0
1691,372,1712614523276,43.0,Along with the others I go past the casket.,1455.0
1691,373,1712614524676,66.0,Then I move out onto the front steps and into the afternoon light.,1400.0
1691,374,1712614526850,66.0,There's a woman who limps as she goes down the stairs ahead of me.,2174.0
1691,375,1712614527904,33.0,On the sidewalk she looks around.,1054.0
1691,376,1712614529180,31.0,"""Well, they got him,"" she says.",1276.0
1691,377,1712614530216,27.0,"""If that's any consolation.",1036.0
1691,378,1712614531281,31.0,They arrested him this morning.,1065.0
1691,379,1712614532301,38.0,I heard it on the radio before I come.,1020.0
1691,380,1712614533172,26.0,"A boy right here in town.""",870.0
1691,381,1712614534564,42.0,We move a few steps down the hot sidewalk.,1392.0
1691,382,1712614535245,25.0,People are starting cars.,679.0
1691,383,1712614536999,49.0,I put out my hand and hold on to a parking meter.,1754.0
1691,384,1712614538511,36.0,Polished hoods and polished fenders.,1511.0
1691,385,1712614539223,14.0,My head swims.,712.0
1691,386,1712614541559,41.0,"I say, ""They have friends, these killers.",2336.0
1691,387,1712614542189,16.0,"You can't tell.""",630.0
1691,388,1712614544260,70.0,"""I have known that child since she was a little girl,"" the woman says.",2071.0
1691,389,1712614546946,93.0,"""She used to come over and I'd bake cookies for her and let her eat them in front of the TV.""",2686.0
1691,390,1712614547501,3.0,***,555.0
1691,391,1712614549904,76.0,"Back home, Stuart sits at the table with a drink of whiskey in front of him.",2403.0
1691,392,1712614551725,57.0,For a crazy instant I think something's happened to Dean.,1821.0
1691,393,1712614552225,14.0,"""Where is he?""",500.0
1691,394,1712614552686,6.0,I say.,461.0
1691,395,1712614553136,16.0,"""Where is Dean?""",449.0
1691,396,1712614553786,27.0,"""Outside,"" my husband says.",650.0
1691,397,1712614554852,34.0,He drains his glass and stands up.,1066.0
1691,398,1712614556529,40.0,"He says, ""I think I know what you need.""",1676.0
1691,399,1712614561416,138.0,He reaches an arm around my waist and with his other hand he begins to unbutton my jacket and then he goes on to the buttons of my blouse.,4887.0
1691,400,1712614562388,30.0,"""First things first,"" he says.",972.0
1691,401,1712614563193,23.0,He says something else.,805.0
1691,402,1712614563898,27.0,But I don't need to listen.,705.0
1691,403,1712614566029,46.0,I can't hear a thing with so much water going.,2131.0
1691,404,1712614566541,3.0,***,511.0
1631,125,1712427788328,3.0,***,1555.0
1631,126,1712427790244,37.0,My husband eats with a good appetite.,1916.0
1631,127,1712427792118,37.0,But I don't think he's really hungry.,1874.0
1631,128,1712427795475,69.0,"He chews, arms on the table, and stares at something across the room.",3356.0
1631,129,1712427796828,30.0,He looks at me and looks away.,1353.0
1631,130,1712427798314,33.0,He wipes his mouth on the napkin.,1486.0
1631,131,1712427800016,30.0,"He shrugs, and goes on eating.",1702.0
1631,132,1712427801836,42.0,"""What are you staring at me for?"" he says.",1820.0
1631,133,1712427804814,45.0,"""What is it?"" he says and lays down his fork.",2977.0
1631,134,1712427806767,42.0,"""Was I staring?"" I say, and shake my head.",1953.0
1631,135,1712427807627,20.0,The telephone rings.,859.0
1631,136,1712427808537,27.0,"""Don't answer it,"" he says.",909.0
1631,137,1712427810129,33.0,"""It might be your mother,"" I say.",1592.0
1631,138,1712427811179,25.0,"""Watch and see,"" he says.",1050.0
1631,139,1712427812117,34.0,I pick up the receiver and listen.,938.0
1631,140,1712427813189,24.0,My husband stops eating.,1072.0
1631,141,1712427814552,46.0,"""What did I tell you?"" he says when I hang up.",1363.0
1631,142,1712427815802,23.0,He starts to eat again.,1250.0
1631,143,1712427817729,36.0,Then throws his napkin on his plate.,1927.0
1631,144,1712427820232,63.0,"He says, ""Goddamn it, why can't people mind their own business?",2503.0
1631,145,1712427825665,41.0,Tell me what I did wrong and I'll listen!,5433.0
1631,146,1712427829368,28.0,I wasn't the only man there.,3703.0
1631,147,1712427830614,37.0,We talked it over and we all decided.,1246.0
1631,148,1712427832062,29.0,We couldn't just turn around.,1448.0
1631,149,1712427833102,32.0,We were five miles from the car.,1040.0
1631,150,1712427834424,34.0,I won't have you passing judgment.,1322.0
1631,151,1712427835228,13.0,"Do you hear?""",804.0
1631,152,1712427836610,18.0,"""You know,"" I say.",1382.0
1631,153,1712427837814,33.0,"He says, ""What do I know, Claire?",1204.0
1631,154,1712427839184,34.0,Tell me what I'm supposed to know.,1370.0
1631,155,1712427840997,40.0,"I don't know anything except one thing?""",1813.0
1631,156,1712427842989,48.0,He gives me what he thinks is a meaningful look.,1992.0
1631,157,1712427843962,24.0,"""She was dead,"" he says.",972.0
1631,158,1712427846392,33.0,"""And I'm as sorry as anyone else.",2430.0
1631,159,1712427847135,18.0,"But she was dead.""",743.0
1631,160,1712427847762,26.0,"""That's the point,"" I say.",627.0
1631,161,1712427848452,20.0,He raises his hands.,690.0
1631,162,1712427849548,40.0,He pushes his chair away from the table.,1096.0
1631,163,1712427852049,72.0,He takes out his cigarettes and goes out to the back with a can of beer.,2500.0
1631,164,1712427854878,64.0,I see him sit in the lawn chair and pick up the newspaper again.,2829.0
1631,165,1712427856441,39.0,His name is in there on the first page.,1563.0
1631,166,1712427857322,36.0,Along with the names of his friends.,880.0
1631,167,1712427858415,40.0,I close my eyes and hold on to the sink.,1093.0
1631,168,1712427861757,74.0,Then I rake my arm across the drainboard and send the dishes to the floor.,3342.0
1631,169,1712427862593,16.0,He doesn't move.,836.0
1631,170,1712427863226,18.0,I know he's heard.,633.0
1631,171,1712427864507,40.0,He lifts his head as if still listening.,1281.0
1631,172,1712427866922,30.0,But he doesn't move otherwise.,2415.0
1631,173,1712427867605,23.0,He doesn't turn around.,683.0
1631,174,1712427868215,3.0,***,610.0
1631,175,1712427877601,88.0,"He and Gordon Johnson and Mel Dorn and Vern Williams, they play poker and bowl and fish.",9385.0
1631,176,1712427880591,85.0,They fish every spring and early summer before visiting relatives can get in the way.,2990.0
1631,177,1712427882981,65.0,"They are decent men, family men, men who take care of their jobs.",2390.0
1631,178,1712427885748,65.0,"They have sons and daughters who go to school with our son, Dean.",2767.0
1631,179,1712427888603,55.0,Last Friday these family men left for the Naches River.,2855.0
1631,180,1712427890637,76.0,They parked the car in the mountains and hiked to where they wanted to fish.,2032.0
1631,181,1712427892729,76.0,"They carried their bedrolls, their food, their playing cards, their whiskey.",2092.0
1631,182,1712427894388,42.0,They saw the girl before they set up camp.,1659.0
1631,183,1712427895279,19.0,Mel Dorn found her.,891.0
1631,184,1712427896080,25.0,No clothes on her at all.,801.0
1631,185,1712427898220,64.0,She was wedged into some branches that stuck out over the water.,2140.0
1631,186,1712427899598,43.0,He called the others and they came to look.,1378.0
1631,187,1712427901095,29.0,They talked about what to do.,1496.0
1631,188,1712427906745,82.0,One of the men - my Stuart didn't say which - said they should start back at once.,5649.0
1631,189,1712427909835,86.0,"The others stirred the sand with their shoes, said they didn't feel inclined that way.",3090.0
1631,190,1712427913013,82.0,"They pleaded fatigue, the late hour, the fact that the girl wasn't going anywhere.",3177.0
1631,191,1712427914410,47.0,In the end they went ahead and set up the camp.,1397.0
1631,192,1712427915223,42.0,They built a fire and drank their whiskey.,812.0
1631,193,1712427916202,50.0,"When the moon came up, they talked about the girl.",979.0
1631,194,1712427919026,59.0,Someone said they should -keep the body from drifting away.,2824.0
1631,195,1712427920364,55.0,They took their flashlights and went back to the river.,1338.0
1631,196,1712427922371,66.0,One of the men - it might have been Stuart - waded in and got her.,2007.0
1631,197,1712427923974,53.0,He took her by the fingers and pulled her into shore.,1603.0
1631,198,1712427926440,87.0,He got some nylon cord and tied it to her wrist and then looped the rest around a tree.,2466.0
1631,199,1712427928086,99.0,"The next morning they cooked breakfast, drank coffee, and drank whiskey, and then split up to fish.",1646.0
1631,200,1712427932401,182.0,"That night they cooked fish, cooked potatoes, drank coffee, drank whiskey, then took their cooking things and eating things back down to the river and washed them where the girl was.",4315.0
1631,201,1712427933046,32.0,They played some cards later on.,645.0
1631,202,1712427934875,55.0,Maybe they played until they couldn't see them anymore.,1829.0
1631,203,1712427935789,28.0,Vern Williams went to sleep.,914.0
1631,204,1712427936408,28.0,But the others told stories.,619.0
1631,205,1712427939535,100.0,Gordon Johnson said the trout they'd caught were hard because of the terrible coldness of the water.,3127.0
1631,206,1712427944587,154.0,"The next morning they got up late, drank whiskey, fished a little, took down their tents, rolled their sleeping bags, gathered their stuff, and hiked out.",5051.0
1631,207,1712427945506,41.0,They drove until they got to a telephone.,919.0
1631,208,1712427947659,86.0,It was Stuart who made the call while the others stood around in the sun and listened.,2152.0
1631,209,1712427948677,32.0,He gave the sheriff their names.,1018.0
1631,210,1712427949316,25.0,They had nothing to hide.,639.0
1631,211,1712427949847,21.0,They weren't ashamed.,530.0
1631,212,1712427951722,100.0,They said they'd wait until someone could come for better directions and take down their statements.,1875.0
1631,213,1712427952159,3.0,***,437.0
1631,214,1712427952739,30.0,I was asleep when he got home.,579.0
1631,215,1712427955113,46.0,But I woke up when I heard him in the kitchen.,2374.0
1631,216,1712427957416,64.0,I found him leaning against the refrigerator with a can of beer.,2303.0
1631,217,1712427959346,68.0,He put his heavy arms around me and rubbed his big hands on my back.,1930.0
1631,218,1712427972175,85.0,In bed he put his hands on me again and then waited as if thinking of something else.,12829.0
1631,219,1712427973003,28.0,I turned and opened my legs.,828.0
1631,220,1712427974221,36.0,"Afterwards, I think he stayed awake.",1218.0
1631,221,1712427975990,53.0,He was up that morning before I could get out of bed.,1768.0
1631,222,1712427977520,54.0,"To see if there was something in the paper, I suppose.",1530.0
1631,223,1712427978767,46.0,The telephone began ringing right after eight.,1247.0
1631,224,1712427979398,13.0,"""Go to hell!""",630.0
1631,225,1712427980405,18.0,I heard him shout.,1007.0
1631,226,1712427981154,31.0,The telephone rang right again.,749.0
1631,227,1712427982934,59.0,"""I have nothing to add to what I already told the sheriff!""",1780.0
1631,228,1712427983692,29.0,He slammed the receiver down.,758.0
1631,229,1712427984353,27.0,"""What is going on?"" I said.",661.0
1631,230,1712427987188,49.0,It was then that he told me what I just told you.,2835.0
1631,231,1712427987873,3.0,***,685.0
1631,232,1712427989888,44.0,I sweep up the broken dishes and go outside.,2015.0
1631,233,1712427992090,85.0,"He is lying on his back on the grass now, the newspaper and can of beer within reach.",2202.0
1631,234,1712427993201,41.0,"""Stuart, could we go for a drive?"" I say.",1111.0
1631,235,1712427995538,30.0,He rolls over and looks at me.,2336.0
1631,236,1712427998628,37.0,"""We'll pick up some beer,"" he says...",3090.0
1631,237,1712428001948,62.0,He gets to his feet and touches me on the hip as he goes past.,3320.0
1631,238,1712428002756,28.0,"""Give me a minute,"" he says.",808.0
1631,239,1712428003930,39.0,We drive through town without speaking.,1174.0
1631,240,1712428005259,39.0,He stops at a roadside market for beer.,1329.0
1631,241,1712428006622,54.0,I notice a great stack of papers just inside the door.,1363.0
1631,242,1712428012161,89.0,On the top step a fat woman in a print dress holds out a licorice stick to a little girl.,5539.0
1631,243,1712428013943,66.0,"Later on, we cross Everson Creek and turn into the picnic grounds.",1782.0
1631,244,1712428023479,79.0,The creek runs under the bridge and into a large pond a few hundred yards away.,9536.0
1631,245,1712428024696,28.0,I can see the men out there.,1217.0
1631,246,1712428025787,33.0,I can see them out there fishing.,1091.0
1631,247,1712428026957,31.0,So much water so close to home.,1170.0
1631,248,1712428028495,43.0,"I say, ""Why did you have to go miles away?""",1538.0
1631,249,1712428029344,25.0,"""Don't rile me,"" he says.",849.0
1631,250,1712428030429,29.0,We sit on a bench in the sun.,1085.0
1631,251,1712428031140,25.0,He opens us cans of beer.,711.0
1631,252,1712428031967,25.0,"He says, ""Relax, Claire.""",827.0
1631,253,1712428032791,30.0,"""They said they were innocent.",824.0
1631,254,1712428033697,27.0,"They said they were crazy.""",906.0
1631,255,1712428034471,15.0,"He says, ""Who?""",773.0
1631,256,1712428035286,38.0,"He says, ""What are you talking about?""",815.0
1631,257,1712428035970,21.0,"""The Maddox brothers.",684.0
1631,258,1712428037683,54.0,They killed a girl named Arlene Hubly where I grew up.,1713.0
1631,259,1712428041233,60.0,They cut off her head and threw her into the Cle Elum River.,3550.0
1631,260,1712428043544,31.0,"It happened when I was a girl.""",2310.0
1631,261,1712428044781,40.0,"""You're going to get me riled,"" he says.",1237.0
1631,262,1712428045468,20.0,I look at the creek.,686.0
1631,263,1712428049585,79.0,"I'm right in it, eyes open, face down, staring at the moss on the bottom, dead.",4117.0
1631,264,1712428051097,62.0,"""I don't know what's wrong with you,"" he says on the way home.",1512.0
1631,265,1712428057362,45.0,"""You're getting me more riled by the minute.""",6265.0
1631,266,1712428058137,34.0,There is nothing I can say to him.,774.0
1631,267,1712428058956,36.0,He tries to concentrate on the road.,819.0
1631,268,1712428060130,47.0,But he keeps looking into the rear-view mirror.,1174.0
1631,269,1712428060785,9.0,He knows.,655.0
1631,270,1712428061326,3.0,***,541.0
1631,271,1712428069880,52.0,Stuart believes he is letting me sleep this morning.,8554.0
1631,272,1712428074377,47.0,But I was awake long before the alarm went off.,4497.0
1631,273,1712428075451,74.0,"I was thinking, lying on the far side of the bed away from his hairy legs.",1074.0
1631,274,1712428077057,78.0,"He gets Dean off for school, and then he shaves, dresses, and leaves for work.",1606.0
1631,275,1712428078939,40.0,Twice he looks in and clears his throat.,1882.0
1631,276,1712428080761,26.0,But I keep my eyes closed.,1821.0
1631,277,1712428081571,38.0,In the kitchen I find a note from him.,810.0
1631,278,1712428082319,19.0,"It's signed ""Love.""",748.0
1631,279,1712428083956,74.0,I sit in the breakfast nook and drink coffee and leave a ring on the note.,1637.0
1631,280,1712428089282,67.0,I look at the newspaper and turn it this way and that on the table.,5326.0
1631,281,1712428091846,43.0,Then I skid it close and read what it says.,2563.0
1631,282,1712428092888,38.0,"The body has been identified, claimed.",1042.0
1631,283,1712428097057,155.0,"But it took some examining it, some putting things into it, some cutting, some weighing, some measuring, some putting things back again and sewing them in.",4169.0
1631,284,1712428098559,57.0,I sit for a long time holding the newspaper and thinking.,1501.0
1631,285,1712428099789,51.0,Then I call up to get a chair at the hairdresser's.,1230.0
1631,286,1712428100290,3.0,***,501.0
1631,287,1712428103152,75.0,I sit under the dryer with a magazine on my lap and let Marnie do my nails.,2862.0
1631,288,1712428104645,42.0,"""I am going to a funeral tomorrow,"" I say.",1493.0
1631,289,1712428105807,38.0,"""I'm sorry to hear that,"" Marnie says.",1161.0
1631,290,1712428106495,25.0,"""It was a murder,"" I say.",687.0
1631,291,1712428107297,37.0,"""That's the worst kind,"" Marnie says.",802.0
1631,292,1712428108723,35.0,"""We weren't all that close,"" I say.",1425.0
1631,293,1712428109351,15.0,"""But you know?""",628.0
1631,294,1712428110909,45.0,"""We'll get you fixed up for it,"" Marnie says.",1558.0
1631,295,1712428114913,72.0,"That night I make my bed on the sofa, and in the morning I get up first.",4004.0
1631,296,1712428116864,50.0,I put on coffee and fix breakfast while he shaves.,1949.0
1631,297,1712428120474,76.0,"He appears in the kitchen doorway, towel over his bare shoulder, appraising.",3610.0
1631,298,1712428121323,23.0,"""Here's coffee,"" I say.",849.0
1631,299,1712428122208,31.0,"""Eggs'll be ready in a minute.”",885.0
1631,300,1712428124506,37.0,"I wake Dean, and the three of us eat.",2298.0
1631,301,1712428127347,79.0,"Whenever Stuart looks at me, I ask Dean if he wants more milk, more toast, etc.",2841.0
1631,302,1712428129461,56.0,"""I'll call you today,"" Stuart says as he opens the door.",2114.0
1631,303,1712428131392,42.0,"I say, ""I don't think I'll be home today.""",1931.0
1631,304,1712428132050,21.0,"""All right,"" he says.",658.0
1631,305,1712428132570,7.0,"""Sure.""",520.0
1631,306,1712428133144,18.0,I dress carefully.,574.0
1631,307,1712428135901,48.0,I try on a hat and look at myself in the mirror.,2757.0
1631,308,1712428137659,28.0,I write out a note for Dean.,1758.0
1631,309,1712428140896,69.0,"Honey, Mommy has things to do this afternoon, but will be back later.",3237.0
1631,310,1712428142573,61.0,You stay in or be in the backyard until one of us comes home.,1677.0
1631,311,1712428143167,11.0,"Love, Mommy",594.0
1631,312,1712428144655,48.0,I look at the word Love and then I underline it.,1488.0
1631,313,1712428145899,29.0,Then I see the word backyard.,1244.0
1631,314,1712428146829,22.0,Is it one word or two?,930.0
1631,315,1712428147388,3.0,***,559.0
1631,316,1712428153832,121.0,"I drive through farm country, through fields of oats and sugar beets and past apple orchards, cattle grazing in pastures.",6444.0
1631,317,1712428160491,99.0,"Then everything changes, more like shacks than farmhouses and stands of timber instead of orchards.",6659.0
1631,318,1712428164412,78.0,"Then mountains, and on the right, far below, I sometimes see the Naches River.",3921.0
1631,319,1712428167181,64.0,A green pickup comes up behind me and stays behind me for miles.,2768.0
1631,320,1712428169364,55.0,"I keep slowing at the wrong times, hoping he will pass.",2183.0
1631,321,1712428170005,16.0,Then I speed up.,641.0
1631,322,1712428171397,36.0,"But this is at the wrong times, too.",1392.0
1631,323,1712428172479,39.0,I grip the wheel until my fingers hurt.,1081.0
1631,324,1712428173511,37.0,On a long clear stretch he goes past.,1032.0
1631,325,1712428175649,73.0,"But he drives along beside for a bit, a crewcut man in a blue work shirt.",2138.0
1631,326,1712428176506,24.0,We look each other over.,857.0
1631,327,1712428178799,53.0,"Then he waves, toots his horn, and pulls on up ahead.",2293.0
1631,328,1712428179668,29.0,I slow down and find a place.,869.0
1631,329,1712428180504,35.0,I pull over and shut off the motor.,836.0
1631,330,1712428183009,42.0,I can hear the river down below the trees.,2505.0
1631,331,1712428183822,35.0,Then I hear the pickup coming back.,813.0
1631,332,1712428184692,41.0,I lock the doors and roll up the windows.,870.0
1631,333,1712428185615,30.0,"""You all right?"" the man says.",923.0
1631,334,1712428186220,21.0,He raps on the glass.,605.0
1631,335,1712428186694,11.0,"""You okay?""",474.0
1631,336,1712428190192,64.0,He leans his arms on the door and brings his face to the window.,3498.0
1631,337,1712428190828,15.0,I stare at him.,636.0
1631,338,1712428191604,30.0,I can't think what else to do.,775.0
1631,339,1712428192296,34.0,"""Is everything all right in there?",692.0
1631,340,1712428193396,31.0,"How come you're all locked up?""",1100.0
1631,341,1712428193880,16.0,I shake my head.,484.0
1631,342,1712428194458,24.0,"""Roll down your window.""",577.0
1631,343,1712428197528,64.0,He shakes his head and looks at the highway and then back at me.,3070.0
1631,344,1712428198169,19.0,"""Roll it down now.""",640.0
1631,345,1712428199209,32.0,"""Please,"" I say, ""I have to go.""",1040.0
1631,346,1712428200279,50.0,"""Open the door,"" he says as if he isn't listening.",1069.0
1631,347,1712428201131,33.0,"""You're going to choke in there.""",852.0
1631,348,1712428203879,32.0,"He looks at my breasts, my legs.",2748.0
1631,349,1712428204716,34.0,I can tell that's what he's doing.,837.0
1631,350,1712428205409,22.0,"""Hey, sugar,"" he says.",693.0
1631,351,1712428206231,31.0,"""I'm just here to help is all.""",822.0
1631,352,1712428206677,3.0,***,446.0
1631,353,1712428210213,52.0,The casket is closed and covered with floral sprays.,3535.0
1631,354,1712428213103,45.0,The organ starts up the minute I take a seat.,2890.0
1631,355,1712428214909,40.0,People are coming in and finding chairs.,1806.0
1631,356,1712428225249,63.0,There's a boy in flared pants and a yellow short-sleeved shirt.,10340.0
1631,357,1712428227494,100.0,A door opens and the family comes in in a group and moves over to a curtained place off to one side.,2244.0
1631,358,1712428231393,39.0,Chairs creak as everybody gets settled.,3899.0
1631,359,1712428234174,83.0,"Directly, a nice blond man in a nice dark suit stands and asks us to bow our heads.",2781.0
1631,360,1712428238969,105.0,"He says a prayer for us, the living, and when he finishes, he says a prayer for the soul of the departed.",4795.0
1631,361,1712428241692,43.0,Along with the others I go past the casket.,2723.0
1631,362,1712428245223,66.0,Then I move out onto the front steps and into the afternoon light.,3531.0
1631,363,1712428247534,66.0,There's a woman who limps as she goes down the stairs ahead of me.,2311.0
1631,364,1712428248731,33.0,On the sidewalk she looks around.,1197.0
1631,365,1712428249820,31.0,"""Well, they got him,"" she says.",1088.0
1631,366,1712428250763,27.0,"""If that's any consolation.",943.0
1631,367,1712428251524,31.0,They arrested him this morning.,761.0
1631,368,1712428252616,38.0,I heard it on the radio before I come.,1092.0
1631,369,1712428253731,26.0,"A boy right here in town.""",1115.0
1631,370,1712428256133,42.0,We move a few steps down the hot sidewalk.,2401.0
1631,371,1712428259136,25.0,People are starting cars.,3002.0
1631,372,1712428263620,49.0,I put out my hand and hold on to a parking meter.,4483.0
1631,373,1712428265309,36.0,Polished hoods and polished fenders.,1689.0
1631,374,1712428265995,14.0,My head swims.,686.0
1631,375,1712428267649,41.0,"I say, ""They have friends, these killers.",1653.0
1631,376,1712428268326,16.0,"You can't tell.""",677.0
1631,377,1712428270332,70.0,"""I have known that child since she was a little girl,"" the woman says.",2005.0
1631,378,1712428273841,93.0,"""She used to come over and I'd bake cookies for her and let her eat them in front of the TV.""",3509.0
1631,379,1712428274330,3.0,***,488.0
1631,380,1712428276534,76.0,"Back home, Stuart sits at the table with a drink of whiskey in front of him.",2204.0
1631,381,1712428279425,57.0,For a crazy instant I think something's happened to Dean.,2891.0
1631,382,1712428280025,14.0,"""Where is he?""",600.0
1631,383,1712428280555,6.0,I say.,529.0
1631,384,1712428281174,16.0,"""Where is Dean?""",618.0
1631,385,1712428281815,27.0,"""Outside,"" my husband says.",641.0
1631,386,1712428282989,34.0,He drains his glass and stands up.,1174.0
1631,387,1712428284479,40.0,"He says, ""I think I know what you need.""",1490.0
1631,388,1712428287512,138.0,He reaches an arm around my waist and with his other hand he begins to unbutton my jacket and then he goes on to the buttons of my blouse.,3033.0
1631,389,1712428288274,30.0,"""First things first,"" he says.",762.0
1631,390,1712428289215,23.0,He says something else.,941.0
1631,391,1712428289891,27.0,But I don't need to listen.,676.0
1631,392,1712428291273,46.0,I can't hear a thing with so much water going.,1382.0
1631,393,1712428291766,3.0,***,493.0
1690,110,1712614191868,3.0,***,7849.0
1690,111,1712614194652,37.0,My husband eats with a good appetite.,2784.0
1690,112,1712614196846,37.0,But I don't think he's really hungry.,2194.0
1690,113,1712614202382,69.0,"He chews, arms on the table, and stares at something across the room.",5536.0
1690,114,1712614204197,30.0,He looks at me and looks away.,1815.0
1690,115,1712614205933,33.0,He wipes his mouth on the napkin.,1735.0
1690,116,1712614207715,30.0,"He shrugs, and goes on eating.",1782.0
1690,117,1712614211380,42.0,"""What are you staring at me for?"" he says.",3664.0
1690,118,1712614214392,45.0,"""What is it?"" he says and lays down his fork.",3012.0
1690,119,1712614216733,42.0,"""Was I staring?"" I say, and shake my head.",2340.0
1690,120,1712614217286,20.0,The telephone rings.,552.0
1690,121,1712614219811,27.0,"""Don't answer it,"" he says.",2525.0
1690,122,1712614220927,33.0,"""It might be your mother,"" I say.",1115.0
1690,123,1712614222487,25.0,"""Watch and see,"" he says.",1560.0
1690,124,1712614224474,34.0,I pick up the receiver and listen.,1987.0
1690,125,1712614225490,24.0,My husband stops eating.,1016.0
1690,126,1712614227696,46.0,"""What did I tell you?"" he says when I hang up.",2206.0
1690,127,1712614229523,23.0,He starts to eat again.,1827.0
1690,128,1712614232079,36.0,Then throws his napkin on his plate.,2555.0
1690,129,1712614235271,63.0,"He says, ""Goddamn it, why can't people mind their own business?",3192.0
1690,130,1712614238019,41.0,Tell me what I did wrong and I'll listen!,2748.0
1690,131,1712614239968,28.0,I wasn't the only man there.,1949.0
1690,132,1712614242094,37.0,We talked it over and we all decided.,2126.0
1690,133,1712614244997,29.0,We couldn't just turn around.,2903.0
1690,134,1712614248175,32.0,We were five miles from the car.,3178.0
1690,135,1712614250858,34.0,I won't have you passing judgment.,2682.0
1690,136,1712614251855,13.0,"Do you hear?""",997.0
1690,137,1712614255023,18.0,"""You know,"" I say.",3167.0
1690,138,1712614257591,33.0,"He says, ""What do I know, Claire?",2568.0
1690,139,1712614260254,34.0,Tell me what I'm supposed to know.,2663.0
1690,140,1712614263038,40.0,"I don't know anything except one thing?""",2784.0
1690,141,1712614267033,48.0,He gives me what he thinks is a meaningful look.,3995.0
1690,142,1712614269563,24.0,"""She was dead,"" he says.",2528.0
1690,143,1712614271847,33.0,"""And I'm as sorry as anyone else.",2284.0
1690,144,1712614274372,18.0,"But she was dead.""",2525.0
1690,145,1712614276057,26.0,"""That's the point,"" I say.",1685.0
1690,146,1712614277199,20.0,He raises his hands.,1142.0
1690,147,1712614279319,40.0,He pushes his chair away from the table.,2119.0
1690,148,1712614282167,72.0,He takes out his cigarettes and goes out to the back with a can of beer.,2848.0
1690,149,1712614285264,64.0,I see him sit in the lawn chair and pick up the newspaper again.,3097.0
1690,150,1712614287774,39.0,His name is in there on the first page.,2508.0
1690,151,1712614289099,36.0,Along with the names of his friends.,1325.0
1690,152,1712614291338,40.0,I close my eyes and hold on to the sink.,2239.0
1690,153,1712614295961,74.0,Then I rake my arm across the drainboard and send the dishes to the floor.,4623.0
1690,154,1712614296710,16.0,He doesn't move.,749.0
1690,155,1712614297513,18.0,I know he's heard.,802.0
1690,156,1712614298989,40.0,He lifts his head as if still listening.,1476.0
1690,157,1712614301368,30.0,But he doesn't move otherwise.,2379.0
1690,158,1712614306565,23.0,He doesn't turn around.,5197.0
1690,159,1712614307513,3.0,***,948.0
1690,160,1712614314102,88.0,"He and Gordon Johnson and Mel Dorn and Vern Williams, they play poker and bowl and fish.",6589.0
1690,161,1712614322616,85.0,They fish every spring and early summer before visiting relatives can get in the way.,8514.0
1690,162,1712614329358,65.0,"They are decent men, family men, men who take care of their jobs.",6742.0
1690,163,1712614336937,65.0,"They have sons and daughters who go to school with our son, Dean.",7579.0
1690,164,1712614341087,55.0,Last Friday these family men left for the Naches River.,4150.0
1690,165,1712614345122,76.0,They parked the car in the mountains and hiked to where they wanted to fish.,4035.0
1690,166,1712614349486,76.0,"They carried their bedrolls, their food, their playing cards, their whiskey.",4364.0
1690,167,1712614352834,42.0,They saw the girl before they set up camp.,3348.0
1690,168,1712614354879,19.0,Mel Dorn found her.,2045.0
1690,169,1712614356371,25.0,No clothes on her at all.,1491.0
1690,170,1712614358961,64.0,She was wedged into some branches that stuck out over the water.,2590.0
1690,171,1712614360585,43.0,He called the others and they came to look.,1624.0
1690,172,1712614362741,29.0,They talked about what to do.,2155.0
1690,173,1712614367354,82.0,One of the men - my Stuart didn't say which - said they should start back at once.,4613.0
1690,174,1712614371179,86.0,"The others stirred the sand with their shoes, said they didn't feel inclined that way.",3824.0
1690,175,1712614375873,82.0,"They pleaded fatigue, the late hour, the fact that the girl wasn't going anywhere.",4694.0
1690,176,1712614377933,47.0,In the end they went ahead and set up the camp.,2060.0
1690,177,1712614379195,42.0,They built a fire and drank their whiskey.,1261.0
1690,178,1712614380906,50.0,"When the moon came up, they talked about the girl.",1711.0
1690,179,1712614384014,59.0,Someone said they should -keep the body from drifting away.,3108.0
1690,180,1712614385939,55.0,They took their flashlights and went back to the river.,1924.0
1690,181,1712614388567,66.0,One of the men - it might have been Stuart - waded in and got her.,2628.0
1690,182,1712614391207,53.0,He took her by the fingers and pulled her into shore.,2639.0
1690,183,1712614395281,87.0,He got some nylon cord and tied it to her wrist and then looped the rest around a tree.,4074.0
1690,184,1712614398658,99.0,"The next morning they cooked breakfast, drank coffee, and drank whiskey, and then split up to fish.",3377.0
1690,185,1712614409337,182.0,"That night they cooked fish, cooked potatoes, drank coffee, drank whiskey, then took their cooking things and eating things back down to the river and washed them where the girl was.",10679.0
1690,186,1712614410604,32.0,They played some cards later on.,1267.0
1690,187,1712614412974,55.0,Maybe they played until they couldn't see them anymore.,2370.0
1690,188,1712614414179,28.0,Vern Williams went to sleep.,1205.0
1690,189,1712614415178,28.0,But the others told stories.,999.0
1690,190,1712614418337,100.0,Gordon Johnson said the trout they'd caught were hard because of the terrible coldness of the water.,3159.0
1690,191,1712614422988,154.0,"The next morning they got up late, drank whiskey, fished a little, took down their tents, rolled their sleeping bags, gathered their stuff, and hiked out.",4651.0
1690,192,1712614427367,41.0,They drove until they got to a telephone.,4379.0
1690,193,1712614432934,86.0,It was Stuart who made the call while the others stood around in the sun and listened.,5567.0
1690,194,1712614435633,32.0,He gave the sheriff their names.,2699.0
1690,195,1712614436756,25.0,They had nothing to hide.,1123.0
1690,196,1712614437538,21.0,They weren't ashamed.,782.0
1690,197,1712614443584,100.0,They said they'd wait until someone could come for better directions and take down their statements.,6046.0
1690,198,1712614444786,3.0,***,1202.0
1690,199,1712614445923,30.0,I was asleep when he got home.,1136.0
1690,200,1712614448523,46.0,But I woke up when I heard him in the kitchen.,2599.0
1690,201,1712614450518,64.0,I found him leaning against the refrigerator with a can of beer.,1995.0
1690,202,1712614453901,68.0,He put his heavy arms around me and rubbed his big hands on my back.,3383.0
1690,203,1712614458826,85.0,In bed he put his hands on me again and then waited as if thinking of something else.,4925.0
1690,204,1712614460115,28.0,I turned and opened my legs.,1289.0
1690,205,1712614461906,36.0,"Afterwards, I think he stayed awake.",1791.0
1690,206,1712614464988,53.0,He was up that morning before I could get out of bed.,3082.0
1690,207,1712614466818,54.0,"To see if there was something in the paper, I suppose.",1830.0
1690,208,1712614468714,46.0,The telephone began ringing right after eight.,1896.0
1690,209,1712614469767,13.0,"""Go to hell!""",1051.0
1690,210,1712614470784,18.0,I heard him shout.,1017.0
1690,211,1712614472265,31.0,The telephone rang right again.,1481.0
1690,212,1712614474711,59.0,"""I have nothing to add to what I already told the sheriff!""",2445.0
1690,213,1712614475772,29.0,He slammed the receiver down.,1060.0
1690,214,1712614476767,27.0,"""What is going on?"" I said.",993.0
1690,215,1712614481865,49.0,It was then that he told me what I just told you.,5098.0
1690,216,1712614482472,3.0,***,607.0
1690,217,1712614485190,44.0,I sweep up the broken dishes and go outside.,2718.0
1690,218,1712614488404,85.0,"He is lying on his back on the grass now, the newspaper and can of beer within reach.",3213.0
1690,219,1712614491201,41.0,"""Stuart, could we go for a drive?"" I say.",2797.0
1690,220,1712614494034,30.0,He rolls over and looks at me.,2833.0
1690,221,1712614497462,37.0,"""We'll pick up some beer,"" he says...",3428.0
1690,222,1712614504020,62.0,He gets to his feet and touches me on the hip as he goes past.,6558.0
1690,223,1712614505182,28.0,"""Give me a minute,"" he says.",1162.0
1690,224,1712614508276,39.0,We drive through town without speaking.,3094.0
1690,225,1712614511542,39.0,He stops at a roadside market for beer.,3266.0
1690,226,1712614515991,54.0,I notice a great stack of papers just inside the door.,4449.0
1690,227,1712614525025,89.0,On the top step a fat woman in a print dress holds out a licorice stick to a little girl.,9033.0
1690,228,1712614528920,66.0,"Later on, we cross Everson Creek and turn into the picnic grounds.",3895.0
1690,229,1712614540708,79.0,The creek runs under the bridge and into a large pond a few hundred yards away.,11787.0
1690,230,1712614545233,28.0,I can see the men out there.,4524.0
1690,231,1712614548096,33.0,I can see them out there fishing.,2863.0
1690,232,1712614550255,31.0,So much water so close to home.,2159.0
1690,233,1712614554984,43.0,"I say, ""Why did you have to go miles away?""",4729.0
1690,234,1712614559987,25.0,"""Don't rile me,"" he says.",5003.0
1690,235,1712614563438,29.0,We sit on a bench in the sun.,3451.0
1690,236,1712614566430,25.0,He opens us cans of beer.,2992.0
1690,237,1712614567912,25.0,"He says, ""Relax, Claire.""",1482.0
1690,238,1712614569295,30.0,"""They said they were innocent.",1383.0
1690,239,1712614571219,27.0,"They said they were crazy.""",1924.0
1690,240,1712614572052,15.0,"He says, ""Who?""",833.0
1690,241,1712614573419,38.0,"He says, ""What are you talking about?""",1367.0
1690,242,1712614574516,21.0,"""The Maddox brothers.",1097.0
1690,243,1712614578527,54.0,They killed a girl named Arlene Hubly where I grew up.,4011.0
1690,244,1712614580153,60.0,They cut off her head and threw her into the Cle Elum River.,1626.0
1690,245,1712614581299,31.0,"It happened when I was a girl.""",1146.0
1690,246,1712614583011,40.0,"""You're going to get me riled,"" he says.",1712.0
1690,247,1712614583614,20.0,I look at the creek.,603.0
1690,248,1712614586866,79.0,"I'm right in it, eyes open, face down, staring at the moss on the bottom, dead.",3252.0
1690,249,1712614589126,62.0,"""I don't know what's wrong with you,"" he says on the way home.",2260.0
1690,250,1712614590732,45.0,"""You're getting me more riled by the minute.""",1606.0
1690,251,1712614592019,34.0,There is nothing I can say to him.,1287.0
1690,252,1712614593052,36.0,He tries to concentrate on the road.,1033.0
1690,253,1712614594359,47.0,But he keeps looking into the rear-view mirror.,1306.0
1690,254,1712614594966,9.0,He knows.,607.0
1690,255,1712614595676,3.0,***,710.0
1690,256,1712614598938,52.0,Stuart believes he is letting me sleep this morning.,3261.0
1690,257,1712614600823,47.0,But I was awake long before the alarm went off.,1885.0
1690,258,1712614605130,74.0,"I was thinking, lying on the far side of the bed away from his hairy legs.",4307.0
1690,259,1712614609335,78.0,"He gets Dean off for school, and then he shaves, dresses, and leaves for work.",4204.0
1690,260,1712614612084,40.0,Twice he looks in and clears his throat.,2749.0
1690,261,1712614614962,26.0,But I keep my eyes closed.,2878.0
1690,262,1712614617975,38.0,In the kitchen I find a note from him.,3013.0
1690,263,1712614619102,19.0,"It's signed ""Love.""",1127.0
1690,264,1712614624872,74.0,I sit in the breakfast nook and drink coffee and leave a ring on the note.,5770.0
1690,265,1712614631383,67.0,I look at the newspaper and turn it this way and that on the table.,6510.0
1690,266,1712614634450,43.0,Then I skid it close and read what it says.,3067.0
1690,267,1712614637528,38.0,"The body has been identified, claimed.",3078.0
1690,268,1712614641214,155.0,"But it took some examining it, some putting things into it, some cutting, some weighing, some measuring, some putting things back again and sewing them in.",3686.0
1690,269,1712614644072,57.0,I sit for a long time holding the newspaper and thinking.,2858.0
1690,270,1712614648796,51.0,Then I call up to get a chair at the hairdresser's.,4724.0
1690,271,1712614649410,3.0,***,614.0
1690,272,1712614654017,75.0,I sit under the dryer with a magazine on my lap and let Marnie do my nails.,4607.0
1690,273,1712614664999,42.0,"""I am going to a funeral tomorrow,"" I say.",10981.0
1690,274,1712614671634,38.0,"""I'm sorry to hear that,"" Marnie says.",6635.0
1690,275,1712614672583,25.0,"""It was a murder,"" I say.",949.0
1690,276,1712614674627,37.0,"""That's the worst kind,"" Marnie says.",2044.0
1690,277,1712614680923,35.0,"""We weren't all that close,"" I say.",6296.0
1690,278,1712614682436,15.0,"""But you know?""",1513.0
1690,279,1712614685424,45.0,"""We'll get you fixed up for it,"" Marnie says.",2988.0
1690,280,1712614689963,72.0,"That night I make my bed on the sofa, and in the morning I get up first.",4539.0
1690,281,1712614692765,50.0,I put on coffee and fix breakfast while he shaves.,2802.0
1690,282,1712614696487,76.0,"He appears in the kitchen doorway, towel over his bare shoulder, appraising.",3722.0
1690,283,1712614697600,23.0,"""Here's coffee,"" I say.",1112.0
1690,284,1712614700255,31.0,"""Eggs'll be ready in a minute.”",2655.0
1690,285,1712614705321,37.0,"I wake Dean, and the three of us eat.",5065.0
1690,286,1712614710948,79.0,"Whenever Stuart looks at me, I ask Dean if he wants more milk, more toast, etc.",5627.0
1690,287,1712614714544,56.0,"""I'll call you today,"" Stuart says as he opens the door.",3596.0
1690,288,1712614716962,42.0,"I say, ""I don't think I'll be home today.""",2417.0
1690,289,1712614717817,21.0,"""All right,"" he says.",855.0
1690,290,1712614718609,7.0,"""Sure.""",792.0
1690,291,1712614719528,18.0,I dress carefully.,919.0
1690,292,1712614720954,48.0,I try on a hat and look at myself in the mirror.,1426.0
1690,293,1712614723214,28.0,I write out a note for Dean.,2260.0
1690,294,1712614726010,69.0,"Honey, Mommy has things to do this afternoon, but will be back later.",2796.0
1690,295,1712614731592,61.0,You stay in or be in the backyard until one of us comes home.,5582.0
1690,296,1712614732451,11.0,"Love, Mommy",859.0
1690,297,1712614741452,48.0,I look at the word Love and then I underline it.,9001.0
1690,298,1712614744851,29.0,Then I see the word backyard.,3399.0
1690,299,1712614747096,22.0,Is it one word or two?,2245.0
1690,300,1712614747810,3.0,***,713.0
1690,301,1712614750718,121.0,"I drive through farm country, through fields of oats and sugar beets and past apple orchards, cattle grazing in pastures.",2908.0
1690,302,1712614752793,99.0,"Then everything changes, more like shacks than farmhouses and stands of timber instead of orchards.",2074.0
1690,303,1712614754788,78.0,"Then mountains, and on the right, far below, I sometimes see the Naches River.",1995.0
1690,304,1712614759412,64.0,A green pickup comes up behind me and stays behind me for miles.,4624.0
1690,305,1712614762076,55.0,"I keep slowing at the wrong times, hoping he will pass.",2664.0
1690,306,1712614762934,16.0,Then I speed up.,858.0
1690,307,1712614771678,36.0,"But this is at the wrong times, too.",8744.0
1690,308,1712614775390,39.0,I grip the wheel until my fingers hurt.,3712.0
1690,309,1712614790754,37.0,On a long clear stretch he goes past.,15364.0
1690,310,1712614800676,73.0,"But he drives along beside for a bit, a crewcut man in a blue work shirt.",9921.0
1690,311,1712614802029,24.0,We look each other over.,1353.0
1690,312,1712614804342,53.0,"Then he waves, toots his horn, and pulls on up ahead.",2313.0
1690,313,1712614806956,29.0,I slow down and find a place.,2614.0
1690,314,1712614808873,35.0,I pull over and shut off the motor.,1917.0
1690,315,1712614817018,42.0,I can hear the river down below the trees.,8145.0
1690,316,1712614821411,35.0,Then I hear the pickup coming back.,4393.0
1690,317,1712614824384,41.0,I lock the doors and roll up the windows.,2972.0
1690,318,1712614826489,30.0,"""You all right?"" the man says.",2104.0
1690,319,1712614828460,21.0,He raps on the glass.,1971.0
1690,320,1712614829118,11.0,"""You okay?""",658.0
1690,321,1712614833437,64.0,He leans his arms on the door and brings his face to the window.,4318.0
1690,322,1712614834021,15.0,I stare at him.,583.0
1690,323,1712614835248,30.0,I can't think what else to do.,1227.0
1690,324,1712614836325,34.0,"""Is everything all right in there?",1076.0
1690,325,1712614839257,31.0,"How come you're all locked up?""",2931.0
1690,326,1712614839900,16.0,I shake my head.,642.0
1690,327,1712614840596,24.0,"""Roll down your window.""",695.0
1690,328,1712614842411,64.0,He shakes his head and looks at the highway and then back at me.,1815.0
1690,329,1712614843124,19.0,"""Roll it down now.""",713.0
1690,330,1712614843991,32.0,"""Please,"" I say, ""I have to go.""",866.0
1690,331,1712614845713,50.0,"""Open the door,"" he says as if he isn't listening.",1722.0
1690,332,1712614847238,33.0,"""You're going to choke in there.""",1525.0
1690,333,1712614849637,32.0,"He looks at my breasts, my legs.",2399.0
1690,334,1712614852474,34.0,I can tell that's what he's doing.,2837.0
1690,335,1712614853771,22.0,"""Hey, sugar,"" he says.",1297.0
1690,336,1712614855601,31.0,"""I'm just here to help is all.""",1830.0
1690,337,1712614856409,3.0,***,808.0
1690,338,1712614857936,52.0,The casket is closed and covered with floral sprays.,1527.0
1690,339,1712614860699,45.0,The organ starts up the minute I take a seat.,2762.0
1690,340,1712614861712,40.0,People are coming in and finding chairs.,1013.0
1690,341,1712614865048,63.0,There's a boy in flared pants and a yellow short-sleeved shirt.,3336.0
1690,342,1712614868744,100.0,A door opens and the family comes in in a group and moves over to a curtained place off to one side.,3696.0
1690,343,1712614870783,39.0,Chairs creak as everybody gets settled.,2039.0
1690,344,1712614877004,83.0,"Directly, a nice blond man in a nice dark suit stands and asks us to bow our heads.",6221.0
1690,345,1712614882002,105.0,"He says a prayer for us, the living, and when he finishes, he says a prayer for the soul of the departed.",4998.0
1690,346,1712614885190,43.0,Along with the others I go past the casket.,3188.0
1690,347,1712614889064,66.0,Then I move out onto the front steps and into the afternoon light.,3874.0
1690,348,1712614902293,66.0,There's a woman who limps as she goes down the stairs ahead of me.,13227.0
1690,349,1712614908442,33.0,On the sidewalk she looks around.,6149.0
1690,350,1712614910329,31.0,"""Well, they got him,"" she says.",1886.0
1690,351,1712614911435,27.0,"""If that's any consolation.",1106.0
1690,352,1712614914292,31.0,They arrested him this morning.,2857.0
1690,353,1712614915969,38.0,I heard it on the radio before I come.,1677.0
1690,354,1712614919086,26.0,"A boy right here in town.""",3117.0
1690,355,1712614922664,42.0,We move a few steps down the hot sidewalk.,3578.0
1690,356,1712614925126,25.0,People are starting cars.,2462.0
1690,357,1712614929356,49.0,I put out my hand and hold on to a parking meter.,4230.0
1690,358,1712614932209,36.0,Polished hoods and polished fenders.,2853.0
1690,359,1712614932998,14.0,My head swims.,788.0
1690,360,1712614936890,41.0,"I say, ""They have friends, these killers.",3892.0
1690,361,1712614937849,16.0,"You can't tell.""",959.0
1690,362,1712614941212,70.0,"""I have known that child since she was a little girl,"" the woman says.",3363.0
1690,363,1712614945657,93.0,"""She used to come over and I'd bake cookies for her and let her eat them in front of the TV.""",4444.0
1690,364,1712614946186,3.0,***,529.0
1690,365,1712614948516,76.0,"Back home, Stuart sits at the table with a drink of whiskey in front of him.",2330.0
1690,366,1712614950774,57.0,For a crazy instant I think something's happened to Dean.,2258.0
1690,367,1712614951667,14.0,"""Where is he?""",893.0
1690,368,1712614952085,6.0,I say.,418.0
1690,369,1712614952554,16.0,"""Where is Dean?""",469.0
1690,370,1712614953179,27.0,"""Outside,"" my husband says.",625.0
1690,371,1712614955339,34.0,He drains his glass and stands up.,2160.0
1690,372,1712614957566,40.0,"He says, ""I think I know what you need.""",2227.0
1690,373,1712614964215,138.0,He reaches an arm around my waist and with his other hand he begins to unbutton my jacket and then he goes on to the buttons of my blouse.,6649.0
1690,374,1712614966215,30.0,"""First things first,"" he says.",2000.0
1690,375,1712614967303,23.0,He says something else.,1088.0
1690,376,1712614968245,27.0,But I don't need to listen.,941.0
1690,377,1712614972949,46.0,I can't hear a thing with so much water going.,4704.0
1690,378,1712614974011,3.0,***,1061.0
1609,139,1712620419787,3.0,***,2056.0
1609,140,1712620421704,37.0,My husband eats with a good appetite.,1917.0
1609,141,1712620423089,37.0,But I don't think he's really hungry.,1385.0
1609,142,1712620425555,69.0,"He chews, arms on the table, and stares at something across the room.",2466.0
1609,143,1712620426540,30.0,He looks at me and looks away.,985.0
1609,144,1712620427645,33.0,He wipes his mouth on the napkin.,1105.0
1609,145,1712620429001,30.0,"He shrugs, and goes on eating.",1356.0
1609,146,1712620430352,42.0,"""What are you staring at me for?"" he says.",1351.0
1609,147,1712620432600,45.0,"""What is it?"" he says and lays down his fork.",2248.0
1609,148,1712620434187,42.0,"""Was I staring?"" I say, and shake my head.",1587.0
1609,149,1712620435448,20.0,The telephone rings.,1261.0
1609,150,1712620436246,27.0,"""Don't answer it,"" he says.",798.0
1609,151,1712620437309,33.0,"""It might be your mother,"" I say.",1063.0
1609,152,1712620438215,25.0,"""Watch and see,"" he says.",906.0
1609,153,1712620439192,34.0,I pick up the receiver and listen.,976.0
1609,154,1712620440003,24.0,My husband stops eating.,811.0
1609,155,1712620441255,46.0,"""What did I tell you?"" he says when I hang up.",1252.0
1609,156,1712620442051,23.0,He starts to eat again.,796.0
1609,157,1712620443137,36.0,Then throws his napkin on his plate.,1086.0
1609,158,1712620444915,63.0,"He says, ""Goddamn it, why can't people mind their own business?",1778.0
1609,159,1712620446246,41.0,Tell me what I did wrong and I'll listen!,1331.0
1609,160,1712620447339,28.0,I wasn't the only man there.,1093.0
1609,161,1712620448828,37.0,We talked it over and we all decided.,1489.0
1609,162,1712620449918,29.0,We couldn't just turn around.,1090.0
1609,163,1712620450866,32.0,We were five miles from the car.,948.0
1609,164,1712620451994,34.0,I won't have you passing judgment.,1128.0
1609,165,1712620452759,13.0,"Do you hear?""",765.0
1609,166,1712620453572,18.0,"""You know,"" I say.",813.0
1609,167,1712620455070,33.0,"He says, ""What do I know, Claire?",1498.0
1609,168,1712620456260,34.0,Tell me what I'm supposed to know.,1190.0
1609,169,1712620458128,40.0,"I don't know anything except one thing?""",1868.0
1609,170,1712620459894,48.0,He gives me what he thinks is a meaningful look.,1765.0
1609,171,1712620460938,24.0,"""She was dead,"" he says.",1044.0
1609,172,1712620463230,33.0,"""And I'm as sorry as anyone else.",2292.0
1609,173,1712620463973,18.0,"But she was dead.""",743.0
1609,174,1712620464805,26.0,"""That's the point,"" I say.",832.0
1609,175,1712620467892,20.0,He raises his hands.,3087.0
1609,176,1712620469028,40.0,He pushes his chair away from the table.,1136.0
1609,177,1712620470749,72.0,He takes out his cigarettes and goes out to the back with a can of beer.,1721.0
1609,178,1712620472855,64.0,I see him sit in the lawn chair and pick up the newspaper again.,2106.0
1609,179,1712620474166,39.0,His name is in there on the first page.,1311.0
1609,180,1712620475173,36.0,Along with the names of his friends.,1007.0
1609,181,1712620477086,40.0,I close my eyes and hold on to the sink.,1913.0
1609,182,1712620480044,74.0,Then I rake my arm across the drainboard and send the dishes to the floor.,2958.0
1609,183,1712620480952,16.0,He doesn't move.,908.0
1609,184,1712620482020,18.0,I know he's heard.,1067.0
1609,185,1712620483254,40.0,He lifts his head as if still listening.,1234.0
1609,186,1712620484227,30.0,But he doesn't move otherwise.,973.0
1609,187,1712620484989,23.0,He doesn't turn around.,762.0
1609,188,1712620485796,3.0,***,807.0
1609,189,1712620491965,88.0,"He and Gordon Johnson and Mel Dorn and Vern Williams, they play poker and bowl and fish.",6169.0
1609,190,1712620496175,85.0,They fish every spring and early summer before visiting relatives can get in the way.,4210.0
1609,191,1712620498828,65.0,"They are decent men, family men, men who take care of their jobs.",2653.0
1609,192,1712620501906,65.0,"They have sons and daughters who go to school with our son, Dean.",3077.0
1609,193,1712620505650,55.0,Last Friday these family men left for the Naches River.,3744.0
1609,194,1712620507236,76.0,They parked the car in the mountains and hiked to where they wanted to fish.,1586.0
1609,195,1712620510891,76.0,"They carried their bedrolls, their food, their playing cards, their whiskey.",3655.0
1609,196,1712620512604,42.0,They saw the girl before they set up camp.,1713.0
1609,197,1712620513412,19.0,Mel Dorn found her.,808.0
1609,198,1712620514308,25.0,No clothes on her at all.,896.0
1609,199,1712620516321,64.0,She was wedged into some branches that stuck out over the water.,2013.0
1609,200,1712620518448,43.0,He called the others and they came to look.,2127.0
1609,201,1712620519553,29.0,They talked about what to do.,1105.0
1609,202,1712620524862,82.0,One of the men - my Stuart didn't say which - said they should start back at once.,5309.0
1609,203,1712620528476,86.0,"The others stirred the sand with their shoes, said they didn't feel inclined that way.",3614.0
1609,204,1712620532512,82.0,"They pleaded fatigue, the late hour, the fact that the girl wasn't going anywhere.",4036.0
1609,205,1712620535213,47.0,In the end they went ahead and set up the camp.,2701.0
1609,206,1712620536374,42.0,They built a fire and drank their whiskey.,1160.0
1609,207,1712620537679,50.0,"When the moon came up, they talked about the girl.",1305.0
1609,208,1712620539970,59.0,Someone said they should -keep the body from drifting away.,2291.0
1609,209,1712620541249,55.0,They took their flashlights and went back to the river.,1279.0
1609,210,1712620543084,66.0,One of the men - it might have been Stuart - waded in and got her.,1835.0
1609,211,1712620544433,53.0,He took her by the fingers and pulled her into shore.,1348.0
1609,212,1712620547888,87.0,He got some nylon cord and tied it to her wrist and then looped the rest around a tree.,3455.0
1609,213,1712620551257,99.0,"The next morning they cooked breakfast, drank coffee, and drank whiskey, and then split up to fish.",3369.0
1609,214,1712620557016,182.0,"That night they cooked fish, cooked potatoes, drank coffee, drank whiskey, then took their cooking things and eating things back down to the river and washed them where the girl was.",5759.0
1609,215,1712620557934,32.0,They played some cards later on.,918.0
1609,216,1712620560057,55.0,Maybe they played until they couldn't see them anymore.,2123.0
1609,217,1712620560916,28.0,Vern Williams went to sleep.,859.0
1609,218,1712620561765,28.0,But the others told stories.,849.0
1609,219,1712620566919,100.0,Gordon Johnson said the trout they'd caught were hard because of the terrible coldness of the water.,5154.0
1609,220,1712620575429,154.0,"The next morning they got up late, drank whiskey, fished a little, took down their tents, rolled their sleeping bags, gathered their stuff, and hiked out.",8510.0
1609,221,1712620576411,41.0,They drove until they got to a telephone.,981.0
1609,222,1712620578748,86.0,It was Stuart who made the call while the others stood around in the sun and listened.,2337.0
1609,223,1712620579732,32.0,He gave the sheriff their names.,984.0
1609,224,1712620580570,25.0,They had nothing to hide.,838.0
1609,225,1712620581219,21.0,They weren't ashamed.,649.0
1609,226,1712620583939,100.0,They said they'd wait until someone could come for better directions and take down their statements.,2720.0
1609,227,1712620584559,3.0,***,620.0
1609,228,1712620585485,30.0,I was asleep when he got home.,926.0
1609,229,1712620586419,46.0,But I woke up when I heard him in the kitchen.,934.0
1609,230,1712620587341,64.0,I found him leaning against the refrigerator with a can of beer.,922.0
1609,231,1712620591623,68.0,He put his heavy arms around me and rubbed his big hands on my back.,4282.0
1609,232,1712620594727,85.0,In bed he put his hands on me again and then waited as if thinking of something else.,3104.0
1609,233,1712620595609,28.0,I turned and opened my legs.,881.0
1609,234,1712620597436,36.0,"Afterwards, I think he stayed awake.",1827.0
1609,235,1712620598761,53.0,He was up that morning before I could get out of bed.,1325.0
1609,236,1712620600122,54.0,"To see if there was something in the paper, I suppose.",1360.0
1609,237,1712620601469,46.0,The telephone began ringing right after eight.,1347.0
1609,238,1712620602535,13.0,"""Go to hell!""",1066.0
1609,239,1712620603465,18.0,I heard him shout.,930.0
1609,240,1712620604154,31.0,The telephone rang right again.,688.0
1609,241,1712620607821,59.0,"""I have nothing to add to what I already told the sheriff!""",3667.0
1609,242,1712620608606,29.0,He slammed the receiver down.,785.0
1609,243,1712620609547,27.0,"""What is going on?"" I said.",940.0
1609,244,1712620611518,49.0,It was then that he told me what I just told you.,1971.0
1609,245,1712620612020,3.0,***,502.0
1609,246,1712620613585,44.0,I sweep up the broken dishes and go outside.,1565.0
1609,247,1712620617429,85.0,"He is lying on his back on the grass now, the newspaper and can of beer within reach.",3844.0
1609,248,1712620618810,41.0,"""Stuart, could we go for a drive?"" I say.",1381.0
1609,249,1712620620756,30.0,He rolls over and looks at me.,1946.0
1609,250,1712620621736,37.0,"""We'll pick up some beer,"" he says...",980.0
1609,251,1712620623110,62.0,He gets to his feet and touches me on the hip as he goes past.,1373.0
1609,252,1712620624372,28.0,"""Give me a minute,"" he says.",1262.0
1609,253,1712620626157,39.0,We drive through town without speaking.,1785.0
1609,254,1712620627460,39.0,He stops at a roadside market for beer.,1302.0
1609,255,1712620629580,54.0,I notice a great stack of papers just inside the door.,2120.0
1609,256,1712620633126,89.0,On the top step a fat woman in a print dress holds out a licorice stick to a little girl.,3546.0
1609,257,1712620636917,66.0,"Later on, we cross Everson Creek and turn into the picnic grounds.",3791.0
1609,258,1712620639339,79.0,The creek runs under the bridge and into a large pond a few hundred yards away.,2422.0
1609,259,1712620640526,28.0,I can see the men out there.,1187.0
1609,260,1712620641920,33.0,I can see them out there fishing.,1394.0
1609,261,1712620643769,31.0,So much water so close to home.,1849.0
1609,262,1712620645075,43.0,"I say, ""Why did you have to go miles away?""",1306.0
1609,263,1712620646167,25.0,"""Don't rile me,"" he says.",1092.0
1609,264,1712620648721,29.0,We sit on a bench in the sun.,2554.0
1609,265,1712620649605,25.0,He opens us cans of beer.,884.0
1609,266,1712620650951,25.0,"He says, ""Relax, Claire.""",1346.0
1609,267,1712620651767,30.0,"""They said they were innocent.",816.0
1609,268,1712620653193,27.0,"They said they were crazy.""",1426.0
1609,269,1712620653876,15.0,"He says, ""Who?""",683.0
1609,270,1712620654612,38.0,"He says, ""What are you talking about?""",736.0
1609,271,1712620655438,21.0,"""The Maddox brothers.",825.0
1609,272,1712620657390,54.0,They killed a girl named Arlene Hubly where I grew up.,1952.0
1609,273,1712620662016,60.0,They cut off her head and threw her into the Cle Elum River.,4626.0
1609,274,1712620664485,31.0,"It happened when I was a girl.""",2469.0
1609,275,1712620666463,40.0,"""You're going to get me riled,"" he says.",1978.0
1609,276,1712620667452,20.0,I look at the creek.,989.0
1609,277,1712620671611,79.0,"I'm right in it, eyes open, face down, staring at the moss on the bottom, dead.",4159.0
1609,278,1712620673855,62.0,"""I don't know what's wrong with you,"" he says on the way home.",2244.0
1609,279,1712620675013,45.0,"""You're getting me more riled by the minute.""",1158.0
1609,280,1712620676014,34.0,There is nothing I can say to him.,1001.0
1609,281,1712620677026,36.0,He tries to concentrate on the road.,1012.0
1609,282,1712620678307,47.0,But he keeps looking into the rear-view mirror.,1281.0
1609,283,1712620678900,9.0,He knows.,593.0
1609,284,1712620679450,3.0,***,550.0
1609,285,1712620681981,52.0,Stuart believes he is letting me sleep this morning.,2531.0
1609,286,1712620683897,47.0,But I was awake long before the alarm went off.,1916.0
1609,287,1712620687929,74.0,"I was thinking, lying on the far side of the bed away from his hairy legs.",4032.0
1609,288,1712620691231,78.0,"He gets Dean off for school, and then he shaves, dresses, and leaves for work.",3302.0
1609,289,1712620693018,40.0,Twice he looks in and clears his throat.,1787.0
1609,290,1712620694605,26.0,But I keep my eyes closed.,1587.0
1609,291,1712620695755,38.0,In the kitchen I find a note from him.,1150.0
1609,292,1712620696834,19.0,"It's signed ""Love.""",1079.0
1609,293,1712620701021,74.0,I sit in the breakfast nook and drink coffee and leave a ring on the note.,4187.0
1609,294,1712620703670,67.0,I look at the newspaper and turn it this way and that on the table.,2649.0
1609,295,1712620705416,43.0,Then I skid it close and read what it says.,1746.0
1609,296,1712620706625,38.0,"The body has been identified, claimed.",1209.0
1609,297,1712620714040,155.0,"But it took some examining it, some putting things into it, some cutting, some weighing, some measuring, some putting things back again and sewing them in.",7414.0
1609,298,1712620716087,57.0,I sit for a long time holding the newspaper and thinking.,2047.0
1609,299,1712620719203,51.0,Then I call up to get a chair at the hairdresser's.,3116.0
1609,300,1712620719843,3.0,***,640.0
1609,301,1712620722259,75.0,I sit under the dryer with a magazine on my lap and let Marnie do my nails.,2416.0
1609,302,1712620723289,42.0,"""I am going to a funeral tomorrow,"" I say.",1030.0
1609,303,1712620724705,38.0,"""I'm sorry to hear that,"" Marnie says.",1416.0
1609,304,1712620725652,25.0,"""It was a murder,"" I say.",947.0
1609,305,1712620726627,37.0,"""That's the worst kind,"" Marnie says.",975.0
1609,306,1712620728034,35.0,"""We weren't all that close,"" I say.",1407.0
1609,307,1712620728705,15.0,"""But you know?""",671.0
1609,308,1712620731182,45.0,"""We'll get you fixed up for it,"" Marnie says.",2477.0
1609,309,1712620733150,72.0,"That night I make my bed on the sofa, and in the morning I get up first.",1968.0
1609,310,1712620735149,50.0,I put on coffee and fix breakfast while he shaves.,1999.0
1609,311,1712620738171,76.0,"He appears in the kitchen doorway, towel over his bare shoulder, appraising.",3022.0
1609,312,1712620739219,23.0,"""Here's coffee,"" I say.",1048.0
1609,313,1712620741413,31.0,"""Eggs'll be ready in a minute.”",2194.0
1609,314,1712620742609,37.0,"I wake Dean, and the three of us eat.",1196.0
1609,315,1712620745468,79.0,"Whenever Stuart looks at me, I ask Dean if he wants more milk, more toast, etc.",2859.0
1609,316,1712620747135,56.0,"""I'll call you today,"" Stuart says as he opens the door.",1667.0
1609,317,1712620749100,42.0,"I say, ""I don't think I'll be home today.""",1965.0
1609,318,1712620749744,21.0,"""All right,"" he says.",644.0
1609,319,1712620750362,7.0,"""Sure.""",618.0
1609,320,1712620750856,18.0,I dress carefully.,494.0
1609,321,1712620753431,48.0,I try on a hat and look at myself in the mirror.,2575.0
1609,322,1712620755315,28.0,I write out a note for Dean.,1884.0
1609,323,1712620759112,69.0,"Honey, Mommy has things to do this afternoon, but will be back later.",3797.0
1609,324,1712620762521,61.0,You stay in or be in the backyard until one of us comes home.,3409.0
1609,325,1712620763382,11.0,"Love, Mommy",861.0
1609,326,1712620765668,48.0,I look at the word Love and then I underline it.,2286.0
1609,327,1712620767890,29.0,Then I see the word backyard.,2222.0
1609,328,1712620769457,22.0,Is it one word or two?,1567.0
1609,329,1712620770032,3.0,***,575.0
1609,330,1712620772859,121.0,"I drive through farm country, through fields of oats and sugar beets and past apple orchards, cattle grazing in pastures.",2827.0
1609,331,1712620777930,99.0,"Then everything changes, more like shacks than farmhouses and stands of timber instead of orchards.",5071.0
1609,332,1712620780370,78.0,"Then mountains, and on the right, far below, I sometimes see the Naches River.",2439.0
1609,333,1712620782842,64.0,A green pickup comes up behind me and stays behind me for miles.,2471.0
1609,334,1712620785327,55.0,"I keep slowing at the wrong times, hoping he will pass.",2485.0
1609,335,1712620786204,16.0,Then I speed up.,877.0
1609,336,1712620787286,36.0,"But this is at the wrong times, too.",1082.0
1609,337,1712620788056,39.0,I grip the wheel until my fingers hurt.,770.0
1609,338,1712620789761,37.0,On a long clear stretch he goes past.,1705.0
1609,339,1712620793057,73.0,"But he drives along beside for a bit, a crewcut man in a blue work shirt.",3296.0
1609,340,1712620793917,24.0,We look each other over.,860.0
1609,341,1712620795790,53.0,"Then he waves, toots his horn, and pulls on up ahead.",1873.0
1609,342,1712620797954,29.0,I slow down and find a place.,2164.0
1609,343,1712620799087,35.0,I pull over and shut off the motor.,1133.0
1609,344,1712620800251,42.0,I can hear the river down below the trees.,1164.0
1609,345,1712620801451,35.0,Then I hear the pickup coming back.,1200.0
1609,346,1712620802573,41.0,I lock the doors and roll up the windows.,1122.0
1609,347,1712620803288,30.0,"""You all right?"" the man says.",713.0
1609,348,1712620804032,21.0,He raps on the glass.,744.0
1609,349,1712620804693,11.0,"""You okay?""",661.0
1609,350,1712620807617,64.0,He leans his arms on the door and brings his face to the window.,2924.0
1609,351,1712620808349,15.0,I stare at him.,732.0
1609,352,1712620809447,30.0,I can't think what else to do.,1098.0
1609,353,1712620810223,34.0,"""Is everything all right in there?",776.0
1609,354,1712620811680,31.0,"How come you're all locked up?""",1457.0
1609,355,1712620812381,16.0,I shake my head.,701.0
1609,356,1712620813070,24.0,"""Roll down your window.""",689.0
1609,357,1712620814753,64.0,He shakes his head and looks at the highway and then back at me.,1683.0
1609,358,1712620815351,19.0,"""Roll it down now.""",598.0
1609,359,1712620816517,32.0,"""Please,"" I say, ""I have to go.""",1166.0
1609,360,1712620818144,50.0,"""Open the door,"" he says as if he isn't listening.",1627.0
1609,361,1712620819307,33.0,"""You're going to choke in there.""",1163.0
1609,362,1712620821005,32.0,"He looks at my breasts, my legs.",1698.0
1609,363,1712620823323,34.0,I can tell that's what he's doing.,2318.0
1609,364,1712620824059,22.0,"""Hey, sugar,"" he says.",736.0
1609,365,1712620825054,31.0,"""I'm just here to help is all.""",995.0
1609,366,1712620825675,3.0,***,621.0
1609,367,1712620829101,52.0,The casket is closed and covered with floral sprays.,3426.0
1609,368,1712620829987,45.0,The organ starts up the minute I take a seat.,886.0
1609,369,1712620830891,40.0,People are coming in and finding chairs.,904.0
1609,370,1712620833528,63.0,There's a boy in flared pants and a yellow short-sleeved shirt.,2637.0
1609,371,1712620836617,100.0,A door opens and the family comes in in a group and moves over to a curtained place off to one side.,3089.0
1609,372,1712620837994,39.0,Chairs creak as everybody gets settled.,1376.0
1609,373,1712620842008,83.0,"Directly, a nice blond man in a nice dark suit stands and asks us to bow our heads.",4014.0
1609,374,1712620845479,105.0,"He says a prayer for us, the living, and when he finishes, he says a prayer for the soul of the departed.",3471.0
1609,375,1712620846973,43.0,Along with the others I go past the casket.,1494.0
1609,376,1712620848689,66.0,Then I move out onto the front steps and into the afternoon light.,1716.0
1609,377,1712620855988,66.0,There's a woman who limps as she goes down the stairs ahead of me.,7299.0
1609,378,1712620858026,33.0,On the sidewalk she looks around.,2038.0
1609,379,1712620859493,31.0,"""Well, they got him,"" she says.",1467.0
1609,380,1712620860628,27.0,"""If that's any consolation.",1135.0
1609,381,1712620861608,31.0,They arrested him this morning.,980.0
1609,382,1712620862862,38.0,I heard it on the radio before I come.,1254.0
1609,383,1712620863685,26.0,"A boy right here in town.""",823.0
1609,384,1712620865550,42.0,We move a few steps down the hot sidewalk.,1864.0
1609,385,1712620866310,25.0,People are starting cars.,760.0
1609,386,1712620869574,49.0,I put out my hand and hold on to a parking meter.,3264.0
1609,387,1712620871394,36.0,Polished hoods and polished fenders.,1820.0
1609,388,1712620872406,14.0,My head swims.,1012.0
1609,389,1712620875140,41.0,"I say, ""They have friends, these killers.",2734.0
1609,390,1712620875978,16.0,"You can't tell.""",838.0
1609,391,1712620880132,70.0,"""I have known that child since she was a little girl,"" the woman says.",4154.0
1609,392,1712620884204,93.0,"""She used to come over and I'd bake cookies for her and let her eat them in front of the TV.""",4072.0
1609,393,1712620884832,3.0,***,628.0
1609,394,1712620886560,76.0,"Back home, Stuart sits at the table with a drink of whiskey in front of him.",1728.0
1609,395,1712620888139,57.0,For a crazy instant I think something's happened to Dean.,1579.0
1609,396,1712620888802,14.0,"""Where is he?""",663.0
1609,397,1712620889293,6.0,I say.,491.0
1609,398,1712620889901,16.0,"""Where is Dean?""",608.0
1609,399,1712620890429,27.0,"""Outside,"" my husband says.",528.0
1609,400,1712620891242,34.0,He drains his glass and stands up.,813.0
1609,401,1712620893042,40.0,"He says, ""I think I know what you need.""",1800.0
1609,402,1712620898103,138.0,He reaches an arm around my waist and with his other hand he begins to unbutton my jacket and then he goes on to the buttons of my blouse.,5061.0
1609,403,1712620899071,30.0,"""First things first,"" he says.",967.0
1609,404,1712620899950,23.0,He says something else.,879.0
1609,405,1712620900882,27.0,But I don't need to listen.,932.0
1609,406,1712620903297,46.0,I can't hear a thing with so much water going.,2415.0
1609,407,1712620903844,3.0,***,546.0
1688,136,1712420728146,3.0,***,16370.0
1688,137,1712420764695,37.0,My husband eats with a good appetite.,36549.0
1688,138,1712420765861,37.0,But I don't think he's really hungry.,1165.0
1688,139,1712420766783,69.0,"He chews, arms on the table, and stares at something across the room.",922.0
1688,140,1712420767250,30.0,He looks at me and looks away.,467.0
1688,141,1712420767636,33.0,He wipes his mouth on the napkin.,386.0
1688,142,1712420768046,30.0,"He shrugs, and goes on eating.",410.0
1688,143,1712420769000,42.0,"""What are you staring at me for?"" he says.",954.0
1688,144,1712420769580,45.0,"""What is it?"" he says and lays down his fork.",580.0
1688,145,1712420769956,42.0,"""Was I staring?"" I say, and shake my head.",376.0
1688,146,1712420770417,20.0,The telephone rings.,460.0
1688,147,1712420771550,27.0,"""Don't answer it,"" he says.",1133.0
1688,148,1712420772336,33.0,"""It might be your mother,"" I say.",786.0
1688,149,1712420773028,25.0,"""Watch and see,"" he says.",692.0
1688,150,1712420773724,34.0,I pick up the receiver and listen.,696.0
1688,151,1712420774492,24.0,My husband stops eating.,768.0
1688,152,1712420775530,46.0,"""What did I tell you?"" he says when I hang up.",1038.0
1688,153,1712420776265,23.0,He starts to eat again.,735.0
1688,154,1712420776946,36.0,Then throws his napkin on his plate.,681.0
1688,155,1712420777708,63.0,"He says, ""Goddamn it, why can't people mind their own business?",762.0
1688,156,1712420778657,41.0,Tell me what I did wrong and I'll listen!,949.0
1688,157,1712420779376,28.0,I wasn't the only man there.,719.0
1688,158,1712420780185,37.0,We talked it over and we all decided.,809.0
1688,159,1712420781235,29.0,We couldn't just turn around.,1050.0
1688,160,1712420783353,32.0,We were five miles from the car.,2118.0
1688,161,1712420784388,34.0,I won't have you passing judgment.,1035.0
1688,162,1712420784910,13.0,"Do you hear?""",522.0
1688,163,1712420785410,18.0,"""You know,"" I say.",500.0
1688,164,1712420786065,33.0,"He says, ""What do I know, Claire?",655.0
1688,165,1712420786718,34.0,Tell me what I'm supposed to know.,653.0
1688,166,1712420787419,40.0,"I don't know anything except one thing?""",701.0
1688,167,1712420788449,48.0,He gives me what he thinks is a meaningful look.,1030.0
1688,168,1712420789050,24.0,"""She was dead,"" he says.",601.0
1688,169,1712420789886,33.0,"""And I'm as sorry as anyone else.",836.0
1688,170,1712420790455,18.0,"But she was dead.""",569.0
1688,171,1712420791025,26.0,"""That's the point,"" I say.",570.0
1688,172,1712420791574,20.0,He raises his hands.,549.0
1688,173,1712420792492,40.0,He pushes his chair away from the table.,918.0
1688,174,1712420793716,72.0,He takes out his cigarettes and goes out to the back with a can of beer.,1224.0
1688,175,1712420794645,64.0,I see him sit in the lawn chair and pick up the newspaper again.,928.0
1688,176,1712420795221,39.0,His name is in there on the first page.,576.0
1688,177,1712420795905,36.0,Along with the names of his friends.,684.0
1688,178,1712420796557,40.0,I close my eyes and hold on to the sink.,652.0
1688,179,1712420797160,74.0,Then I rake my arm across the drainboard and send the dishes to the floor.,603.0
1688,180,1712420797625,16.0,He doesn't move.,465.0
1688,181,1712420798081,18.0,I know he's heard.,456.0
1688,182,1712420798539,40.0,He lifts his head as if still listening.,458.0
1688,183,1712420799064,30.0,But he doesn't move otherwise.,525.0
1688,184,1712420799543,23.0,He doesn't turn around.,479.0
1688,185,1712420799961,3.0,***,418.0
1688,186,1712420800625,88.0,"He and Gordon Johnson and Mel Dorn and Vern Williams, they play poker and bowl and fish.",664.0
1688,187,1712420801303,85.0,They fish every spring and early summer before visiting relatives can get in the way.,678.0
1688,188,1712420801976,65.0,"They are decent men, family men, men who take care of their jobs.",673.0
1688,189,1712420803051,65.0,"They have sons and daughters who go to school with our son, Dean.",1075.0
1688,190,1712420803865,55.0,Last Friday these family men left for the Naches River.,814.0
1688,191,1712420804868,76.0,They parked the car in the mountains and hiked to where they wanted to fish.,1003.0
1688,192,1712420805952,76.0,"They carried their bedrolls, their food, their playing cards, their whiskey.",1084.0
1688,193,1712420806558,42.0,They saw the girl before they set up camp.,606.0
1688,194,1712420807160,19.0,Mel Dorn found her.,602.0
1688,195,1712420807675,25.0,No clothes on her at all.,515.0
1688,196,1712420808211,64.0,She was wedged into some branches that stuck out over the water.,536.0
1688,197,1712420808684,43.0,He called the others and they came to look.,473.0
1688,198,1712420809144,29.0,They talked about what to do.,460.0
1688,199,1712420809599,82.0,One of the men - my Stuart didn't say which - said they should start back at once.,455.0
1688,200,1712420810791,86.0,"The others stirred the sand with their shoes, said they didn't feel inclined that way.",1192.0
1688,201,1712420811295,82.0,"They pleaded fatigue, the late hour, the fact that the girl wasn't going anywhere.",504.0
1688,202,1712420811859,47.0,In the end they went ahead and set up the camp.,564.0
1688,203,1712420812597,42.0,They built a fire and drank their whiskey.,738.0
1688,204,1712420813069,50.0,"When the moon came up, they talked about the girl.",472.0
1688,205,1712420813508,59.0,Someone said they should -keep the body from drifting away.,439.0
1688,206,1712420814845,55.0,They took their flashlights and went back to the river.,1337.0
1688,207,1712420815790,66.0,One of the men - it might have been Stuart - waded in and got her.,944.0
1688,208,1712420817121,53.0,He took her by the fingers and pulled her into shore.,1331.0
1688,209,1712420818320,87.0,He got some nylon cord and tied it to her wrist and then looped the rest around a tree.,1199.0
1688,210,1712420819667,99.0,"The next morning they cooked breakfast, drank coffee, and drank whiskey, and then split up to fish.",1347.0
1688,211,1712420820967,182.0,"That night they cooked fish, cooked potatoes, drank coffee, drank whiskey, then took their cooking things and eating things back down to the river and washed them where the girl was.",1300.0
1688,212,1712420822699,32.0,They played some cards later on.,1732.0
1688,213,1712420824125,55.0,Maybe they played until they couldn't see them anymore.,1426.0
1688,214,1712420824950,28.0,Vern Williams went to sleep.,825.0
1688,215,1712420825911,28.0,But the others told stories.,961.0
1688,216,1712420826735,100.0,Gordon Johnson said the trout they'd caught were hard because of the terrible coldness of the water.,824.0
1688,217,1712420827888,154.0,"The next morning they got up late, drank whiskey, fished a little, took down their tents, rolled their sleeping bags, gathered their stuff, and hiked out.",1153.0
1688,218,1712420828737,41.0,They drove until they got to a telephone.,849.0
1688,219,1712420830018,86.0,It was Stuart who made the call while the others stood around in the sun and listened.,1281.0
1688,220,1712420830521,32.0,He gave the sheriff their names.,503.0
1688,221,1712420830973,25.0,They had nothing to hide.,452.0
1688,222,1712420831302,21.0,They weren't ashamed.,329.0
1688,223,1712420831660,100.0,They said they'd wait until someone could come for better directions and take down their statements.,358.0
1688,224,1712420832063,3.0,***,403.0
1688,225,1712420832505,30.0,I was asleep when he got home.,442.0
1688,226,1712420833142,46.0,But I woke up when I heard him in the kitchen.,637.0
1688,227,1712420833330,64.0,I found him leaning against the refrigerator with a can of beer.,188.0
1688,228,1712420833541,68.0,He put his heavy arms around me and rubbed his big hands on my back.,211.0
1688,229,1712420833754,85.0,In bed he put his hands on me again and then waited as if thinking of something else.,213.0
1688,230,1712420833955,28.0,I turned and opened my legs.,201.0
1688,231,1712420834130,36.0,"Afterwards, I think he stayed awake.",175.0
1688,232,1712420834335,53.0,He was up that morning before I could get out of bed.,205.0
1688,233,1712420834510,54.0,"To see if there was something in the paper, I suppose.",175.0
1688,234,1712420834746,46.0,The telephone began ringing right after eight.,235.0
1688,235,1712420834909,13.0,"""Go to hell!""",163.0
1688,236,1712420835088,18.0,I heard him shout.,179.0
1688,237,1712420835256,31.0,The telephone rang right again.,168.0
1688,238,1712420835745,59.0,"""I have nothing to add to what I already told the sheriff!""",489.0
1688,239,1712420835875,29.0,He slammed the receiver down.,130.0
1688,240,1712420836006,27.0,"""What is going on?"" I said.",131.0
1688,241,1712420836137,49.0,It was then that he told me what I just told you.,131.0
1688,242,1712420836268,3.0,***,131.0
1688,243,1712420836399,44.0,I sweep up the broken dishes and go outside.,131.0
1688,244,1712420836531,85.0,"He is lying on his back on the grass now, the newspaper and can of beer within reach.",132.0
1688,245,1712420836660,41.0,"""Stuart, could we go for a drive?"" I say.",129.0
1688,246,1712420836791,30.0,He rolls over and looks at me.,131.0
1688,247,1712420836921,37.0,"""We'll pick up some beer,"" he says...",130.0
1688,248,1712420837048,62.0,He gets to his feet and touches me on the hip as he goes past.,126.0
1688,249,1712420837180,28.0,"""Give me a minute,"" he says.",132.0
1688,250,1712420837312,39.0,We drive through town without speaking.,132.0
1688,251,1712420837441,39.0,He stops at a roadside market for beer.,129.0
1688,252,1712420837571,54.0,I notice a great stack of papers just inside the door.,130.0
1688,253,1712420837703,89.0,On the top step a fat woman in a print dress holds out a licorice stick to a little girl.,132.0
1688,254,1712420837833,66.0,"Later on, we cross Everson Creek and turn into the picnic grounds.",130.0
1688,255,1712420837963,79.0,The creek runs under the bridge and into a large pond a few hundred yards away.,130.0
1688,256,1712420838090,28.0,I can see the men out there.,127.0
1688,257,1712420838221,33.0,I can see them out there fishing.,131.0
1688,258,1712420838352,31.0,So much water so close to home.,130.0
1688,259,1712420838483,43.0,"I say, ""Why did you have to go miles away?""",130.0
1688,260,1712420838614,25.0,"""Don't rile me,"" he says.",131.0
1688,261,1712420838744,29.0,We sit on a bench in the sun.,130.0
1688,262,1712420838875,25.0,He opens us cans of beer.,131.0
1688,263,1712420839006,25.0,"He says, ""Relax, Claire.""",131.0
1688,264,1712420839137,30.0,"""They said they were innocent.",131.0
1688,265,1712420839268,27.0,"They said they were crazy.""",131.0
1688,266,1712420839399,15.0,"He says, ""Who?""",131.0
1688,267,1712420839531,38.0,"He says, ""What are you talking about?""",132.0
1688,268,1712420839660,21.0,"""The Maddox brothers.",129.0
1688,269,1712420839791,54.0,They killed a girl named Arlene Hubly where I grew up.,130.0
1688,270,1712420839921,60.0,They cut off her head and threw her into the Cle Elum River.,130.0
1688,271,1712420840053,31.0,"It happened when I was a girl.""",132.0
1688,272,1712420840184,40.0,"""You're going to get me riled,"" he says.",131.0
1688,273,1712420840315,20.0,I look at the creek.,131.0
1688,274,1712420840445,79.0,"I'm right in it, eyes open, face down, staring at the moss on the bottom, dead.",130.0
1688,275,1712420840576,62.0,"""I don't know what's wrong with you,"" he says on the way home.",130.0
1688,276,1712420840706,45.0,"""You're getting me more riled by the minute.""",130.0
1688,277,1712420840837,34.0,There is nothing I can say to him.,131.0
1688,278,1712420840968,36.0,He tries to concentrate on the road.,131.0
1688,279,1712420841099,47.0,But he keeps looking into the rear-view mirror.,131.0
1688,280,1712420841231,9.0,He knows.,132.0
1688,281,1712420841361,3.0,***,130.0
1688,282,1712420841492,52.0,Stuart believes he is letting me sleep this morning.,131.0
1688,283,1712420841623,47.0,But I was awake long before the alarm went off.,131.0
1688,284,1712420841753,74.0,"I was thinking, lying on the far side of the bed away from his hairy legs.",130.0
1688,285,1712420841884,78.0,"He gets Dean off for school, and then he shaves, dresses, and leaves for work.",131.0
1688,286,1712420842015,40.0,Twice he looks in and clears his throat.,131.0
1688,287,1712420842146,26.0,But I keep my eyes closed.,130.0
1688,288,1712420842276,38.0,In the kitchen I find a note from him.,130.0
1688,289,1712420842407,19.0,"It's signed ""Love.""",130.0
1688,290,1712420842538,74.0,I sit in the breakfast nook and drink coffee and leave a ring on the note.,131.0
1688,291,1712420842668,67.0,I look at the newspaper and turn it this way and that on the table.,130.0
1688,292,1712420842799,43.0,Then I skid it close and read what it says.,131.0
1688,293,1712420842930,38.0,"The body has been identified, claimed.",131.0
1688,294,1712420843057,155.0,"But it took some examining it, some putting things into it, some cutting, some weighing, some measuring, some putting things back again and sewing them in.",127.0
1688,295,1712420843188,57.0,I sit for a long time holding the newspaper and thinking.,131.0
1688,296,1712420843319,51.0,Then I call up to get a chair at the hairdresser's.,131.0
1688,297,1712420843451,3.0,***,132.0
1688,298,1712420843580,75.0,I sit under the dryer with a magazine on my lap and let Marnie do my nails.,129.0
1688,299,1712420843711,42.0,"""I am going to a funeral tomorrow,"" I say.",131.0
1688,300,1712420843843,38.0,"""I'm sorry to hear that,"" Marnie says.",132.0
1688,301,1712420843972,25.0,"""It was a murder,"" I say.",129.0
1688,302,1712420844104,37.0,"""That's the worst kind,"" Marnie says.",132.0
1688,303,1712420844235,35.0,"""We weren't all that close,"" I say.",131.0
1688,304,1712420844365,15.0,"""But you know?""",130.0
1688,305,1712420844496,45.0,"""We'll get you fixed up for it,"" Marnie says.",131.0
1688,306,1712420844627,72.0,"That night I make my bed on the sofa, and in the morning I get up first.",131.0
1688,307,1712420844757,50.0,I put on coffee and fix breakfast while he shaves.,130.0
1688,308,1712420844888,76.0,"He appears in the kitchen doorway, towel over his bare shoulder, appraising.",131.0
1688,309,1712420845020,23.0,"""Here's coffee,"" I say.",132.0
1688,310,1712420845151,31.0,"""Eggs'll be ready in a minute.”",131.0
1688,311,1712420845282,37.0,"I wake Dean, and the three of us eat.",131.0
1688,312,1712420845414,79.0,"Whenever Stuart looks at me, I ask Dean if he wants more milk, more toast, etc.",132.0
1688,313,1712420845545,56.0,"""I'll call you today,"" Stuart says as he opens the door.",131.0
1688,314,1712420845676,42.0,"I say, ""I don't think I'll be home today.""",131.0
1688,315,1712420845807,21.0,"""All right,"" he says.",131.0
1688,316,1712420845938,7.0,"""Sure.""",131.0
1688,317,1712420846068,18.0,I dress carefully.,130.0
1688,318,1712420846200,48.0,I try on a hat and look at myself in the mirror.,132.0
1688,319,1712420846331,28.0,I write out a note for Dean.,131.0
1688,320,1712420846461,69.0,"Honey, Mommy has things to do this afternoon, but will be back later.",130.0
1688,321,1712420846592,61.0,You stay in or be in the backyard until one of us comes home.,131.0
1688,322,1712420846722,11.0,"Love, Mommy",130.0
1688,323,1712420846853,48.0,I look at the word Love and then I underline it.,131.0
1688,324,1712420846984,29.0,Then I see the word backyard.,131.0
1688,325,1712420847114,22.0,Is it one word or two?,130.0
1688,326,1712420847241,3.0,***,127.0
1688,327,1712420847372,121.0,"I drive through farm country, through fields of oats and sugar beets and past apple orchards, cattle grazing in pastures.",131.0
1688,328,1712420847498,99.0,"Then everything changes, more like shacks than farmhouses and stands of timber instead of orchards.",126.0
1688,329,1712420847630,78.0,"Then mountains, and on the right, far below, I sometimes see the Naches River.",131.0
1688,330,1712420847761,64.0,A green pickup comes up behind me and stays behind me for miles.,131.0
1688,331,1712420847892,55.0,"I keep slowing at the wrong times, hoping he will pass.",131.0
1688,332,1712420848022,16.0,Then I speed up.,130.0
1688,333,1712420848153,36.0,"But this is at the wrong times, too.",130.0
1688,334,1712420848284,39.0,I grip the wheel until my fingers hurt.,131.0
1688,335,1712420848415,37.0,On a long clear stretch he goes past.,131.0
1688,336,1712420848546,73.0,"But he drives along beside for a bit, a crewcut man in a blue work shirt.",131.0
1688,337,1712420848677,24.0,We look each other over.,131.0
1688,338,1712420848804,53.0,"Then he waves, toots his horn, and pulls on up ahead.",127.0
1688,339,1712420848934,29.0,I slow down and find a place.,130.0
1688,340,1712420849064,35.0,I pull over and shut off the motor.,130.0
1688,341,1712420849195,42.0,I can hear the river down below the trees.,130.0
1688,342,1712420849326,35.0,Then I hear the pickup coming back.,130.0
1688,343,1712420849457,41.0,I lock the doors and roll up the windows.,131.0
1688,344,1712420849584,30.0,"""You all right?"" the man says.",127.0
1688,345,1712420849711,21.0,He raps on the glass.,127.0
1688,346,1712420849841,11.0,"""You okay?""",130.0
1688,347,1712420849972,64.0,He leans his arms on the door and brings his face to the window.,131.0
1688,348,1712420850103,15.0,I stare at him.,131.0
1688,349,1712420850233,30.0,I can't think what else to do.,130.0
1688,350,1712420850360,34.0,"""Is everything all right in there?",127.0
1688,351,1712420850491,31.0,"How come you're all locked up?""",131.0
1688,352,1712420850622,16.0,I shake my head.,131.0
1688,353,1712420850748,24.0,"""Roll down your window.""",126.0
1688,354,1712420850879,64.0,He shakes his head and looks at the highway and then back at me.,131.0
1688,355,1712420851009,19.0,"""Roll it down now.""",130.0
1688,356,1712420851140,32.0,"""Please,"" I say, ""I have to go.""",131.0
1688,357,1712420851271,50.0,"""Open the door,"" he says as if he isn't listening.",131.0
1688,358,1712420851402,33.0,"""You're going to choke in there.""",131.0
1688,359,1712420851533,32.0,"He looks at my breasts, my legs.",131.0
1688,360,1712420851660,34.0,I can tell that's what he's doing.,127.0
1688,361,1712420851790,22.0,"""Hey, sugar,"" he says.",130.0
1688,362,1712420851921,31.0,"""I'm just here to help is all.""",131.0
1688,363,1712420852051,3.0,***,130.0
1688,364,1712420852183,52.0,The casket is closed and covered with floral sprays.,132.0
1688,365,1712420852313,45.0,The organ starts up the minute I take a seat.,130.0
1688,366,1712420852444,40.0,People are coming in and finding chairs.,131.0
1688,367,1712420852574,63.0,There's a boy in flared pants and a yellow short-sleeved shirt.,130.0
1688,368,1712420852706,100.0,A door opens and the family comes in in a group and moves over to a curtained place off to one side.,130.0
1688,369,1712420852836,39.0,Chairs creak as everybody gets settled.,130.0
1688,370,1712420852967,83.0,"Directly, a nice blond man in a nice dark suit stands and asks us to bow our heads.",131.0
1688,371,1712420853099,105.0,"He says a prayer for us, the living, and when he finishes, he says a prayer for the soul of the departed.",132.0
1688,372,1712420853228,43.0,Along with the others I go past the casket.,129.0
1688,373,1712420853359,66.0,Then I move out onto the front steps and into the afternoon light.,131.0
1688,374,1712420853490,66.0,There's a woman who limps as she goes down the stairs ahead of me.,131.0
1688,375,1712420853617,33.0,On the sidewalk she looks around.,127.0
1688,376,1712420853748,31.0,"""Well, they got him,"" she says.",131.0
1688,377,1712420853878,27.0,"""If that's any consolation.",130.0
1688,378,1712420854008,31.0,They arrested him this morning.,130.0
1688,379,1712420854139,38.0,I heard it on the radio before I come.,131.0
1688,380,1712420854270,26.0,"A boy right here in town.""",131.0
1688,381,1712420854401,42.0,We move a few steps down the hot sidewalk.,131.0
1688,382,1712420854532,25.0,People are starting cars.,131.0
1688,383,1712420854659,49.0,I put out my hand and hold on to a parking meter.,127.0
1688,384,1712420854790,36.0,Polished hoods and polished fenders.,131.0
1688,385,1712420854920,14.0,My head swims.,130.0
1688,386,1712420855051,41.0,"I say, ""They have friends, these killers.",131.0
1688,387,1712420855182,16.0,"You can't tell.""",131.0
1688,388,1712420855313,70.0,"""I have known that child since she was a little girl,"" the woman says.",131.0
1688,389,1712420855444,93.0,"""She used to come over and I'd bake cookies for her and let her eat them in front of the TV.""",131.0
1688,390,1712420855575,3.0,***,131.0
1688,391,1712420855706,76.0,"Back home, Stuart sits at the table with a drink of whiskey in front of him.",131.0
1688,392,1712420855836,57.0,For a crazy instant I think something's happened to Dean.,130.0
1688,393,1712420855967,14.0,"""Where is he?""",131.0
1688,394,1712420856097,6.0,I say.,130.0
1688,395,1712420856228,16.0,"""Where is Dean?""",131.0
1688,396,1712420856359,27.0,"""Outside,"" my husband says.",131.0
1688,397,1712420856490,34.0,He drains his glass and stands up.,131.0
1688,398,1712420856621,40.0,"He says, ""I think I know what you need.""",131.0
1688,399,1712420856752,138.0,He reaches an arm around my waist and with his other hand he begins to unbutton my jacket and then he goes on to the buttons of my blouse.,131.0
1688,400,1712420856882,30.0,"""First things first,"" he says.",130.0
1688,401,1712420857013,23.0,He says something else.,130.0
1688,402,1712420857144,27.0,But I don't need to listen.,131.0
1688,403,1712420857275,46.0,I can't hear a thing with so much water going.,131.0
1688,404,1712420857406,3.0,***,130.0
1634,85,1712614315268,3.0,***,6232.0
1634,86,1712614318595,37.0,My husband eats with a good appetite.,3327.0
1634,87,1712614321236,37.0,But I don't think he's really hungry.,2641.0
1634,88,1712614328442,69.0,"He chews, arms on the table, and stares at something across the room.",7205.0
1634,89,1712614330264,30.0,He looks at me and looks away.,1822.0
1634,90,1712614332936,33.0,He wipes his mouth on the napkin.,2672.0
1634,91,1712614335321,30.0,"He shrugs, and goes on eating.",2385.0
1634,92,1712614338271,42.0,"""What are you staring at me for?"" he says.",2950.0
1634,93,1712614342401,45.0,"""What is it?"" he says and lays down his fork.",4130.0
1634,94,1712614346102,42.0,"""Was I staring?"" I say, and shake my head.",3700.0
1634,95,1712614347342,20.0,The telephone rings.,1240.0
1634,96,1712614349187,27.0,"""Don't answer it,"" he says.",1844.0
1634,97,1712614351074,33.0,"""It might be your mother,"" I say.",1887.0
1634,98,1712614353587,25.0,"""Watch and see,"" he says.",2513.0
1634,99,1712614357827,34.0,I pick up the receiver and listen.,4240.0
1634,100,1712614359978,24.0,My husband stops eating.,2150.0
1634,101,1712614364649,46.0,"""What did I tell you?"" he says when I hang up.",4671.0
1634,102,1712614366833,23.0,He starts to eat again.,2184.0
1634,103,1712614369585,36.0,Then throws his napkin on his plate.,2752.0
1634,104,1712614373900,63.0,"He says, ""Goddamn it, why can't people mind their own business?",4315.0
1634,105,1712614375925,41.0,Tell me what I did wrong and I'll listen!,2025.0
1634,106,1712614379213,28.0,I wasn't the only man there.,3288.0
1634,107,1712614381445,37.0,We talked it over and we all decided.,2232.0
1634,108,1712614383295,29.0,We couldn't just turn around.,1850.0
1634,109,1712614385894,32.0,We were five miles from the car.,2599.0
1634,110,1712614388404,34.0,I won't have you passing judgment.,2510.0
1634,111,1712614389809,13.0,"Do you hear?""",1405.0
1634,112,1712614390918,18.0,"""You know,"" I say.",1108.0
1634,113,1712614393498,33.0,"He says, ""What do I know, Claire?",2580.0
1634,114,1712614395588,34.0,Tell me what I'm supposed to know.,2090.0
1634,115,1712614398157,40.0,"I don't know anything except one thing?""",2569.0
1634,116,1712614402214,48.0,He gives me what he thinks is a meaningful look.,4057.0
1634,117,1712614404394,24.0,"""She was dead,"" he says.",2179.0
1634,118,1712614407969,33.0,"""And I'm as sorry as anyone else.",3575.0
1634,119,1712614409304,18.0,"But she was dead.""",1335.0
1634,120,1712614412388,26.0,"""That's the point,"" I say.",3084.0
1634,121,1712614413701,20.0,He raises his hands.,1312.0
1634,122,1712614416022,40.0,He pushes his chair away from the table.,2321.0
1634,123,1712614422531,72.0,He takes out his cigarettes and goes out to the back with a can of beer.,6509.0
1634,124,1712614426282,64.0,I see him sit in the lawn chair and pick up the newspaper again.,3751.0
1634,125,1712614432447,39.0,His name is in there on the first page.,6165.0
1634,126,1712614449275,36.0,Along with the names of his friends.,16828.0
1634,127,1712614451782,40.0,I close my eyes and hold on to the sink.,2507.0
1634,128,1712614461929,74.0,Then I rake my arm across the drainboard and send the dishes to the floor.,10147.0
1634,129,1712614472886,16.0,He doesn't move.,10956.0
1634,130,1712614474765,18.0,I know he's heard.,1879.0
1634,131,1712614480576,40.0,He lifts his head as if still listening.,5810.0
1634,132,1712614484561,30.0,But he doesn't move otherwise.,3985.0
1634,133,1712614487304,23.0,He doesn't turn around.,2743.0
1634,134,1712614488892,3.0,***,1588.0
1634,135,1712614495537,88.0,"He and Gordon Johnson and Mel Dorn and Vern Williams, they play poker and bowl and fish.",6645.0
1634,136,1712614503399,85.0,They fish every spring and early summer before visiting relatives can get in the way.,7862.0
1634,137,1712614507895,65.0,"They are decent men, family men, men who take care of their jobs.",4496.0
1634,138,1712614511652,65.0,"They have sons and daughters who go to school with our son, Dean.",3757.0
1634,139,1712614517253,55.0,Last Friday these family men left for the Naches River.,5601.0
1634,140,1712614527698,76.0,They parked the car in the mountains and hiked to where they wanted to fish.,10445.0
1634,141,1712614534446,76.0,"They carried their bedrolls, their food, their playing cards, their whiskey.",6748.0
1634,142,1712614539347,42.0,They saw the girl before they set up camp.,4900.0
1634,143,1712614545035,19.0,Mel Dorn found her.,5688.0
1634,144,1712614546351,25.0,No clothes on her at all.,1314.0
1634,145,1712614551340,64.0,She was wedged into some branches that stuck out over the water.,4989.0
1634,146,1712614556288,43.0,He called the others and they came to look.,4948.0
1634,147,1712614559989,29.0,They talked about what to do.,3701.0
1634,148,1712614567785,82.0,One of the men - my Stuart didn't say which - said they should start back at once.,7796.0
1634,149,1712614579749,86.0,"The others stirred the sand with their shoes, said they didn't feel inclined that way.",11964.0
1634,150,1712614637374,82.0,"They pleaded fatigue, the late hour, the fact that the girl wasn't going anywhere.",57624.0
1634,151,1712614661962,47.0,In the end they went ahead and set up the camp.,24588.0
1634,152,1712614670703,42.0,They built a fire and drank their whiskey.,8741.0
1634,153,1712614680546,50.0,"When the moon came up, they talked about the girl.",9843.0
1634,154,1712614684781,59.0,Someone said they should -keep the body from drifting away.,4234.0
1634,155,1712614687248,55.0,They took their flashlights and went back to the river.,2467.0
1634,156,1712614692194,66.0,One of the men - it might have been Stuart - waded in and got her.,4946.0
1634,157,1712614695254,53.0,He took her by the fingers and pulled her into shore.,3060.0
1634,158,1712614704447,87.0,He got some nylon cord and tied it to her wrist and then looped the rest around a tree.,9193.0
1634,159,1712614716924,99.0,"The next morning they cooked breakfast, drank coffee, and drank whiskey, and then split up to fish.",12476.0
1634,160,1712614736571,182.0,"That night they cooked fish, cooked potatoes, drank coffee, drank whiskey, then took their cooking things and eating things back down to the river and washed them where the girl was.",19647.0
1634,161,1712614738516,32.0,They played some cards later on.,1945.0
1634,162,1712614743056,55.0,Maybe they played until they couldn't see them anymore.,4540.0
1634,163,1712614745430,28.0,Vern Williams went to sleep.,2374.0
1634,164,1712614746917,28.0,But the others told stories.,1487.0
1634,165,1712614753634,100.0,Gordon Johnson said the trout they'd caught were hard because of the terrible coldness of the water.,6717.0
1634,166,1712614762807,154.0,"The next morning they got up late, drank whiskey, fished a little, took down their tents, rolled their sleeping bags, gathered their stuff, and hiked out.",9173.0
1634,167,1712614771843,41.0,They drove until they got to a telephone.,9036.0
1634,168,1712614788679,86.0,It was Stuart who made the call while the others stood around in the sun and listened.,16836.0
1634,169,1712614791498,32.0,He gave the sheriff their names.,2819.0
1634,170,1712614798710,25.0,They had nothing to hide.,7212.0
1634,171,1712614810543,21.0,They weren't ashamed.,11832.0
1634,172,1712614817355,100.0,They said they'd wait until someone could come for better directions and take down their statements.,6812.0
1634,173,1712614820676,3.0,***,3321.0
1634,174,1712614859988,30.0,I was asleep when he got home.,39311.0
1634,175,1712614866354,46.0,But I woke up when I heard him in the kitchen.,6366.0
1634,176,1712614869704,64.0,I found him leaning against the refrigerator with a can of beer.,3350.0
1634,177,1712614875876,68.0,He put his heavy arms around me and rubbed his big hands on my back.,6172.0
1634,178,1712614909668,85.0,In bed he put his hands on me again and then waited as if thinking of something else.,33791.0
1634,179,1712614915504,28.0,I turned and opened my legs.,5836.0
1634,180,1712614919188,36.0,"Afterwards, I think he stayed awake.",3684.0
1634,181,1712614924997,53.0,He was up that morning before I could get out of bed.,5809.0
1634,182,1712614931626,54.0,"To see if there was something in the paper, I suppose.",6629.0
1634,183,1712614934720,46.0,The telephone began ringing right after eight.,3094.0
1634,184,1712614935987,13.0,"""Go to hell!""",1267.0
1634,185,1712614936907,18.0,I heard him shout.,920.0
1634,186,1712614938527,31.0,The telephone rang right again.,1619.0
1634,187,1712614941854,59.0,"""I have nothing to add to what I already told the sheriff!""",3327.0
1634,188,1712614943526,29.0,He slammed the receiver down.,1672.0
1634,189,1712614944896,27.0,"""What is going on?"" I said.",1370.0
1634,190,1712614951279,49.0,It was then that he told me what I just told you.,6383.0
1634,191,1712614952451,3.0,***,1172.0
1634,192,1712614955585,44.0,I sweep up the broken dishes and go outside.,3134.0
1634,193,1712614959322,85.0,"He is lying on his back on the grass now, the newspaper and can of beer within reach.",3737.0
1634,194,1712614961670,41.0,"""Stuart, could we go for a drive?"" I say.",2348.0
1634,195,1712614963134,30.0,He rolls over and looks at me.,1463.0
1634,196,1712614965750,37.0,"""We'll pick up some beer,"" he says...",2615.0
1634,197,1712614972058,62.0,He gets to his feet and touches me on the hip as he goes past.,6308.0
1634,198,1712614973249,28.0,"""Give me a minute,"" he says.",1191.0
1634,199,1712614975500,39.0,We drive through town without speaking.,2251.0
1634,200,1712614979021,39.0,He stops at a roadside market for beer.,3521.0
1634,201,1712614987899,54.0,I notice a great stack of papers just inside the door.,8878.0
1634,202,1712614996946,89.0,On the top step a fat woman in a print dress holds out a licorice stick to a little girl.,9047.0
1634,203,1712615002312,66.0,"Later on, we cross Everson Creek and turn into the picnic grounds.",5365.0
1634,204,1712615011088,79.0,The creek runs under the bridge and into a large pond a few hundred yards away.,8776.0
1634,205,1712615013873,28.0,I can see the men out there.,2785.0
1634,206,1712615016786,33.0,I can see them out there fishing.,2913.0
1634,207,1712615019958,31.0,So much water so close to home.,3172.0
1634,208,1712615022437,43.0,"I say, ""Why did you have to go miles away?""",2479.0
1634,209,1712615023972,25.0,"""Don't rile me,"" he says.",1535.0
1634,210,1712615026939,29.0,We sit on a bench in the sun.,2967.0
1634,211,1712615030606,25.0,He opens us cans of beer.,3667.0
1634,212,1712615031975,25.0,"He says, ""Relax, Claire.""",1369.0
1634,213,1712615034288,30.0,"""They said they were innocent.",2313.0
1634,214,1712615038261,27.0,"They said they were crazy.""",3973.0
1634,215,1712615039288,15.0,"He says, ""Who?""",1027.0
1634,216,1712615041533,38.0,"He says, ""What are you talking about?""",2245.0
1634,217,1712615043233,21.0,"""The Maddox brothers.",1699.0
1634,218,1712615066649,54.0,They killed a girl named Arlene Hubly where I grew up.,23415.0
1634,219,1712615073790,60.0,They cut off her head and threw her into the Cle Elum River.,7141.0
1634,220,1712615093417,31.0,"It happened when I was a girl.""",19626.0
1634,221,1712615095372,40.0,"""You're going to get me riled,"" he says.",1955.0
1634,222,1712615097025,20.0,I look at the creek.,1653.0
1634,223,1712615106093,79.0,"I'm right in it, eyes open, face down, staring at the moss on the bottom, dead.",9067.0
1634,224,1712615112642,62.0,"""I don't know what's wrong with you,"" he says on the way home.",6549.0
1634,225,1712615120101,45.0,"""You're getting me more riled by the minute.""",7459.0
1634,226,1712615122338,34.0,There is nothing I can say to him.,2237.0
1634,227,1712615128989,36.0,He tries to concentrate on the road.,6651.0
1634,228,1712615135065,47.0,But he keeps looking into the rear-view mirror.,6075.0
1634,229,1712615138106,9.0,He knows.,3041.0
1634,230,1712615139240,3.0,***,1133.0
1634,231,1712615146157,52.0,Stuart believes he is letting me sleep this morning.,6917.0
1634,232,1712615151207,47.0,But I was awake long before the alarm went off.,5050.0
1634,233,1712615165239,74.0,"I was thinking, lying on the far side of the bed away from his hairy legs.",14032.0
1634,234,1712615174523,78.0,"He gets Dean off for school, and then he shaves, dresses, and leaves for work.",9284.0
1634,235,1712615179427,40.0,Twice he looks in and clears his throat.,4904.0
1634,236,1712615182311,26.0,But I keep my eyes closed.,2884.0
1634,237,1712615184133,38.0,In the kitchen I find a note from him.,1822.0
1634,238,1712615185363,19.0,"It's signed ""Love.""",1230.0
1634,239,1712615190515,74.0,I sit in the breakfast nook and drink coffee and leave a ring on the note.,5152.0
1634,240,1712615193995,67.0,I look at the newspaper and turn it this way and that on the table.,3480.0
1634,241,1712615197547,43.0,Then I skid it close and read what it says.,3552.0
1634,242,1712615200233,38.0,"The body has been identified, claimed.",2686.0
1634,243,1712615207354,155.0,"But it took some examining it, some putting things into it, some cutting, some weighing, some measuring, some putting things back again and sewing them in.",7121.0
1634,244,1712615210334,57.0,I sit for a long time holding the newspaper and thinking.,2980.0
1634,245,1712615213566,51.0,Then I call up to get a chair at the hairdresser's.,3232.0
1634,246,1712615214389,3.0,***,823.0
1634,247,1712615220017,75.0,I sit under the dryer with a magazine on my lap and let Marnie do my nails.,5628.0
1634,248,1712615221758,42.0,"""I am going to a funeral tomorrow,"" I say.",1741.0
1634,249,1712615223102,38.0,"""I'm sorry to hear that,"" Marnie says.",1344.0
1634,250,1712615224287,25.0,"""It was a murder,"" I say.",1185.0
1634,251,1712615225567,37.0,"""That's the worst kind,"" Marnie says.",1280.0
1634,252,1712615227369,35.0,"""We weren't all that close,"" I say.",1802.0
1634,253,1712615228455,15.0,"""But you know?""",1085.0
1634,254,1712615231897,45.0,"""We'll get you fixed up for it,"" Marnie says.",3442.0
1634,255,1712615239507,72.0,"That night I make my bed on the sofa, and in the morning I get up first.",7610.0
1634,256,1712615241977,50.0,I put on coffee and fix breakfast while he shaves.,2470.0
1634,257,1712615277030,76.0,"He appears in the kitchen doorway, towel over his bare shoulder, appraising.",35053.0
1634,258,1712615281158,23.0,"""Here's coffee,"" I say.",4128.0
1634,259,1712615285577,31.0,"""Eggs'll be ready in a minute.”",4419.0
1634,260,1712615294305,37.0,"I wake Dean, and the three of us eat.",8728.0
1634,261,1712615301206,79.0,"Whenever Stuart looks at me, I ask Dean if he wants more milk, more toast, etc.",6901.0
1634,262,1712615305671,56.0,"""I'll call you today,"" Stuart says as he opens the door.",4465.0
1634,263,1712615354786,42.0,"I say, ""I don't think I'll be home today.""",49114.0
1634,264,1712615363559,21.0,"""All right,"" he says.",8773.0
1634,265,1712615379624,7.0,"""Sure.""",16064.0
1634,266,1712615405563,18.0,I dress carefully.,25939.0
1634,267,1712615411692,48.0,I try on a hat and look at myself in the mirror.,6129.0
1634,268,1712615413588,28.0,I write out a note for Dean.,1896.0
1634,269,1712615453659,69.0,"Honey, Mommy has things to do this afternoon, but will be back later.",40071.0
1634,270,1712615617840,61.0,You stay in or be in the backyard until one of us comes home.,164181.0
1634,271,1712615651287,11.0,"Love, Mommy",33447.0
1634,272,1712615727027,48.0,I look at the word Love and then I underline it.,75740.0
1634,273,1712615731040,29.0,Then I see the word backyard.,4013.0
1634,274,1712615733246,22.0,Is it one word or two?,2206.0
1634,275,1712615734246,3.0,***,1000.0
1634,276,1712615934597,121.0,"I drive through farm country, through fields of oats and sugar beets and past apple orchards, cattle grazing in pastures.",200350.0
1634,277,1712615985657,99.0,"Then everything changes, more like shacks than farmhouses and stands of timber instead of orchards.",51059.0
1634,278,1712616052972,78.0,"Then mountains, and on the right, far below, I sometimes see the Naches River.",67315.0
1634,279,1712616074679,64.0,A green pickup comes up behind me and stays behind me for miles.,21707.0
1634,280,1712616077193,55.0,"I keep slowing at the wrong times, hoping he will pass.",2513.0
1634,281,1712616078210,16.0,Then I speed up.,1017.0
1634,282,1712616079835,36.0,"But this is at the wrong times, too.",1625.0
1634,283,1712616083111,39.0,I grip the wheel until my fingers hurt.,3276.0
1634,284,1712616096252,37.0,On a long clear stretch he goes past.,13141.0
1634,285,1712616134593,73.0,"But he drives along beside for a bit, a crewcut man in a blue work shirt.",38341.0
1634,286,1712616135628,24.0,We look each other over.,1035.0
1634,287,1712616208756,53.0,"Then he waves, toots his horn, and pulls on up ahead.",73128.0
1634,288,1712616255602,29.0,I slow down and find a place.,46846.0
1634,289,1712616290784,35.0,I pull over and shut off the motor.,35182.0
1634,290,1712616298133,42.0,I can hear the river down below the trees.,7349.0
1634,291,1712616367698,35.0,Then I hear the pickup coming back.,69565.0
1634,292,1712616383951,41.0,I lock the doors and roll up the windows.,16253.0
1634,293,1712616420599,30.0,"""You all right?"" the man says.",36648.0
1634,294,1712616422185,21.0,He raps on the glass.,1586.0
1634,295,1712616423392,11.0,"""You okay?""",1207.0
1634,296,1712616426635,64.0,He leans his arms on the door and brings his face to the window.,3243.0
1634,297,1712616427427,15.0,I stare at him.,792.0
1634,298,1712616428569,30.0,I can't think what else to do.,1140.0
1634,299,1712616429375,34.0,"""Is everything all right in there?",806.0
1634,300,1712616430083,31.0,"How come you're all locked up?""",707.0
1634,301,1712616430710,16.0,I shake my head.,627.0
1634,302,1712616431585,24.0,"""Roll down your window.""",875.0
1634,303,1712616432659,64.0,He shakes his head and looks at the highway and then back at me.,1074.0
1634,304,1712616434094,19.0,"""Roll it down now.""",1435.0
1634,305,1712616435661,32.0,"""Please,"" I say, ""I have to go.""",1567.0
1634,306,1712616436779,50.0,"""Open the door,"" he says as if he isn't listening.",1118.0
1634,307,1712616437513,33.0,"""You're going to choke in there.""",734.0
1634,308,1712616440682,32.0,"He looks at my breasts, my legs.",3168.0
1634,309,1712616442003,34.0,I can tell that's what he's doing.,1321.0
1634,310,1712616443178,22.0,"""Hey, sugar,"" he says.",1175.0
1634,311,1712616444440,31.0,"""I'm just here to help is all.""",1262.0
1634,312,1712616445413,3.0,***,972.0
1634,313,1712616486017,52.0,The casket is closed and covered with floral sprays.,40604.0
1634,314,1712616499832,45.0,The organ starts up the minute I take a seat.,13815.0
1634,315,1712616505568,40.0,People are coming in and finding chairs.,5736.0
1634,316,1712616523340,63.0,There's a boy in flared pants and a yellow short-sleeved shirt.,17772.0
1634,317,1712616610097,100.0,A door opens and the family comes in in a group and moves over to a curtained place off to one side.,86756.0
1634,318,1712616626467,39.0,Chairs creak as everybody gets settled.,16370.0
1634,319,1712616682617,83.0,"Directly, a nice blond man in a nice dark suit stands and asks us to bow our heads.",56150.0
1634,320,1712616688875,105.0,"He says a prayer for us, the living, and when he finishes, he says a prayer for the soul of the departed.",6257.0
1634,321,1712616701066,43.0,Along with the others I go past the casket.,12191.0
1634,322,1712616748784,66.0,Then I move out onto the front steps and into the afternoon light.,47718.0
1634,323,1712616750165,66.0,There's a woman who limps as she goes down the stairs ahead of me.,1381.0
1634,324,1712616762309,33.0,On the sidewalk she looks around.,12144.0
1634,325,1712616785850,31.0,"""Well, they got him,"" she says.",23541.0
1634,326,1712616826494,27.0,"""If that's any consolation.",40644.0
1634,327,1712616827519,31.0,They arrested him this morning.,1025.0
1634,328,1712616844305,38.0,I heard it on the radio before I come.,16786.0
1634,329,1712616845139,26.0,"A boy right here in town.""",834.0
1634,330,1712616845694,42.0,We move a few steps down the hot sidewalk.,555.0
1634,331,1712616847103,25.0,People are starting cars.,1409.0
1634,332,1712616852300,49.0,I put out my hand and hold on to a parking meter.,5197.0
1634,333,1712616853263,36.0,Polished hoods and polished fenders.,963.0
1634,334,1712616865591,14.0,My head swims.,12328.0
1634,335,1712616867503,41.0,"I say, ""They have friends, these killers.",1912.0
1634,336,1712616873557,16.0,"You can't tell.""",6054.0
1634,337,1712616928441,70.0,"""I have known that child since she was a little girl,"" the woman says.",54883.0
1634,338,1712616953551,93.0,"""She used to come over and I'd bake cookies for her and let her eat them in front of the TV.""",25109.0
1634,339,1712616974151,3.0,***,20600.0
1634,340,1712617012474,76.0,"Back home, Stuart sits at the table with a drink of whiskey in front of him.",38323.0
1634,341,1712617013190,57.0,For a crazy instant I think something's happened to Dean.,715.0
1634,342,1712617013985,14.0,"""Where is he?""",794.0
1634,343,1712617014890,6.0,I say.,905.0
1634,344,1712617016016,16.0,"""Where is Dean?""",1126.0
1634,345,1712617030377,27.0,"""Outside,"" my husband says.",14361.0
1634,346,1712617056009,34.0,He drains his glass and stands up.,25632.0
1634,347,1712617061982,40.0,"He says, ""I think I know what you need.""",5973.0
1634,348,1712617084394,138.0,He reaches an arm around my waist and with his other hand he begins to unbutton my jacket and then he goes on to the buttons of my blouse.,22411.0
1634,349,1712617085198,30.0,"""First things first,"" he says.",802.0
1634,350,1712617085843,23.0,He says something else.,645.0
1634,351,1712617086403,27.0,But I don't need to listen.,560.0
1634,352,1712617113715,46.0,I can't hear a thing with so much water going.,27311.0
1634,353,1712617114508,3.0,***,793.0
1639,101,1712614274464,3.0,***,2992.0
1639,102,1712614276632,37.0,My husband eats with a good appetite.,2167.0
1639,103,1712614278343,37.0,But I don't think he's really hungry.,1711.0
1639,104,1712614281352,69.0,"He chews, arms on the table, and stares at something across the room.",3008.0
1639,105,1712614282448,30.0,He looks at me and looks away.,1096.0
1639,106,1712614283551,33.0,He wipes his mouth on the napkin.,1103.0
1639,107,1712614285120,30.0,"He shrugs, and goes on eating.",1568.0
1639,108,1712614286656,42.0,"""What are you staring at me for?"" he says.",1536.0
1639,109,1712614289008,45.0,"""What is it?"" he says and lays down his fork.",2352.0
1639,110,1712614293080,42.0,"""Was I staring?"" I say, and shake my head.",4072.0
1639,111,1712614294104,20.0,The telephone rings.,1024.0
1639,112,1712614295296,27.0,"""Don't answer it,"" he says.",1192.0
1639,113,1712614297080,33.0,"""It might be your mother,"" I say.",1784.0
1639,114,1712614298784,25.0,"""Watch and see,"" he says.",1704.0
1639,115,1712614300008,34.0,I pick up the receiver and listen.,1224.0
1639,116,1712614301064,24.0,My husband stops eating.,1056.0
1639,117,1712614303136,46.0,"""What did I tell you?"" he says when I hang up.",2072.0
1639,118,1712614304392,23.0,He starts to eat again.,1255.0
1639,119,1712614305776,36.0,Then throws his napkin on his plate.,1384.0
1639,120,1712614309376,63.0,"He says, ""Goddamn it, why can't people mind their own business?",3600.0
1639,121,1712614311416,41.0,Tell me what I did wrong and I'll listen!,2040.0
1639,122,1712614314304,28.0,I wasn't the only man there.,2888.0
1639,123,1712614315912,37.0,We talked it over and we all decided.,1607.0
1639,124,1712614317120,29.0,We couldn't just turn around.,1208.0
1639,125,1712614320112,32.0,We were five miles from the car.,2992.0
1639,126,1712614321776,34.0,I won't have you passing judgment.,1663.0
1639,127,1712614323000,13.0,"Do you hear?""",1223.0
1639,128,1712614324096,18.0,"""You know,"" I say.",1096.0
1639,129,1712614326784,33.0,"He says, ""What do I know, Claire?",2688.0
1639,130,1712614328352,34.0,Tell me what I'm supposed to know.,1568.0
1639,131,1712614330376,40.0,"I don't know anything except one thing?""",2024.0
1639,132,1712614332592,48.0,He gives me what he thinks is a meaningful look.,2216.0
1639,133,1712614333776,24.0,"""She was dead,"" he says.",1184.0
1639,134,1712614335416,33.0,"""And I'm as sorry as anyone else.",1640.0
1639,135,1712614336736,18.0,"But she was dead.""",1320.0
1639,136,1712614337624,26.0,"""That's the point,"" I say.",888.0
1639,137,1712614339984,20.0,He raises his hands.,2360.0
1639,138,1712614340952,40.0,He pushes his chair away from the table.,968.0
1639,139,1712614343984,72.0,He takes out his cigarettes and goes out to the back with a can of beer.,3032.0
1639,140,1712614346048,64.0,I see him sit in the lawn chair and pick up the newspaper again.,2064.0
1639,141,1712614348488,39.0,His name is in there on the first page.,2440.0
1639,142,1712614349536,36.0,Along with the names of his friends.,1048.0
1639,143,1712614351064,40.0,I close my eyes and hold on to the sink.,1528.0
1639,144,1712614353512,74.0,Then I rake my arm across the drainboard and send the dishes to the floor.,2447.0
1639,145,1712614354232,16.0,He doesn't move.,720.0
1639,146,1712614355288,18.0,I know he's heard.,1056.0
1639,147,1712614356616,40.0,He lifts his head as if still listening.,1328.0
1639,148,1712614357928,30.0,But he doesn't move otherwise.,1312.0
1639,149,1712614359056,23.0,He doesn't turn around.,1127.0
1639,150,1712614360440,3.0,***,1384.0
1639,151,1712614364472,88.0,"He and Gordon Johnson and Mel Dorn and Vern Williams, they play poker and bowl and fish.",4032.0
1639,152,1712614367384,85.0,They fish every spring and early summer before visiting relatives can get in the way.,2912.0
1639,153,1712614369560,65.0,"They are decent men, family men, men who take care of their jobs.",2176.0
1639,154,1712614372151,65.0,"They have sons and daughters who go to school with our son, Dean.",2591.0
1639,155,1712614376199,55.0,Last Friday these family men left for the Naches River.,4047.0
1639,156,1712614378335,76.0,They parked the car in the mountains and hiked to where they wanted to fish.,2135.0
1639,157,1712614382544,76.0,"They carried their bedrolls, their food, their playing cards, their whiskey.",4207.0
1639,158,1712614384447,42.0,They saw the girl before they set up camp.,1903.0
1639,159,1712614385752,19.0,Mel Dorn found her.,1304.0
1639,160,1712614387535,25.0,No clothes on her at all.,1783.0
1639,161,1712614390759,64.0,She was wedged into some branches that stuck out over the water.,3223.0
1639,162,1712614392207,43.0,He called the others and they came to look.,1447.0
1639,163,1712614393576,29.0,They talked about what to do.,1368.0
1639,164,1712614398175,82.0,One of the men - my Stuart didn't say which - said they should start back at once.,4599.0
1639,165,1712614402127,86.0,"The others stirred the sand with their shoes, said they didn't feel inclined that way.",3951.0
1639,166,1712614406816,82.0,"They pleaded fatigue, the late hour, the fact that the girl wasn't going anywhere.",4688.0
1639,167,1712614408983,47.0,In the end they went ahead and set up the camp.,2167.0
1639,168,1712614412151,42.0,They built a fire and drank their whiskey.,3167.0
1639,169,1712614413647,50.0,"When the moon came up, they talked about the girl.",1495.0
1639,170,1712614415855,59.0,Someone said they should -keep the body from drifting away.,2207.0
1639,171,1712614417264,55.0,They took their flashlights and went back to the river.,1408.0
1639,172,1712614420463,66.0,One of the men - it might have been Stuart - waded in and got her.,3199.0
1639,173,1712614424583,53.0,He took her by the fingers and pulled her into shore.,4119.0
1639,174,1712614427776,87.0,He got some nylon cord and tied it to her wrist and then looped the rest around a tree.,3192.0
1639,175,1712614434232,99.0,"The next morning they cooked breakfast, drank coffee, and drank whiskey, and then split up to fish.",6456.0
1639,176,1712614446160,182.0,"That night they cooked fish, cooked potatoes, drank coffee, drank whiskey, then took their cooking things and eating things back down to the river and washed them where the girl was.",11928.0
1639,177,1712614447272,32.0,They played some cards later on.,1112.0
1639,178,1712614451504,55.0,Maybe they played until they couldn't see them anymore.,4232.0
1639,179,1712614452712,28.0,Vern Williams went to sleep.,1208.0
1639,180,1712614453696,28.0,But the others told stories.,984.0
1639,181,1712614461256,100.0,Gordon Johnson said the trout they'd caught were hard because of the terrible coldness of the water.,7560.0
1639,182,1712614470136,154.0,"The next morning they got up late, drank whiskey, fished a little, took down their tents, rolled their sleeping bags, gathered their stuff, and hiked out.",8880.0
1639,183,1712614471464,41.0,They drove until they got to a telephone.,1328.0
1639,184,1712614475344,86.0,It was Stuart who made the call while the others stood around in the sun and listened.,3880.0
1639,185,1712614477000,32.0,He gave the sheriff their names.,1656.0
1639,186,1712614478096,25.0,They had nothing to hide.,1096.0
1639,187,1712614478920,21.0,They weren't ashamed.,824.0
1639,188,1712614485616,100.0,They said they'd wait until someone could come for better directions and take down their statements.,6696.0
1639,189,1712614486480,3.0,***,864.0
1639,190,1712614487448,30.0,I was asleep when he got home.,968.0
1639,191,1712614489200,46.0,But I woke up when I heard him in the kitchen.,1752.0
1639,192,1712614490856,64.0,I found him leaning against the refrigerator with a can of beer.,1656.0
1639,193,1712614494072,68.0,He put his heavy arms around me and rubbed his big hands on my back.,3216.0
1639,194,1712614500360,85.0,In bed he put his hands on me again and then waited as if thinking of something else.,6288.0
1639,195,1712614505152,28.0,I turned and opened my legs.,4791.0
1639,196,1712614507200,36.0,"Afterwards, I think he stayed awake.",2048.0
1639,197,1712614509392,53.0,He was up that morning before I could get out of bed.,2191.0
1639,198,1712614511920,54.0,"To see if there was something in the paper, I suppose.",2527.0
1639,199,1712614513760,46.0,The telephone began ringing right after eight.,1839.0
1639,200,1712614514656,13.0,"""Go to hell!""",895.0
1639,201,1712614515776,18.0,I heard him shout.,1120.0
1639,202,1712614516728,31.0,The telephone rang right again.,952.0
1639,203,1712614520672,59.0,"""I have nothing to add to what I already told the sheriff!""",3943.0
1639,204,1712614521800,29.0,He slammed the receiver down.,1128.0
1639,205,1712614523056,27.0,"""What is going on?"" I said.",1256.0
1639,206,1712614525424,49.0,It was then that he told me what I just told you.,2367.0
1639,207,1712614526200,3.0,***,775.0
1639,208,1712614529776,44.0,I sweep up the broken dishes and go outside.,3576.0
1639,209,1712614533216,85.0,"He is lying on his back on the grass now, the newspaper and can of beer within reach.",3440.0
1639,210,1712614535976,41.0,"""Stuart, could we go for a drive?"" I say.",2759.0
1639,211,1712614537312,30.0,He rolls over and looks at me.,1336.0
1639,212,1712614538768,37.0,"""We'll pick up some beer,"" he says...",1455.0
1639,213,1712614541840,62.0,He gets to his feet and touches me on the hip as he goes past.,3072.0
1639,214,1712614542680,28.0,"""Give me a minute,"" he says.",839.0
1639,215,1712614544672,39.0,We drive through town without speaking.,1991.0
1639,216,1712614547008,39.0,He stops at a roadside market for beer.,2335.0
1639,217,1712614549705,54.0,I notice a great stack of papers just inside the door.,2697.0
1639,218,1712614554568,89.0,On the top step a fat woman in a print dress holds out a licorice stick to a little girl.,4863.0
1639,219,1712614557416,66.0,"Later on, we cross Everson Creek and turn into the picnic grounds.",2847.0
1639,220,1712614563663,79.0,The creek runs under the bridge and into a large pond a few hundred yards away.,6247.0
1639,221,1712614566823,28.0,I can see the men out there.,3159.0
1639,222,1712614567912,33.0,I can see them out there fishing.,1088.0
1639,223,1712614569695,31.0,So much water so close to home.,1783.0
1639,224,1712614572535,43.0,"I say, ""Why did you have to go miles away?""",2839.0
1639,225,1712614573616,25.0,"""Don't rile me,"" he says.",1079.0
1639,226,1712614575367,29.0,We sit on a bench in the sun.,1751.0
1639,227,1712614576327,25.0,He opens us cans of beer.,959.0
1639,228,1712614578680,25.0,"He says, ""Relax, Claire.""",2352.0
1639,229,1712614580128,30.0,"""They said they were innocent.",1447.0
1639,230,1712614583271,27.0,"They said they were crazy.""",3143.0
1639,231,1712614584599,15.0,"He says, ""Who?""",1327.0
1639,232,1712614586279,38.0,"He says, ""What are you talking about?""",1679.0
1639,233,1712614587431,21.0,"""The Maddox brothers.",1151.0
1639,234,1712614595047,54.0,They killed a girl named Arlene Hubly where I grew up.,7615.0
1639,235,1712614597375,60.0,They cut off her head and threw her into the Cle Elum River.,2327.0
1639,236,1712614598959,31.0,"It happened when I was a girl.""",1583.0
1639,237,1712614601151,40.0,"""You're going to get me riled,"" he says.",2191.0
1639,238,1712614601999,20.0,I look at the creek.,847.0
1639,239,1712614609359,79.0,"I'm right in it, eyes open, face down, staring at the moss on the bottom, dead.",7359.0
1639,240,1712614612543,62.0,"""I don't know what's wrong with you,"" he says on the way home.",3183.0
1639,241,1712614614383,45.0,"""You're getting me more riled by the minute.""",1839.0
1639,242,1712614615863,34.0,There is nothing I can say to him.,1479.0
1639,243,1712614617168,36.0,He tries to concentrate on the road.,1304.0
1639,244,1712614618984,47.0,But he keeps looking into the rear-view mirror.,1816.0
1639,245,1712614619560,9.0,He knows.,576.0
1639,246,1712614620176,3.0,***,616.0
1639,247,1712614622544,52.0,Stuart believes he is letting me sleep this morning.,2368.0
1639,248,1712614625480,47.0,But I was awake long before the alarm went off.,2936.0
1639,249,1712614630568,74.0,"I was thinking, lying on the far side of the bed away from his hairy legs.",5088.0
1639,250,1712614633568,78.0,"He gets Dean off for school, and then he shaves, dresses, and leaves for work.",3000.0
1639,251,1712614636000,40.0,Twice he looks in and clears his throat.,2432.0
1639,252,1712614637448,26.0,But I keep my eyes closed.,1447.0
1639,253,1712614638792,38.0,In the kitchen I find a note from him.,1344.0
1639,254,1712614640296,19.0,"It's signed ""Love.""",1504.0
1639,255,1712614641920,74.0,I sit in the breakfast nook and drink coffee and leave a ring on the note.,1624.0
1639,256,1712614645592,67.0,I look at the newspaper and turn it this way and that on the table.,3671.0
1639,257,1712614648304,43.0,Then I skid it close and read what it says.,2712.0
1639,258,1712614649696,38.0,"The body has been identified, claimed.",1392.0
1639,259,1712614658616,155.0,"But it took some examining it, some putting things into it, some cutting, some weighing, some measuring, some putting things back again and sewing them in.",8920.0
1639,260,1712614661472,57.0,I sit for a long time holding the newspaper and thinking.,2856.0
1639,261,1712614664608,51.0,Then I call up to get a chair at the hairdresser's.,3136.0
1639,262,1712614665368,3.0,***,760.0
1639,263,1712614668752,75.0,I sit under the dryer with a magazine on my lap and let Marnie do my nails.,3384.0
1639,264,1712614670312,42.0,"""I am going to a funeral tomorrow,"" I say.",1560.0
1639,265,1712614671776,38.0,"""I'm sorry to hear that,"" Marnie says.",1464.0
1639,266,1712614672992,25.0,"""It was a murder,"" I say.",1216.0
1639,267,1712614673944,37.0,"""That's the worst kind,"" Marnie says.",952.0
1639,268,1712614675544,35.0,"""We weren't all that close,"" I say.",1600.0
1639,269,1712614676328,15.0,"""But you know?""",784.0
1639,270,1712614679904,45.0,"""We'll get you fixed up for it,"" Marnie says.",3576.0
1639,271,1712614682935,72.0,"That night I make my bed on the sofa, and in the morning I get up first.",3031.0
1639,272,1712614685192,50.0,I put on coffee and fix breakfast while he shaves.,2255.0
1639,273,1712614687496,76.0,"He appears in the kitchen doorway, towel over his bare shoulder, appraising.",2304.0
1639,274,1712614688567,23.0,"""Here's coffee,"" I say.",1071.0
1639,275,1712614690416,31.0,"""Eggs'll be ready in a minute.”",1848.0
1639,276,1712614692063,37.0,"I wake Dean, and the three of us eat.",1647.0
1639,277,1712614696368,79.0,"Whenever Stuart looks at me, I ask Dean if he wants more milk, more toast, etc.",4304.0
1639,278,1712614698832,56.0,"""I'll call you today,"" Stuart says as he opens the door.",2464.0
1639,279,1712614700768,42.0,"I say, ""I don't think I'll be home today.""",1936.0
1639,280,1712614701400,21.0,"""All right,"" he says.",632.0
1639,281,1712614701960,7.0,"""Sure.""",560.0
1639,282,1712614702544,18.0,I dress carefully.,584.0
1639,283,1712614704016,48.0,I try on a hat and look at myself in the mirror.,1472.0
1639,284,1712614704904,28.0,I write out a note for Dean.,888.0
1639,285,1712614710248,69.0,"Honey, Mommy has things to do this afternoon, but will be back later.",5344.0
1639,286,1712614714280,61.0,You stay in or be in the backyard until one of us comes home.,4032.0
1639,287,1712614715240,11.0,"Love, Mommy",960.0
1639,288,1712614717008,48.0,I look at the word Love and then I underline it.,1767.0
1639,289,1712614720176,29.0,Then I see the word backyard.,3167.0
1639,290,1712614721607,22.0,Is it one word or two?,1431.0
1639,291,1712614722432,3.0,***,823.0
1639,292,1712614726296,121.0,"I drive through farm country, through fields of oats and sugar beets and past apple orchards, cattle grazing in pastures.",3864.0
1639,293,1712614728456,99.0,"Then everything changes, more like shacks than farmhouses and stands of timber instead of orchards.",2159.0
1639,294,1712614730968,78.0,"Then mountains, and on the right, far below, I sometimes see the Naches River.",2511.0
1639,295,1712614733896,64.0,A green pickup comes up behind me and stays behind me for miles.,2928.0
1639,296,1712614738712,55.0,"I keep slowing at the wrong times, hoping he will pass.",4816.0
1639,297,1712614739576,16.0,Then I speed up.,864.0
1639,298,1712614741367,36.0,"But this is at the wrong times, too.",1791.0
1639,299,1712614742559,39.0,I grip the wheel until my fingers hurt.,1191.0
1639,300,1712614743695,37.0,On a long clear stretch he goes past.,1135.0
1639,301,1712614748695,73.0,"But he drives along beside for a bit, a crewcut man in a blue work shirt.",4999.0
1639,302,1712614749560,24.0,We look each other over.,863.0
1639,303,1712614752215,53.0,"Then he waves, toots his horn, and pulls on up ahead.",2655.0
1639,304,1712614753199,29.0,I slow down and find a place.,983.0
1639,305,1712614754775,35.0,I pull over and shut off the motor.,1575.0
1639,306,1712614756943,42.0,I can hear the river down below the trees.,2167.0
1639,307,1712614757959,35.0,Then I hear the pickup coming back.,1015.0
1639,308,1712614758871,41.0,I lock the doors and roll up the windows.,911.0
1639,309,1712614760048,30.0,"""You all right?"" the man says.",1176.0
1639,310,1712614760839,21.0,He raps on the glass.,791.0
1639,311,1712614761591,11.0,"""You okay?""",751.0
1639,312,1712614764575,64.0,He leans his arms on the door and brings his face to the window.,2983.0
1639,313,1712614765199,15.0,I stare at him.,623.0
1639,314,1712614766535,30.0,I can't think what else to do.,1335.0
1639,315,1712614767639,34.0,"""Is everything all right in there?",1103.0
1639,316,1712614768951,31.0,"How come you're all locked up?""",1311.0
1639,317,1712614769727,16.0,I shake my head.,775.0
1639,318,1712614770544,24.0,"""Roll down your window.""",816.0
1639,319,1712614772911,64.0,He shakes his head and looks at the highway and then back at me.,2367.0
1639,320,1712614773679,19.0,"""Roll it down now.""",767.0
1639,321,1712614775791,32.0,"""Please,"" I say, ""I have to go.""",2111.0
1639,322,1712614777407,50.0,"""Open the door,"" he says as if he isn't listening.",1615.0
1639,323,1712614779623,33.0,"""You're going to choke in there.""",2215.0
1639,324,1712614781215,32.0,"He looks at my breasts, my legs.",1591.0
1639,325,1712614782279,34.0,I can tell that's what he's doing.,1063.0
1639,326,1712614783215,22.0,"""Hey, sugar,"" he says.",935.0
1639,327,1712614785159,31.0,"""I'm just here to help is all.""",1943.0
1639,328,1712614785687,3.0,***,527.0
1639,329,1712614788399,52.0,The casket is closed and covered with floral sprays.,2711.0
1639,330,1712614794000,45.0,The organ starts up the minute I take a seat.,5600.0
1639,331,1712614795831,40.0,People are coming in and finding chairs.,1831.0
1639,332,1712614815224,63.0,There's a boy in flared pants and a yellow short-sleeved shirt.,19392.0
1639,333,1712614817408,100.0,A door opens and the family comes in in a group and moves over to a curtained place off to one side.,2184.0
1639,334,1712614819192,39.0,Chairs creak as everybody gets settled.,1784.0
1639,335,1712614821000,83.0,"Directly, a nice blond man in a nice dark suit stands and asks us to bow our heads.",1808.0
1639,336,1712614827704,105.0,"He says a prayer for us, the living, and when he finishes, he says a prayer for the soul of the departed.",6704.0
1639,337,1712614829272,43.0,Along with the others I go past the casket.,1567.0
1639,338,1712614830256,66.0,Then I move out onto the front steps and into the afternoon light.,984.0
1639,339,1712614833632,66.0,There's a woman who limps as she goes down the stairs ahead of me.,3376.0
1639,340,1712614835016,33.0,On the sidewalk she looks around.,1383.0
1639,341,1712614835808,31.0,"""Well, they got him,"" she says.",791.0
1639,342,1712614836616,27.0,"""If that's any consolation.",808.0
1639,343,1712614837248,31.0,They arrested him this morning.,632.0
1639,344,1712614838176,38.0,I heard it on the radio before I come.,928.0
1639,345,1712614838872,26.0,"A boy right here in town.""",696.0
1639,346,1712614839672,42.0,We move a few steps down the hot sidewalk.,800.0
1639,347,1712614840392,25.0,People are starting cars.,720.0
1639,348,1712614841456,49.0,I put out my hand and hold on to a parking meter.,1064.0
1639,349,1712614842664,36.0,Polished hoods and polished fenders.,1208.0
1639,350,1712614845760,14.0,My head swims.,3096.0
1639,351,1712614872304,41.0,"I say, ""They have friends, these killers.",26544.0
1639,352,1712614877392,16.0,"You can't tell.""",5088.0
1639,353,1712614884144,70.0,"""I have known that child since she was a little girl,"" the woman says.",6752.0
1639,354,1712614885472,93.0,"""She used to come over and I'd bake cookies for her and let her eat them in front of the TV.""",1328.0
1639,355,1712614886400,3.0,***,928.0
1639,356,1712614887816,76.0,"Back home, Stuart sits at the table with a drink of whiskey in front of him.",1416.0
1639,357,1712614889416,57.0,For a crazy instant I think something's happened to Dean.,1600.0
1639,358,1712614889976,14.0,"""Where is he?""",560.0
1639,359,1712614890584,6.0,I say.,608.0
1639,360,1712614891128,16.0,"""Where is Dean?""",544.0
1639,361,1712614891688,27.0,"""Outside,"" my husband says.",560.0
1639,362,1712614892496,34.0,He drains his glass and stands up.,808.0
1639,363,1712614893248,40.0,"He says, ""I think I know what you need.""",752.0
1639,364,1712614896088,138.0,He reaches an arm around my waist and with his other hand he begins to unbutton my jacket and then he goes on to the buttons of my blouse.,2840.0
1639,365,1712614896880,30.0,"""First things first,"" he says.",792.0
1639,366,1712614897672,23.0,He says something else.,792.0
1639,367,1712614898752,27.0,But I don't need to listen.,1080.0
1639,368,1712614909016,46.0,I can't hear a thing with so much water going.,10264.0
1639,369,1712614909632,3.0,***,616.0
1660,107,1712589906723,3.0,***,3289.0
1660,108,1712589910356,37.0,My husband eats with a good appetite.,3633.0
1660,109,1712589913125,37.0,But I don't think he's really hungry.,2769.0
1660,110,1712589917663,69.0,"He chews, arms on the table, and stares at something across the room.",4538.0
1660,111,1712589920033,30.0,He looks at me and looks away.,2370.0
1660,112,1712589921997,33.0,He wipes his mouth on the napkin.,1964.0
1660,113,1712589924791,30.0,"He shrugs, and goes on eating.",2794.0
1660,114,1712589927285,42.0,"""What are you staring at me for?"" he says.",2494.0
1660,115,1712589930292,45.0,"""What is it?"" he says and lays down his fork.",3007.0
1660,116,1712589933734,42.0,"""Was I staring?"" I say, and shake my head.",3441.0
1660,117,1712589935814,20.0,The telephone rings.,2080.0
1660,118,1712589937893,27.0,"""Don't answer it,"" he says.",2079.0
1660,119,1712589940072,33.0,"""It might be your mother,"" I say.",2179.0
1660,120,1712589942058,25.0,"""Watch and see,"" he says.",1986.0
1660,121,1712589944561,34.0,I pick up the receiver and listen.,2503.0
1660,122,1712589946638,24.0,My husband stops eating.,2077.0
1660,123,1712589948715,46.0,"""What did I tell you?"" he says when I hang up.",2077.0
1660,124,1712589950572,23.0,He starts to eat again.,1857.0
1660,125,1712589953932,36.0,Then throws his napkin on his plate.,3359.0
1660,126,1712589957279,63.0,"He says, ""Goddamn it, why can't people mind their own business?",3347.0
1660,127,1712589960805,41.0,Tell me what I did wrong and I'll listen!,3526.0
1660,128,1712589964319,28.0,I wasn't the only man there.,3514.0
1660,129,1712589966471,37.0,We talked it over and we all decided.,2152.0
1660,130,1712589968823,29.0,We couldn't just turn around.,2351.0
1660,131,1712589972079,32.0,We were five miles from the car.,3255.0
1660,132,1712589974732,34.0,I won't have you passing judgment.,2653.0
1660,133,1712589976350,13.0,"Do you hear?""",1618.0
1660,134,1712589977553,18.0,"""You know,"" I say.",1203.0
1660,135,1712589979922,33.0,"He says, ""What do I know, Claire?",2369.0
1660,136,1712589983290,34.0,Tell me what I'm supposed to know.,3368.0
1660,137,1712589985897,40.0,"I don't know anything except one thing?""",2607.0
1660,138,1712589989391,48.0,He gives me what he thinks is a meaningful look.,3494.0
1660,139,1712589992302,24.0,"""She was dead,"" he says.",2911.0
1660,140,1712589994624,33.0,"""And I'm as sorry as anyone else.",2322.0
1660,141,1712589995955,18.0,"But she was dead.""",1330.0
1660,142,1712589999207,26.0,"""That's the point,"" I say.",3252.0
1660,143,1712590000803,20.0,He raises his hands.,1596.0
1660,144,1712590002258,40.0,He pushes his chair away from the table.,1455.0
1660,145,1712590006661,72.0,He takes out his cigarettes and goes out to the back with a can of beer.,4403.0
1660,146,1712590009441,64.0,I see him sit in the lawn chair and pick up the newspaper again.,2780.0
1660,147,1712590011700,39.0,His name is in there on the first page.,2259.0
1660,148,1712590013635,36.0,Along with the names of his friends.,1935.0
1660,149,1712590016621,40.0,I close my eyes and hold on to the sink.,2986.0
1660,150,1712590023368,74.0,Then I rake my arm across the drainboard and send the dishes to the floor.,6747.0
1660,151,1712590024461,16.0,He doesn't move.,1093.0
1660,152,1712590025806,18.0,I know he's heard.,1345.0
1660,153,1712590028660,40.0,He lifts his head as if still listening.,2854.0
1660,154,1712590030439,30.0,But he doesn't move otherwise.,1778.0
1660,155,1712590032491,23.0,He doesn't turn around.,2052.0
1660,156,1712590035296,3.0,***,2805.0
1660,157,1712590041070,88.0,"He and Gordon Johnson and Mel Dorn and Vern Williams, they play poker and bowl and fish.",5774.0
1660,158,1712590045835,85.0,They fish every spring and early summer before visiting relatives can get in the way.,4765.0
1660,159,1712590050322,65.0,"They are decent men, family men, men who take care of their jobs.",4487.0
1660,160,1712590053868,65.0,"They have sons and daughters who go to school with our son, Dean.",3546.0
1660,161,1712590057365,55.0,Last Friday these family men left for the Naches River.,3497.0
1660,162,1712590060819,76.0,They parked the car in the mountains and hiked to where they wanted to fish.,3454.0
1660,163,1712590064187,76.0,"They carried their bedrolls, their food, their playing cards, their whiskey.",3368.0
1660,164,1712590067722,42.0,They saw the girl before they set up camp.,3535.0
1660,165,1712590069743,19.0,Mel Dorn found her.,2021.0
1660,166,1712590071980,25.0,No clothes on her at all.,2237.0
1660,167,1712590078002,64.0,She was wedged into some branches that stuck out over the water.,6022.0
1660,168,1712590080032,43.0,He called the others and they came to look.,2030.0
1660,169,1712590081595,29.0,They talked about what to do.,1563.0
1660,170,1712590086835,82.0,One of the men - my Stuart didn't say which - said they should start back at once.,5240.0
1660,171,1712590092738,86.0,"The others stirred the sand with their shoes, said they didn't feel inclined that way.",5903.0
1660,172,1712590097174,82.0,"They pleaded fatigue, the late hour, the fact that the girl wasn't going anywhere.",4436.0
1660,173,1712590099478,47.0,In the end they went ahead and set up the camp.,2304.0
1660,174,1712590101501,42.0,They built a fire and drank their whiskey.,2023.0
1660,175,1712590103517,50.0,"When the moon came up, they talked about the girl.",2016.0
1660,176,1712590106229,59.0,Someone said they should -keep the body from drifting away.,2712.0
1660,177,1712590107921,55.0,They took their flashlights and went back to the river.,1692.0
1660,178,1712590111165,66.0,One of the men - it might have been Stuart - waded in and got her.,3244.0
1660,179,1712590113764,53.0,He took her by the fingers and pulled her into shore.,2599.0
1660,180,1712590120276,87.0,He got some nylon cord and tied it to her wrist and then looped the rest around a tree.,6512.0
1660,181,1712590123336,99.0,"The next morning they cooked breakfast, drank coffee, and drank whiskey, and then split up to fish.",3059.0
1660,182,1712590133836,182.0,"That night they cooked fish, cooked potatoes, drank coffee, drank whiskey, then took their cooking things and eating things back down to the river and washed them where the girl was.",10499.0
1660,183,1712590141189,32.0,They played some cards later on.,7353.0
1660,184,1712590146982,55.0,Maybe they played until they couldn't see them anymore.,5793.0
1660,185,1712590149141,28.0,Vern Williams went to sleep.,2159.0
1660,186,1712590150288,28.0,But the others told stories.,1147.0
1660,187,1712590155497,100.0,Gordon Johnson said the trout they'd caught were hard because of the terrible coldness of the water.,5209.0
1660,188,1712590160486,154.0,"The next morning they got up late, drank whiskey, fished a little, took down their tents, rolled their sleeping bags, gathered their stuff, and hiked out.",4989.0
1660,189,1712590163067,41.0,They drove until they got to a telephone.,2581.0
1660,190,1712590168726,86.0,It was Stuart who made the call while the others stood around in the sun and listened.,5659.0
1660,191,1712590170201,32.0,He gave the sheriff their names.,1475.0
1660,192,1712590171229,25.0,They had nothing to hide.,1028.0
1660,193,1712590172173,21.0,They weren't ashamed.,943.0
1660,194,1712590178000,100.0,They said they'd wait until someone could come for better directions and take down their statements.,5827.0
1660,195,1712590181702,3.0,***,3702.0
1660,196,1712590182976,30.0,I was asleep when he got home.,1274.0
1660,197,1712590184399,46.0,But I woke up when I heard him in the kitchen.,1422.0
1660,198,1712590186605,64.0,I found him leaning against the refrigerator with a can of beer.,2206.0
1660,199,1712590190481,68.0,He put his heavy arms around me and rubbed his big hands on my back.,3876.0
1660,200,1712590195397,85.0,In bed he put his hands on me again and then waited as if thinking of something else.,4916.0
1660,201,1712590198325,28.0,I turned and opened my legs.,2927.0
1660,202,1712590201631,36.0,"Afterwards, I think he stayed awake.",3306.0
1660,203,1712590204290,53.0,He was up that morning before I could get out of bed.,2659.0
1660,204,1712590209173,54.0,"To see if there was something in the paper, I suppose.",4883.0
1660,205,1712590210696,46.0,The telephone began ringing right after eight.,1523.0
1660,206,1712590212209,13.0,"""Go to hell!""",1513.0
1660,207,1712590213427,18.0,I heard him shout.,1218.0
1660,208,1712590214533,31.0,The telephone rang right again.,1105.0
1660,209,1712590217811,59.0,"""I have nothing to add to what I already told the sheriff!""",3278.0
1660,210,1712590219820,29.0,He slammed the receiver down.,2009.0
1660,211,1712590220798,27.0,"""What is going on?"" I said.",978.0
1660,212,1712590224085,49.0,It was then that he told me what I just told you.,3287.0
1660,213,1712590228197,3.0,***,4112.0
1660,214,1712590229957,44.0,I sweep up the broken dishes and go outside.,1760.0
1660,215,1712590234979,85.0,"He is lying on his back on the grass now, the newspaper and can of beer within reach.",5022.0
1660,216,1712590236961,41.0,"""Stuart, could we go for a drive?"" I say.",1982.0
1660,217,1712590238119,30.0,He rolls over and looks at me.,1158.0
1660,218,1712590239690,37.0,"""We'll pick up some beer,"" he says...",1571.0
1660,219,1712590242234,62.0,He gets to his feet and touches me on the hip as he goes past.,2544.0
1660,220,1712590243870,28.0,"""Give me a minute,"" he says.",1636.0
1660,221,1712590246651,39.0,We drive through town without speaking.,2781.0
1660,222,1712590247942,39.0,He stops at a roadside market for beer.,1291.0
1660,223,1712590251174,54.0,I notice a great stack of papers just inside the door.,3232.0
1660,224,1712590257619,89.0,On the top step a fat woman in a print dress holds out a licorice stick to a little girl.,6445.0
1660,225,1712590261660,66.0,"Later on, we cross Everson Creek and turn into the picnic grounds.",4041.0
1660,226,1712590264837,79.0,The creek runs under the bridge and into a large pond a few hundred yards away.,3177.0
1660,227,1712590265964,28.0,I can see the men out there.,1127.0
1660,228,1712590266975,33.0,I can see them out there fishing.,1011.0
1660,229,1712590269697,31.0,So much water so close to home.,2722.0
1660,230,1712590272728,43.0,"I say, ""Why did you have to go miles away?""",3030.0
1660,231,1712590274146,25.0,"""Don't rile me,"" he says.",1418.0
1660,232,1712590277336,29.0,We sit on a bench in the sun.,3190.0
1660,233,1712590278533,25.0,He opens us cans of beer.,1197.0
1660,234,1712590279900,25.0,"He says, ""Relax, Claire.""",1367.0
1660,235,1712590283214,30.0,"""They said they were innocent.",3314.0
1660,236,1712590285001,27.0,"They said they were crazy.""",1786.0
1660,237,1712590287646,15.0,"He says, ""Who?""",2645.0
1660,238,1712590290234,38.0,"He says, ""What are you talking about?""",2588.0
1660,239,1712590291294,21.0,"""The Maddox brothers.",1060.0
1660,240,1712590294678,54.0,They killed a girl named Arlene Hubly where I grew up.,3384.0
1660,241,1712590300145,60.0,They cut off her head and threw her into the Cle Elum River.,5467.0
1660,242,1712590302174,31.0,"It happened when I was a girl.""",2029.0
1660,243,1712590304979,40.0,"""You're going to get me riled,"" he says.",2805.0
1660,244,1712590305767,20.0,I look at the creek.,788.0
1660,245,1712590315066,79.0,"I'm right in it, eyes open, face down, staring at the moss on the bottom, dead.",9299.0
1660,246,1712590318067,62.0,"""I don't know what's wrong with you,"" he says on the way home.",3001.0
1660,247,1712590320008,45.0,"""You're getting me more riled by the minute.""",1941.0
1660,248,1712590321614,34.0,There is nothing I can say to him.,1606.0
1660,249,1712590324173,36.0,He tries to concentrate on the road.,2559.0
1660,250,1712590325557,47.0,But he keeps looking into the rear-view mirror.,1384.0
1660,251,1712590326224,9.0,He knows.,667.0
1660,252,1712590329016,3.0,***,2792.0
1660,253,1712590332622,52.0,Stuart believes he is letting me sleep this morning.,3606.0
1660,254,1712590334535,47.0,But I was awake long before the alarm went off.,1913.0
1660,255,1712590338634,74.0,"I was thinking, lying on the far side of the bed away from his hairy legs.",4099.0
1660,256,1712590348150,78.0,"He gets Dean off for school, and then he shaves, dresses, and leaves for work.",9516.0
1660,257,1712590350302,40.0,Twice he looks in and clears his throat.,2151.0
1660,258,1712590351446,26.0,But I keep my eyes closed.,1144.0
1660,259,1712590353028,38.0,In the kitchen I find a note from him.,1582.0
1660,260,1712590354886,19.0,"It's signed ""Love.""",1858.0
1660,261,1712590360377,74.0,I sit in the breakfast nook and drink coffee and leave a ring on the note.,5491.0
1660,262,1712590364014,67.0,I look at the newspaper and turn it this way and that on the table.,3637.0
1660,263,1712590366119,43.0,Then I skid it close and read what it says.,2105.0
1660,264,1712590367318,38.0,"The body has been identified, claimed.",1199.0
1660,265,1712590373230,155.0,"But it took some examining it, some putting things into it, some cutting, some weighing, some measuring, some putting things back again and sewing them in.",5912.0
1660,266,1712590374926,57.0,I sit for a long time holding the newspaper and thinking.,1696.0
1660,267,1712590378662,51.0,Then I call up to get a chair at the hairdresser's.,3736.0
1660,268,1712590380059,3.0,***,1397.0
1660,269,1712590386214,75.0,I sit under the dryer with a magazine on my lap and let Marnie do my nails.,6155.0
1660,270,1712590388293,42.0,"""I am going to a funeral tomorrow,"" I say.",2079.0
1660,271,1712590389324,38.0,"""I'm sorry to hear that,"" Marnie says.",1031.0
1660,272,1712590390588,25.0,"""It was a murder,"" I say.",1264.0
1660,273,1712590392748,37.0,"""That's the worst kind,"" Marnie says.",2160.0
1660,274,1712590395328,35.0,"""We weren't all that close,"" I say.",2580.0
1660,275,1712590396188,15.0,"""But you know?""",860.0
1660,276,1712590398679,45.0,"""We'll get you fixed up for it,"" Marnie says.",2491.0
1660,277,1712590402316,72.0,"That night I make my bed on the sofa, and in the morning I get up first.",3637.0
1660,278,1712590403519,50.0,I put on coffee and fix breakfast while he shaves.,1203.0
1660,279,1712590406737,76.0,"He appears in the kitchen doorway, towel over his bare shoulder, appraising.",3218.0
1660,280,1712590407812,23.0,"""Here's coffee,"" I say.",1074.0
1660,281,1712590409484,31.0,"""Eggs'll be ready in a minute.”",1672.0
1660,282,1712590410961,37.0,"I wake Dean, and the three of us eat.",1477.0
1660,283,1712590414272,79.0,"Whenever Stuart looks at me, I ask Dean if he wants more milk, more toast, etc.",3311.0
1660,284,1712590417490,56.0,"""I'll call you today,"" Stuart says as he opens the door.",3218.0
1660,285,1712590419830,42.0,"I say, ""I don't think I'll be home today.""",2340.0
1660,286,1712590420715,21.0,"""All right,"" he says.",885.0
1660,287,1712590421452,7.0,"""Sure.""",737.0
1660,288,1712590422176,18.0,I dress carefully.,724.0
1660,289,1712590424976,48.0,I try on a hat and look at myself in the mirror.,2800.0
1660,290,1712590426735,28.0,I write out a note for Dean.,1759.0
1660,291,1712590429507,69.0,"Honey, Mommy has things to do this afternoon, but will be back later.",2772.0
1660,292,1712590433119,61.0,You stay in or be in the backyard until one of us comes home.,3612.0
1660,293,1712590433876,11.0,"Love, Mommy",757.0
1660,294,1712590436204,48.0,I look at the word Love and then I underline it.,2328.0
1660,295,1712590438438,29.0,Then I see the word backyard.,2234.0
1660,296,1712590439627,22.0,Is it one word or two?,1189.0
1660,297,1712590440519,3.0,***,892.0
1660,298,1712590444865,121.0,"I drive through farm country, through fields of oats and sugar beets and past apple orchards, cattle grazing in pastures.",4346.0
1660,299,1712590449573,99.0,"Then everything changes, more like shacks than farmhouses and stands of timber instead of orchards.",4708.0
1660,300,1712590466846,78.0,"Then mountains, and on the right, far below, I sometimes see the Naches River.",17273.0
1660,301,1712590470627,64.0,A green pickup comes up behind me and stays behind me for miles.,3781.0
1660,302,1712590473382,55.0,"I keep slowing at the wrong times, hoping he will pass.",2755.0
1660,303,1712590474137,16.0,Then I speed up.,755.0
1660,304,1712590477069,36.0,"But this is at the wrong times, too.",2931.0
1660,305,1712590478608,39.0,I grip the wheel until my fingers hurt.,1539.0
1660,306,1712590480184,37.0,On a long clear stretch he goes past.,1576.0
1660,307,1712590485412,73.0,"But he drives along beside for a bit, a crewcut man in a blue work shirt.",5228.0
1660,308,1712590487011,24.0,We look each other over.,1599.0
1660,309,1712590489413,53.0,"Then he waves, toots his horn, and pulls on up ahead.",2402.0
1660,310,1712590491249,29.0,I slow down and find a place.,1836.0
1660,311,1712590492725,35.0,I pull over and shut off the motor.,1476.0
1660,312,1712590494879,42.0,I can hear the river down below the trees.,2154.0
1660,313,1712590496626,35.0,Then I hear the pickup coming back.,1747.0
1660,314,1712590498149,41.0,I lock the doors and roll up the windows.,1523.0
1660,315,1712590499354,30.0,"""You all right?"" the man says.",1205.0
1660,316,1712590500480,21.0,He raps on the glass.,1126.0
1660,317,1712590501145,11.0,"""You okay?""",665.0
1660,318,1712590504385,64.0,He leans his arms on the door and brings his face to the window.,3240.0
1660,319,1712590505208,15.0,I stare at him.,823.0
1660,320,1712590506314,30.0,I can't think what else to do.,1105.0
1660,321,1712590507624,34.0,"""Is everything all right in there?",1310.0
1660,322,1712590509251,31.0,"How come you're all locked up?""",1627.0
1660,323,1712590510154,16.0,I shake my head.,903.0
1660,324,1712590511155,24.0,"""Roll down your window.""",1000.0
1660,325,1712590514125,64.0,He shakes his head and looks at the highway and then back at me.,2970.0
1660,326,1712590515115,19.0,"""Roll it down now.""",990.0
1660,327,1712590516791,32.0,"""Please,"" I say, ""I have to go.""",1675.0
1660,328,1712590518659,50.0,"""Open the door,"" he says as if he isn't listening.",1868.0
1660,329,1712590521599,33.0,"""You're going to choke in there.""",2940.0
1660,330,1712590524681,32.0,"He looks at my breasts, my legs.",3082.0
1660,331,1712590526020,34.0,I can tell that's what he's doing.,1339.0
1660,332,1712590527645,22.0,"""Hey, sugar,"" he says.",1625.0
1660,333,1712590528955,31.0,"""I'm just here to help is all.""",1310.0
1660,334,1712590529985,3.0,***,1030.0
1660,335,1712590534444,52.0,The casket is closed and covered with floral sprays.,4459.0
1660,336,1712590534904,45.0,The organ starts up the minute I take a seat.,460.0
1660,337,1712590538566,40.0,People are coming in and finding chairs.,3662.0
1660,338,1712590542034,63.0,There's a boy in flared pants and a yellow short-sleeved shirt.,3468.0
1660,339,1712590550464,100.0,A door opens and the family comes in in a group and moves over to a curtained place off to one side.,8430.0
1660,340,1712590552272,39.0,Chairs creak as everybody gets settled.,1808.0
1660,341,1712590559615,83.0,"Directly, a nice blond man in a nice dark suit stands and asks us to bow our heads.",7343.0
1660,342,1712590563970,105.0,"He says a prayer for us, the living, and when he finishes, he says a prayer for the soul of the departed.",4355.0
1660,343,1712590565683,43.0,Along with the others I go past the casket.,1713.0
1660,344,1712590570250,66.0,Then I move out onto the front steps and into the afternoon light.,4567.0
1660,345,1712590573847,66.0,There's a woman who limps as she goes down the stairs ahead of me.,3597.0
1660,346,1712590575301,33.0,On the sidewalk she looks around.,1453.0
1660,347,1712590578236,31.0,"""Well, they got him,"" she says.",2935.0
1660,348,1712590579580,27.0,"""If that's any consolation.",1343.0
1660,349,1712590580870,31.0,They arrested him this morning.,1290.0
1660,350,1712590582274,38.0,I heard it on the radio before I come.,1403.0
1660,351,1712590583937,26.0,"A boy right here in town.""",1663.0
1660,352,1712590589031,42.0,We move a few steps down the hot sidewalk.,5093.0
1660,353,1712590590106,25.0,People are starting cars.,1075.0
1660,354,1712590592908,49.0,I put out my hand and hold on to a parking meter.,2802.0
1660,355,1712590596173,36.0,Polished hoods and polished fenders.,3265.0
1660,356,1712590597092,14.0,My head swims.,919.0
1660,357,1712590605972,41.0,"I say, ""They have friends, these killers.",8880.0
1660,358,1712590608102,16.0,"You can't tell.""",2130.0
1660,359,1712590611729,70.0,"""I have known that child since she was a little girl,"" the woman says.",3627.0
1660,360,1712590614986,93.0,"""She used to come over and I'd bake cookies for her and let her eat them in front of the TV.""",3257.0
1660,361,1712590616797,3.0,***,1811.0
1660,362,1712590620624,76.0,"Back home, Stuart sits at the table with a drink of whiskey in front of him.",3827.0
1660,363,1712590623560,57.0,For a crazy instant I think something's happened to Dean.,2936.0
1660,364,1712590624367,14.0,"""Where is he?""",806.0
1660,365,1712590624940,6.0,I say.,573.0
1660,366,1712590625934,16.0,"""Where is Dean?""",994.0
1660,367,1712590627062,27.0,"""Outside,"" my husband says.",1128.0
1660,368,1712590628841,34.0,He drains his glass and stands up.,1779.0
1660,369,1712590631091,40.0,"He says, ""I think I know what you need.""",2250.0
1660,370,1712590638205,138.0,He reaches an arm around my waist and with his other hand he begins to unbutton my jacket and then he goes on to the buttons of my blouse.,7114.0
1660,371,1712590639550,30.0,"""First things first,"" he says.",1345.0
1660,372,1712590640494,23.0,He says something else.,944.0
1660,373,1712590641586,27.0,But I don't need to listen.,1092.0
1660,374,1712590644237,46.0,I can't hear a thing with so much water going.,2651.0
1660,375,1712590645967,3.0,***,1730.0
1668,88,1712428907000,3.0,***,3135.0
1668,89,1712428909711,37.0,My husband eats with a good appetite.,2711.0
1668,90,1712428911239,37.0,But I don't think he's really hungry.,1528.0
1668,91,1712428914760,69.0,"He chews, arms on the table, and stares at something across the room.",3521.0
1668,92,1712428917487,30.0,He looks at me and looks away.,2727.0
1668,93,1712428919327,33.0,He wipes his mouth on the napkin.,1840.0
1668,94,1712428920703,30.0,"He shrugs, and goes on eating.",1376.0
1668,95,1712428922863,42.0,"""What are you staring at me for?"" he says.",2160.0
1668,96,1712428924871,45.0,"""What is it?"" he says and lays down his fork.",2008.0
1668,97,1712428926711,42.0,"""Was I staring?"" I say, and shake my head.",1840.0
1668,98,1712428929935,20.0,The telephone rings.,3224.0
1668,99,1712428931223,27.0,"""Don't answer it,"" he says.",1288.0
1668,100,1712428934215,33.0,"""It might be your mother,"" I say.",2992.0
1668,101,1712428936088,25.0,"""Watch and see,"" he says.",1873.0
1668,102,1712428937279,34.0,I pick up the receiver and listen.,1191.0
1668,103,1712428938271,24.0,My husband stops eating.,992.0
1668,104,1712428939951,46.0,"""What did I tell you?"" he says when I hang up.",1680.0
1668,105,1712428940999,23.0,He starts to eat again.,1048.0
1668,106,1712428942287,36.0,Then throws his napkin on his plate.,1288.0
1668,107,1712428944791,63.0,"He says, ""Goddamn it, why can't people mind their own business?",2503.0
1668,108,1712428946664,41.0,Tell me what I did wrong and I'll listen!,1873.0
1668,109,1712428948679,28.0,I wasn't the only man there.,2015.0
1668,110,1712428950159,37.0,We talked it over and we all decided.,1479.0
1668,111,1712428951783,29.0,We couldn't just turn around.,1624.0
1668,112,1712428954135,32.0,We were five miles from the car.,2352.0
1668,113,1712428957378,34.0,I won't have you passing judgment.,3242.0
1668,114,1712428958218,13.0,"Do you hear?""",840.0
1668,115,1712428959338,18.0,"""You know,"" I say.",1120.0
1668,116,1712428960946,33.0,"He says, ""What do I know, Claire?",1608.0
1668,117,1712428962010,34.0,Tell me what I'm supposed to know.,1064.0
1668,118,1712428964986,40.0,"I don't know anything except one thing?""",2976.0
1668,119,1712428967522,48.0,He gives me what he thinks is a meaningful look.,2536.0
1668,120,1712428968802,24.0,"""She was dead,"" he says.",1280.0
1668,121,1712428971002,33.0,"""And I'm as sorry as anyone else.",2200.0
1668,122,1712428972170,18.0,"But she was dead.""",1168.0
1668,123,1712428973418,26.0,"""That's the point,"" I say.",1248.0
1668,124,1712428974378,20.0,He raises his hands.,960.0
1668,125,1712428976610,40.0,He pushes his chair away from the table.,2232.0
1668,126,1712428981394,72.0,He takes out his cigarettes and goes out to the back with a can of beer.,4784.0
1668,127,1712428983370,64.0,I see him sit in the lawn chair and pick up the newspaper again.,1976.0
1668,128,1712428985154,39.0,His name is in there on the first page.,1784.0
1668,129,1712428986722,36.0,Along with the names of his friends.,1568.0
1668,130,1712428988522,40.0,I close my eyes and hold on to the sink.,1800.0
1668,131,1712428991530,74.0,Then I rake my arm across the drainboard and send the dishes to the floor.,3008.0
1668,132,1712428992442,16.0,He doesn't move.,912.0
1668,133,1712428993274,18.0,I know he's heard.,832.0
1668,134,1712428994210,40.0,He lifts his head as if still listening.,936.0
1668,135,1712428995650,30.0,But he doesn't move otherwise.,1440.0
1668,136,1712428996762,23.0,He doesn't turn around.,1112.0
1668,137,1712428997802,3.0,***,1040.0
1668,138,1712429002090,88.0,"He and Gordon Johnson and Mel Dorn and Vern Williams, they play poker and bowl and fish.",4288.0
1668,139,1712429007346,85.0,They fish every spring and early summer before visiting relatives can get in the way.,5256.0
1668,140,1712429015970,65.0,"They are decent men, family men, men who take care of their jobs.",8624.0
1668,141,1712429019779,65.0,"They have sons and daughters who go to school with our son, Dean.",3809.0
1668,142,1712429042428,55.0,Last Friday these family men left for the Naches River.,22649.0
1668,143,1712429045324,76.0,They parked the car in the mountains and hiked to where they wanted to fish.,2895.0
1668,144,1712429047355,76.0,"They carried their bedrolls, their food, their playing cards, their whiskey.",2031.0
1668,145,1712429050051,42.0,They saw the girl before they set up camp.,2696.0
1668,146,1712429050971,19.0,Mel Dorn found her.,920.0
1668,147,1712429051795,25.0,No clothes on her at all.,823.0
1668,148,1712429053948,64.0,She was wedged into some branches that stuck out over the water.,2153.0
1668,149,1712429055147,43.0,He called the others and they came to look.,1199.0
1668,150,1712429055995,29.0,They talked about what to do.,847.0
1668,151,1712429060099,82.0,One of the men - my Stuart didn't say which - said they should start back at once.,4104.0
1668,152,1712429063307,86.0,"The others stirred the sand with their shoes, said they didn't feel inclined that way.",3207.0
1668,153,1712429067844,82.0,"They pleaded fatigue, the late hour, the fact that the girl wasn't going anywhere.",4536.0
1668,154,1712429069348,47.0,In the end they went ahead and set up the camp.,1504.0
1668,155,1712429070651,42.0,They built a fire and drank their whiskey.,1303.0
1668,156,1712429072044,50.0,"When the moon came up, they talked about the girl.",1391.0
1668,157,1712429075076,59.0,Someone said they should -keep the body from drifting away.,3031.0
1668,158,1712429076131,55.0,They took their flashlights and went back to the river.,1055.0
1668,159,1712429077835,66.0,One of the men - it might have been Stuart - waded in and got her.,1703.0
1668,160,1712429079896,53.0,He took her by the fingers and pulled her into shore.,2060.0
1668,161,1712429082472,87.0,He got some nylon cord and tied it to her wrist and then looped the rest around a tree.,2576.0
1668,162,1712429085104,99.0,"The next morning they cooked breakfast, drank coffee, and drank whiskey, and then split up to fish.",2632.0
1668,163,1712429095624,182.0,"That night they cooked fish, cooked potatoes, drank coffee, drank whiskey, then took their cooking things and eating things back down to the river and washed them where the girl was.",10520.0
1668,164,1712429096472,32.0,They played some cards later on.,848.0
1668,165,1712429098208,55.0,Maybe they played until they couldn't see them anymore.,1736.0
1668,166,1712429099048,28.0,Vern Williams went to sleep.,840.0
1668,167,1712429099872,28.0,But the others told stories.,824.0
1668,168,1712429107464,100.0,Gordon Johnson said the trout they'd caught were hard because of the terrible coldness of the water.,7592.0
1668,169,1712429113328,154.0,"The next morning they got up late, drank whiskey, fished a little, took down their tents, rolled their sleeping bags, gathered their stuff, and hiked out.",5864.0
1668,170,1712429114664,41.0,They drove until they got to a telephone.,1336.0
1668,171,1712429117312,86.0,It was Stuart who made the call while the others stood around in the sun and listened.,2648.0
1668,172,1712429118248,32.0,He gave the sheriff their names.,936.0
1668,173,1712429119088,25.0,They had nothing to hide.,840.0
1668,174,1712429119840,21.0,They weren't ashamed.,751.0
1668,175,1712429123000,100.0,They said they'd wait until someone could come for better directions and take down their statements.,3160.0
1668,176,1712429124144,3.0,***,1144.0
1668,177,1712429125168,30.0,I was asleep when he got home.,1024.0
1668,178,1712429129872,46.0,But I woke up when I heard him in the kitchen.,4704.0
1668,179,1712429131456,64.0,I found him leaning against the refrigerator with a can of beer.,1583.0
1668,180,1712429134304,68.0,He put his heavy arms around me and rubbed his big hands on my back.,2848.0
1668,181,1712429137080,85.0,In bed he put his hands on me again and then waited as if thinking of something else.,2776.0
1668,182,1712429138344,28.0,I turned and opened my legs.,1264.0
1668,183,1712429139712,36.0,"Afterwards, I think he stayed awake.",1368.0
1668,184,1712429142509,53.0,He was up that morning before I could get out of bed.,2797.0
1668,185,1712429144388,54.0,"To see if there was something in the paper, I suppose.",1879.0
1668,186,1712429145804,46.0,The telephone began ringing right after eight.,1416.0
1668,187,1712429146845,13.0,"""Go to hell!""",1040.0
1668,188,1712429147828,18.0,I heard him shout.,983.0
1668,189,1712429148836,31.0,The telephone rang right again.,1007.0
1668,190,1712429150668,59.0,"""I have nothing to add to what I already told the sheriff!""",1832.0
1668,191,1712429151628,29.0,He slammed the receiver down.,959.0
1668,192,1712429152508,27.0,"""What is going on?"" I said.",879.0
1668,193,1712429154533,49.0,It was then that he told me what I just told you.,2025.0
1668,194,1712429157204,3.0,***,2671.0
1668,195,1712429158581,44.0,I sweep up the broken dishes and go outside.,1376.0
1668,196,1712429161941,85.0,"He is lying on his back on the grass now, the newspaper and can of beer within reach.",3360.0
1668,197,1712429163444,41.0,"""Stuart, could we go for a drive?"" I say.",1503.0
1668,198,1712429164629,30.0,He rolls over and looks at me.,1184.0
1668,199,1712429165621,37.0,"""We'll pick up some beer,"" he says...",992.0
1668,200,1712429168629,62.0,He gets to his feet and touches me on the hip as he goes past.,3008.0
1668,201,1712429169773,28.0,"""Give me a minute,"" he says.",1144.0
1668,202,1712429171221,39.0,We drive through town without speaking.,1448.0
1668,203,1712429172709,39.0,He stops at a roadside market for beer.,1488.0
1668,204,1712429174053,54.0,I notice a great stack of papers just inside the door.,1343.0
1668,205,1712429177261,89.0,On the top step a fat woman in a print dress holds out a licorice stick to a little girl.,3208.0
1668,206,1712429195933,66.0,"Later on, we cross Everson Creek and turn into the picnic grounds.",18672.0
1668,207,1712429198053,79.0,The creek runs under the bridge and into a large pond a few hundred yards away.,2120.0
1668,208,1712429199669,28.0,I can see the men out there.,1616.0
1668,209,1712429200749,33.0,I can see them out there fishing.,1080.0
1668,210,1712429202469,31.0,So much water so close to home.,1720.0
1668,211,1712429204247,43.0,"I say, ""Why did you have to go miles away?""",1778.0
1668,212,1712429205287,25.0,"""Don't rile me,"" he says.",1040.0
1668,213,1712429207087,29.0,We sit on a bench in the sun.,1800.0
1668,214,1712429208015,25.0,He opens us cans of beer.,928.0
1668,215,1712429209143,25.0,"He says, ""Relax, Claire.""",1128.0
1668,216,1712429211007,30.0,"""They said they were innocent.",1864.0
1668,217,1712429212463,27.0,"They said they were crazy.""",1456.0
1668,218,1712429214575,15.0,"He says, ""Who?""",2112.0
1668,219,1712429215727,38.0,"He says, ""What are you talking about?""",1152.0
1668,220,1712429216759,21.0,"""The Maddox brothers.",1032.0
1668,221,1712429218983,54.0,They killed a girl named Arlene Hubly where I grew up.,2224.0
1668,222,1712429223463,60.0,They cut off her head and threw her into the Cle Elum River.,4480.0
1668,223,1712429224527,31.0,"It happened when I was a girl.""",1064.0
1668,224,1712429226783,40.0,"""You're going to get me riled,"" he says.",2256.0
1668,225,1712429227615,20.0,I look at the creek.,832.0
1668,226,1712429231359,79.0,"I'm right in it, eyes open, face down, staring at the moss on the bottom, dead.",3744.0
1668,227,1712429233247,62.0,"""I don't know what's wrong with you,"" he says on the way home.",1888.0
1668,228,1712429234967,45.0,"""You're getting me more riled by the minute.""",1720.0
1668,229,1712429235855,34.0,There is nothing I can say to him.,888.0
1668,230,1712429236919,36.0,He tries to concentrate on the road.,1064.0
1668,231,1712429247455,47.0,But he keeps looking into the rear-view mirror.,10536.0
1668,232,1712429248047,9.0,He knows.,592.0
1668,233,1712429248759,3.0,***,712.0
1668,234,1712429250823,52.0,Stuart believes he is letting me sleep this morning.,2064.0
1668,235,1712429252015,47.0,But I was awake long before the alarm went off.,1192.0
1668,236,1712429254767,74.0,"I was thinking, lying on the far side of the bed away from his hairy legs.",2752.0
1668,237,1712429257319,78.0,"He gets Dean off for school, and then he shaves, dresses, and leaves for work.",2552.0
1668,238,1712429262647,40.0,Twice he looks in and clears his throat.,5328.0
1668,239,1712429263383,26.0,But I keep my eyes closed.,735.0
1668,240,1712429264419,38.0,In the kitchen I find a note from him.,1036.0
1668,241,1712429265843,19.0,"It's signed ""Love.""",1424.0
1668,242,1712429267891,74.0,I sit in the breakfast nook and drink coffee and leave a ring on the note.,2048.0
1668,243,1712429271587,67.0,I look at the newspaper and turn it this way and that on the table.,3696.0
1668,244,1712429273092,43.0,Then I skid it close and read what it says.,1504.0
1668,245,1712429274251,38.0,"The body has been identified, claimed.",1159.0
1668,246,1712429281667,155.0,"But it took some examining it, some putting things into it, some cutting, some weighing, some measuring, some putting things back again and sewing them in.",7415.0
1668,247,1712429283420,57.0,I sit for a long time holding the newspaper and thinking.,1752.0
1668,248,1712429286963,51.0,Then I call up to get a chair at the hairdresser's.,3543.0
1668,249,1712429287971,3.0,***,1007.0
1668,250,1712429291868,75.0,I sit under the dryer with a magazine on my lap and let Marnie do my nails.,3897.0
1668,251,1712429293371,42.0,"""I am going to a funeral tomorrow,"" I say.",1503.0
1668,252,1712429294380,38.0,"""I'm sorry to hear that,"" Marnie says.",1008.0
1668,253,1712429295267,25.0,"""It was a murder,"" I say.",887.0
1668,254,1712429296331,37.0,"""That's the worst kind,"" Marnie says.",1063.0
1668,255,1712429297315,35.0,"""We weren't all that close,"" I say.",983.0
1668,256,1712429298235,15.0,"""But you know?""",919.0
1668,257,1712429299979,45.0,"""We'll get you fixed up for it,"" Marnie says.",1743.0
1668,258,1712429302179,72.0,"That night I make my bed on the sofa, and in the morning I get up first.",2199.0
1668,259,1712429303819,50.0,I put on coffee and fix breakfast while he shaves.,1640.0
1668,260,1712429306292,76.0,"He appears in the kitchen doorway, towel over his bare shoulder, appraising.",2473.0
1668,261,1712429307091,23.0,"""Here's coffee,"" I say.",799.0
1668,262,1712429307948,31.0,"""Eggs'll be ready in a minute.”",855.0
1668,263,1712429309043,37.0,"I wake Dean, and the three of us eat.",1095.0
1668,264,1712429311676,79.0,"Whenever Stuart looks at me, I ask Dean if he wants more milk, more toast, etc.",2632.0
1668,265,1712429313380,56.0,"""I'll call you today,"" Stuart says as he opens the door.",1703.0
1668,266,1712429314788,42.0,"I say, ""I don't think I'll be home today.""",1408.0
1668,267,1712429315515,21.0,"""All right,"" he says.",727.0
1668,268,1712429316268,7.0,"""Sure.""",752.0
1668,269,1712429316956,18.0,I dress carefully.,688.0
1668,270,1712429318444,48.0,I try on a hat and look at myself in the mirror.,1487.0
1668,271,1712429319540,28.0,I write out a note for Dean.,1096.0
1668,272,1712429321740,69.0,"Honey, Mommy has things to do this afternoon, but will be back later.",2200.0
1668,273,1712429325682,61.0,You stay in or be in the backyard until one of us comes home.,3942.0
1668,274,1712429326538,11.0,"Love, Mommy",856.0
1668,275,1712429327962,48.0,I look at the word Love and then I underline it.,1424.0
1668,276,1712429330170,29.0,Then I see the word backyard.,2208.0
1668,277,1712429332082,22.0,Is it one word or two?,1912.0
1668,278,1712429333394,3.0,***,1312.0
1668,279,1712429337874,121.0,"I drive through farm country, through fields of oats and sugar beets and past apple orchards, cattle grazing in pastures.",4480.0
1668,280,1712429342107,99.0,"Then everything changes, more like shacks than farmhouses and stands of timber instead of orchards.",4232.0
1668,281,1712429353346,78.0,"Then mountains, and on the right, far below, I sometimes see the Naches River.",11239.0
1668,282,1712429356802,64.0,A green pickup comes up behind me and stays behind me for miles.,3455.0
1668,283,1712429358450,55.0,"I keep slowing at the wrong times, hoping he will pass.",1648.0
1668,284,1712429359266,16.0,Then I speed up.,816.0
1668,285,1712429360458,36.0,"But this is at the wrong times, too.",1192.0
1668,286,1712429361762,39.0,I grip the wheel until my fingers hurt.,1304.0
1668,287,1712429363338,37.0,On a long clear stretch he goes past.,1576.0
1668,288,1712429366298,73.0,"But he drives along beside for a bit, a crewcut man in a blue work shirt.",2960.0
1668,289,1712429367306,24.0,We look each other over.,1007.0
1668,290,1712429368778,53.0,"Then he waves, toots his horn, and pulls on up ahead.",1472.0
1668,291,1712429370066,29.0,I slow down and find a place.,1288.0
1668,292,1712429371186,35.0,I pull over and shut off the motor.,1119.0
1668,293,1712429372714,42.0,I can hear the river down below the trees.,1528.0
1668,294,1712429373898,35.0,Then I hear the pickup coming back.,1184.0
1668,295,1712429375043,41.0,I lock the doors and roll up the windows.,1145.0
1668,296,1712429376010,30.0,"""You all right?"" the man says.",967.0
1668,297,1712429376834,21.0,He raps on the glass.,824.0
1668,298,1712429377690,11.0,"""You okay?""",855.0
1668,299,1712429380074,64.0,He leans his arms on the door and brings his face to the window.,2384.0
1668,300,1712429380770,15.0,I stare at him.,696.0
1668,301,1712429381610,30.0,I can't think what else to do.,840.0
1668,302,1712429382642,34.0,"""Is everything all right in there?",1032.0
1668,303,1712429383914,31.0,"How come you're all locked up?""",1272.0
1668,304,1712429384842,16.0,I shake my head.,928.0
1668,305,1712429385618,24.0,"""Roll down your window.""",776.0
1668,306,1712429389133,64.0,He shakes his head and looks at the highway and then back at me.,3515.0
1668,307,1712429389845,19.0,"""Roll it down now.""",712.0
1668,308,1712429391533,32.0,"""Please,"" I say, ""I have to go.""",1688.0
1668,309,1712429392925,50.0,"""Open the door,"" he says as if he isn't listening.",1392.0
1668,310,1712429394109,33.0,"""You're going to choke in there.""",1184.0
1668,311,1712429395261,32.0,"He looks at my breasts, my legs.",1152.0
1668,312,1712429397549,34.0,I can tell that's what he's doing.,2288.0
1668,313,1712429398357,22.0,"""Hey, sugar,"" he says.",808.0
1668,314,1712429399421,31.0,"""I'm just here to help is all.""",1064.0
1668,315,1712429400389,3.0,***,968.0
1668,316,1712429402165,52.0,The casket is closed and covered with floral sprays.,1776.0
1668,317,1712429405109,45.0,The organ starts up the minute I take a seat.,2944.0
1668,318,1712429406341,40.0,People are coming in and finding chairs.,1232.0
1668,319,1712429408661,63.0,There's a boy in flared pants and a yellow short-sleeved shirt.,2320.0
1668,320,1712429417493,100.0,A door opens and the family comes in in a group and moves over to a curtained place off to one side.,8832.0
1668,321,1712429418981,39.0,Chairs creak as everybody gets settled.,1487.0
1668,322,1712429422677,83.0,"Directly, a nice blond man in a nice dark suit stands and asks us to bow our heads.",3696.0
1668,323,1712429429533,105.0,"He says a prayer for us, the living, and when he finishes, he says a prayer for the soul of the departed.",6856.0
1668,324,1712429431317,43.0,Along with the others I go past the casket.,1783.0
1668,325,1712429433445,66.0,Then I move out onto the front steps and into the afternoon light.,2128.0
1668,326,1712429435213,66.0,There's a woman who limps as she goes down the stairs ahead of me.,1768.0
1668,327,1712429436469,33.0,On the sidewalk she looks around.,1256.0
1668,328,1712429437869,31.0,"""Well, they got him,"" she says.",1400.0
1668,329,1712429439197,27.0,"""If that's any consolation.",1328.0
1668,330,1712429440581,31.0,They arrested him this morning.,1384.0
1668,331,1712429442037,38.0,I heard it on the radio before I come.,1455.0
1668,332,1712429443493,26.0,"A boy right here in town.""",1456.0
1668,333,1712429445341,42.0,We move a few steps down the hot sidewalk.,1848.0
1668,334,1712429446205,25.0,People are starting cars.,864.0
1668,335,1712429448893,49.0,I put out my hand and hold on to a parking meter.,2688.0
1668,336,1712429450989,36.0,Polished hoods and polished fenders.,2096.0
1668,337,1712429451949,14.0,My head swims.,960.0
1668,338,1712429454501,41.0,"I say, ""They have friends, these killers.",2552.0
1668,339,1712429455661,16.0,"You can't tell.""",1160.0
1668,340,1712429458485,70.0,"""I have known that child since she was a little girl,"" the woman says.",2824.0
1668,341,1712429464725,93.0,"""She used to come over and I'd bake cookies for her and let her eat them in front of the TV.""",6240.0
1668,342,1712429465589,3.0,***,864.0
1668,343,1712429467589,76.0,"Back home, Stuart sits at the table with a drink of whiskey in front of him.",2000.0
1668,344,1712429469261,57.0,For a crazy instant I think something's happened to Dean.,1672.0
1668,345,1712429469949,14.0,"""Where is he?""",688.0
1668,346,1712429470709,6.0,I say.,760.0
1668,347,1712429471461,16.0,"""Where is Dean?""",752.0
1668,348,1712429472517,27.0,"""Outside,"" my husband says.",1056.0
1668,349,1712429474445,34.0,He drains his glass and stands up.,1928.0
1668,350,1712429476229,40.0,"He says, ""I think I know what you need.""",1784.0
1668,351,1712429481365,138.0,He reaches an arm around my waist and with his other hand he begins to unbutton my jacket and then he goes on to the buttons of my blouse.,5136.0
1668,352,1712429482917,30.0,"""First things first,"" he says.",1552.0
1668,353,1712429483725,23.0,He says something else.,808.0
1668,354,1712429484437,27.0,But I don't need to listen.,712.0
1668,355,1712429486061,46.0,I can't hear a thing with so much water going.,1624.0
1668,356,1712429486765,3.0,***,704.0
1636,63,1712618165329,3.0,***,2405387.0
1636,64,1712618167809,37.0,My husband eats with a good appetite.,2480.0
1636,65,1712618169777,37.0,But I don't think he's really hungry.,1967.0
1636,66,1712618174873,69.0,"He chews, arms on the table, and stares at something across the room.",5096.0
1636,67,1712618177481,30.0,He looks at me and looks away.,2608.0
1636,68,1712618179033,33.0,He wipes his mouth on the napkin.,1552.0
1636,69,1712618179937,30.0,"He shrugs, and goes on eating.",904.0
1636,70,1712618181585,42.0,"""What are you staring at me for?"" he says.",1648.0
1636,71,1712618183146,45.0,"""What is it?"" he says and lays down his fork.",1561.0
1636,72,1712618184337,42.0,"""Was I staring?"" I say, and shake my head.",1191.0
1636,73,1712618185194,20.0,The telephone rings.,857.0
1636,74,1712618186169,27.0,"""Don't answer it,"" he says.",975.0
1636,75,1712618187314,33.0,"""It might be your mother,"" I say.",1145.0
1636,76,1712618188297,25.0,"""Watch and see,"" he says.",983.0
1636,77,1712618190873,34.0,I pick up the receiver and listen.,2576.0
1636,78,1712618191777,24.0,My husband stops eating.,903.0
1636,79,1712618194170,46.0,"""What did I tell you?"" he says when I hang up.",2393.0
1636,80,1712618195553,23.0,He starts to eat again.,1383.0
1636,81,1712618196793,36.0,Then throws his napkin on his plate.,1240.0
1636,82,1712618200185,63.0,"He says, ""Goddamn it, why can't people mind their own business?",3392.0
1636,83,1712618203417,41.0,Tell me what I did wrong and I'll listen!,3232.0
1636,84,1712618205281,28.0,I wasn't the only man there.,1864.0
1636,85,1712618206642,37.0,We talked it over and we all decided.,1361.0
1636,86,1712618207689,29.0,We couldn't just turn around.,1047.0
1636,87,1712618209913,32.0,We were five miles from the car.,2224.0
1636,88,1712618212257,34.0,I won't have you passing judgment.,2344.0
1636,89,1712618213201,13.0,"Do you hear?""",944.0
1636,90,1712618215785,18.0,"""You know,"" I say.",2584.0
1636,91,1712618245393,33.0,"He says, ""What do I know, Claire?",29608.0
1636,92,1712618246730,34.0,Tell me what I'm supposed to know.,1336.0
1636,93,1712618247505,40.0,"I don't know anything except one thing?""",775.0
1636,94,1712618248425,48.0,He gives me what he thinks is a meaningful look.,920.0
1636,95,1712618249457,24.0,"""She was dead,"" he says.",1032.0
1636,96,1712618252449,33.0,"""And I'm as sorry as anyone else.",2992.0
1636,97,1712618253345,18.0,"But she was dead.""",896.0
1636,98,1712618254260,26.0,"""That's the point,"" I say.",915.0
1636,99,1712618255114,20.0,He raises his hands.,854.0
1636,100,1712618257401,40.0,He pushes his chair away from the table.,2287.0
1636,101,1712618260129,72.0,He takes out his cigarettes and goes out to the back with a can of beer.,2728.0
1636,102,1712618262121,64.0,I see him sit in the lawn chair and pick up the newspaper again.,1991.0
1636,103,1712618269585,39.0,His name is in there on the first page.,7464.0
1636,104,1712618278385,36.0,Along with the names of his friends.,8800.0
1636,105,1712618279907,40.0,I close my eyes and hold on to the sink.,1522.0
1636,106,1712618281113,74.0,Then I rake my arm across the drainboard and send the dishes to the floor.,1206.0
1636,107,1712618282057,16.0,He doesn't move.,944.0
1636,108,1712618282905,18.0,I know he's heard.,848.0
1636,109,1712618284961,40.0,He lifts his head as if still listening.,2056.0
1636,110,1712618286402,30.0,But he doesn't move otherwise.,1440.0
1636,111,1712618287201,23.0,He doesn't turn around.,799.0
1636,112,1712618288290,3.0,***,1089.0
1636,113,1712618290930,88.0,"He and Gordon Johnson and Mel Dorn and Vern Williams, they play poker and bowl and fish.",2640.0
1636,114,1712618292513,85.0,They fish every spring and early summer before visiting relatives can get in the way.,1583.0
1636,115,1712618294402,65.0,"They are decent men, family men, men who take care of their jobs.",1889.0
1636,116,1712618298994,65.0,"They have sons and daughters who go to school with our son, Dean.",4592.0
1636,117,1712618302810,55.0,Last Friday these family men left for the Naches River.,3816.0
1636,118,1712618304209,76.0,They parked the car in the mountains and hiked to where they wanted to fish.,1399.0
1636,119,1712618312353,76.0,"They carried their bedrolls, their food, their playing cards, their whiskey.",8144.0
1636,120,1712618315986,42.0,They saw the girl before they set up camp.,3633.0
1636,121,1712618317025,19.0,Mel Dorn found her.,1039.0
1636,122,1712618318521,25.0,No clothes on her at all.,1495.0
1636,123,1712618322043,64.0,She was wedged into some branches that stuck out over the water.,3522.0
1636,124,1712618325433,43.0,He called the others and they came to look.,3390.0
1636,125,1712618327130,29.0,They talked about what to do.,1697.0
1636,126,1712618333649,82.0,One of the men - my Stuart didn't say which - said they should start back at once.,6519.0
1636,127,1712618337362,86.0,"The others stirred the sand with their shoes, said they didn't feel inclined that way.",3713.0
1636,128,1712618342889,82.0,"They pleaded fatigue, the late hour, the fact that the girl wasn't going anywhere.",5527.0
1636,129,1712618345057,47.0,In the end they went ahead and set up the camp.,2168.0
1636,130,1712618347281,42.0,They built a fire and drank their whiskey.,2224.0
1636,131,1712618349065,50.0,"When the moon came up, they talked about the girl.",1784.0
1636,132,1712618353793,59.0,Someone said they should -keep the body from drifting away.,4728.0
1636,133,1712618357217,55.0,They took their flashlights and went back to the river.,3423.0
1636,134,1712618362841,66.0,One of the men - it might have been Stuart - waded in and got her.,5624.0
1636,135,1712618366729,53.0,He took her by the fingers and pulled her into shore.,3887.0
1636,136,1712618374081,87.0,He got some nylon cord and tied it to her wrist and then looped the rest around a tree.,7352.0
1636,137,1712618381177,99.0,"The next morning they cooked breakfast, drank coffee, and drank whiskey, and then split up to fish.",7095.0
1636,138,1712618392275,182.0,"That night they cooked fish, cooked potatoes, drank coffee, drank whiskey, then took their cooking things and eating things back down to the river and washed them where the girl was.",11098.0
1636,139,1712618393121,32.0,They played some cards later on.,846.0
1636,140,1712618396209,55.0,Maybe they played until they couldn't see them anymore.,3088.0
1636,141,1712618397777,28.0,Vern Williams went to sleep.,1568.0
1636,142,1712618398889,28.0,But the others told stories.,1112.0
1636,143,1712618400337,100.0,Gordon Johnson said the trout they'd caught were hard because of the terrible coldness of the water.,1447.0
1636,144,1712618401425,154.0,"The next morning they got up late, drank whiskey, fished a little, took down their tents, rolled their sleeping bags, gathered their stuff, and hiked out.",1088.0
1636,145,1712618402634,41.0,They drove until they got to a telephone.,1208.0
1636,146,1712618403497,86.0,It was Stuart who made the call while the others stood around in the sun and listened.,863.0
1636,147,1712618404817,32.0,He gave the sheriff their names.,1319.0
1636,148,1712618405897,25.0,They had nothing to hide.,1079.0
1636,149,1712618407378,21.0,They weren't ashamed.,1481.0
1636,150,1712618409146,100.0,They said they'd wait until someone could come for better directions and take down their statements.,1768.0
1636,151,1712618409922,3.0,***,776.0
1636,152,1712618410914,30.0,I was asleep when he got home.,992.0
1636,153,1712618412338,46.0,But I woke up when I heard him in the kitchen.,1424.0
1636,154,1712618413481,64.0,I found him leaning against the refrigerator with a can of beer.,1143.0
1636,155,1712618415258,68.0,He put his heavy arms around me and rubbed his big hands on my back.,1777.0
1636,156,1712618416394,85.0,In bed he put his hands on me again and then waited as if thinking of something else.,1136.0
1636,157,1712618417505,28.0,I turned and opened my legs.,1111.0
1636,158,1712618418465,36.0,"Afterwards, I think he stayed awake.",960.0
1636,159,1712618421138,53.0,He was up that morning before I could get out of bed.,2673.0
1636,160,1712618423210,54.0,"To see if there was something in the paper, I suppose.",2072.0
1636,161,1712618426466,46.0,The telephone began ringing right after eight.,3255.0
1636,162,1712618427434,13.0,"""Go to hell!""",968.0
1636,163,1712618428217,18.0,I heard him shout.,783.0
1636,164,1712618428930,31.0,The telephone rang right again.,712.0
1636,165,1712618430585,59.0,"""I have nothing to add to what I already told the sheriff!""",1655.0
1636,166,1712618431418,29.0,He slammed the receiver down.,832.0
1636,167,1712618432857,27.0,"""What is going on?"" I said.",1439.0
1636,168,1712618434025,49.0,It was then that he told me what I just told you.,1167.0
1636,169,1712618435514,3.0,***,1489.0
1636,170,1712618438714,44.0,I sweep up the broken dishes and go outside.,3200.0
1636,171,1712618442530,85.0,"He is lying on his back on the grass now, the newspaper and can of beer within reach.",3816.0
1636,172,1712618445730,41.0,"""Stuart, could we go for a drive?"" I say.",3200.0
1636,173,1712618449234,30.0,He rolls over and looks at me.,3504.0
1636,174,1712618452905,37.0,"""We'll pick up some beer,"" he says...",3671.0
1636,175,1712618458306,62.0,He gets to his feet and touches me on the hip as he goes past.,5401.0
1636,176,1712618460466,28.0,"""Give me a minute,"" he says.",2160.0
1636,177,1712618462681,39.0,We drive through town without speaking.,2215.0
1636,178,1712618463897,39.0,He stops at a roadside market for beer.,1216.0
1636,179,1712618465265,54.0,I notice a great stack of papers just inside the door.,1368.0
1636,180,1712618468217,89.0,On the top step a fat woman in a print dress holds out a licorice stick to a little girl.,2952.0
1636,181,1712618474290,66.0,"Later on, we cross Everson Creek and turn into the picnic grounds.",6073.0
1636,182,1712618479033,79.0,The creek runs under the bridge and into a large pond a few hundred yards away.,4743.0
1636,183,1712618483218,28.0,I can see the men out there.,4185.0
1636,184,1712618491313,33.0,I can see them out there fishing.,8095.0
1636,185,1712618492697,31.0,So much water so close to home.,1383.0
1636,186,1712618495833,43.0,"I say, ""Why did you have to go miles away?""",3136.0
1636,187,1712618497394,25.0,"""Don't rile me,"" he says.",1561.0
1636,188,1712618498625,29.0,We sit on a bench in the sun.,1231.0
1636,189,1712618499505,25.0,He opens us cans of beer.,880.0
1636,190,1712618500353,25.0,"He says, ""Relax, Claire.""",848.0
1636,191,1712618502202,30.0,"""They said they were innocent.",1849.0
1636,192,1712618504841,27.0,"They said they were crazy.""",2639.0
1636,193,1712618505594,15.0,"He says, ""Who?""",753.0
1636,194,1712618508937,38.0,"He says, ""What are you talking about?""",3343.0
1636,195,1712618509969,21.0,"""The Maddox brothers.",1032.0
1636,196,1712618511577,54.0,They killed a girl named Arlene Hubly where I grew up.,1608.0
1636,197,1712618512729,60.0,They cut off her head and threw her into the Cle Elum River.,1152.0
1636,198,1712618513785,31.0,"It happened when I was a girl.""",1055.0
1636,199,1712618515305,40.0,"""You're going to get me riled,"" he says.",1520.0
1636,200,1712618516049,20.0,I look at the creek.,744.0
1636,201,1712618517313,79.0,"I'm right in it, eyes open, face down, staring at the moss on the bottom, dead.",1264.0
1636,202,1712618518233,62.0,"""I don't know what's wrong with you,"" he says on the way home.",920.0
1636,203,1712618519258,45.0,"""You're getting me more riled by the minute.""",1024.0
1636,204,1712618520529,34.0,There is nothing I can say to him.,1271.0
1636,205,1712618521265,36.0,He tries to concentrate on the road.,736.0
1636,206,1712618522210,47.0,But he keeps looking into the rear-view mirror.,945.0
1636,207,1712618523002,9.0,He knows.,792.0
1636,208,1712618523617,3.0,***,615.0
1636,209,1712618524361,52.0,Stuart believes he is letting me sleep this morning.,744.0
1636,210,1712618526305,47.0,But I was awake long before the alarm went off.,1944.0
1636,211,1712618527881,74.0,"I was thinking, lying on the far side of the bed away from his hairy legs.",1576.0
1636,212,1712618529833,78.0,"He gets Dean off for school, and then he shaves, dresses, and leaves for work.",1952.0
1636,213,1712618534394,40.0,Twice he looks in and clears his throat.,4561.0
1636,214,1712618535337,26.0,But I keep my eyes closed.,943.0
1636,215,1712618538530,38.0,In the kitchen I find a note from him.,3193.0
1636,216,1712618539385,19.0,"It's signed ""Love.""",855.0
1636,217,1712618541249,74.0,I sit in the breakfast nook and drink coffee and leave a ring on the note.,1864.0
1636,218,1712618543177,67.0,I look at the newspaper and turn it this way and that on the table.,1927.0
1636,219,1712618544994,43.0,Then I skid it close and read what it says.,1817.0
1636,220,1712618546330,38.0,"The body has been identified, claimed.",1336.0
1636,221,1712618549385,155.0,"But it took some examining it, some putting things into it, some cutting, some weighing, some measuring, some putting things back again and sewing them in.",3055.0
1636,222,1712618550953,57.0,I sit for a long time holding the newspaper and thinking.,1568.0
1636,223,1712618551529,51.0,Then I call up to get a chair at the hairdresser's.,576.0
1636,224,1712618551906,3.0,***,377.0
1636,225,1712618552785,75.0,I sit under the dryer with a magazine on my lap and let Marnie do my nails.,879.0
1636,226,1712618553794,42.0,"""I am going to a funeral tomorrow,"" I say.",1009.0
1636,227,1712618554722,38.0,"""I'm sorry to hear that,"" Marnie says.",928.0
1636,228,1712618555489,25.0,"""It was a murder,"" I say.",767.0
1636,229,1712618556522,37.0,"""That's the worst kind,"" Marnie says.",1033.0
1636,230,1712618557577,35.0,"""We weren't all that close,"" I say.",1055.0
1636,231,1712618558386,15.0,"""But you know?""",809.0
1636,232,1712618560586,45.0,"""We'll get you fixed up for it,"" Marnie says.",2200.0
1636,233,1712618561673,72.0,"That night I make my bed on the sofa, and in the morning I get up first.",1087.0
1636,234,1712618565089,50.0,I put on coffee and fix breakfast while he shaves.,3415.0
1636,235,1712618566937,76.0,"He appears in the kitchen doorway, towel over his bare shoulder, appraising.",1847.0
1636,236,1712618567913,23.0,"""Here's coffee,"" I say.",976.0
1636,237,1712618571834,31.0,"""Eggs'll be ready in a minute.”",3921.0
1636,238,1712618572841,37.0,"I wake Dean, and the three of us eat.",1007.0
1636,239,1712618575393,79.0,"Whenever Stuart looks at me, I ask Dean if he wants more milk, more toast, etc.",2552.0
1636,240,1712618576521,56.0,"""I'll call you today,"" Stuart says as he opens the door.",1128.0
1636,241,1712618577498,42.0,"I say, ""I don't think I'll be home today.""",977.0
1636,242,1712618578242,21.0,"""All right,"" he says.",744.0
1636,243,1712618578842,7.0,"""Sure.""",600.0
1636,244,1712618579402,18.0,I dress carefully.,560.0
1636,245,1712618580105,48.0,I try on a hat and look at myself in the mirror.,703.0
1636,246,1712618580953,28.0,I write out a note for Dean.,848.0
1636,247,1712618585417,69.0,"Honey, Mommy has things to do this afternoon, but will be back later.",4464.0
1636,248,1712618586825,61.0,You stay in or be in the backyard until one of us comes home.,1407.0
1636,249,1712618589193,11.0,"Love, Mommy",2368.0
1636,250,1712618593801,48.0,I look at the word Love and then I underline it.,4608.0
1636,251,1712618596097,29.0,Then I see the word backyard.,2296.0
1636,252,1712618596993,22.0,Is it one word or two?,896.0
1636,253,1712618597793,3.0,***,800.0
1636,254,1712618598937,121.0,"I drive through farm country, through fields of oats and sugar beets and past apple orchards, cattle grazing in pastures.",1144.0
1636,255,1712618605971,99.0,"Then everything changes, more like shacks than farmhouses and stands of timber instead of orchards.",7034.0
1636,256,1712618607537,78.0,"Then mountains, and on the right, far below, I sometimes see the Naches River.",1566.0
1636,257,1712618610329,64.0,A green pickup comes up behind me and stays behind me for miles.,2792.0
1636,258,1712618613321,55.0,"I keep slowing at the wrong times, hoping he will pass.",2991.0
1636,259,1712618614809,16.0,Then I speed up.,1488.0
1636,260,1712618616969,36.0,"But this is at the wrong times, too.",2160.0
1636,261,1712618618666,39.0,I grip the wheel until my fingers hurt.,1697.0
1636,262,1712618620018,37.0,On a long clear stretch he goes past.,1351.0
1636,263,1712618622465,73.0,"But he drives along beside for a bit, a crewcut man in a blue work shirt.",2447.0
1636,264,1712618623409,24.0,We look each other over.,944.0
1636,265,1712618626337,53.0,"Then he waves, toots his horn, and pulls on up ahead.",2928.0
1636,266,1712618627226,29.0,I slow down and find a place.,888.0
1636,267,1712618627946,35.0,I pull over and shut off the motor.,720.0
1636,268,1712618628729,42.0,I can hear the river down below the trees.,783.0
1636,269,1712618632305,35.0,Then I hear the pickup coming back.,3576.0
1636,270,1712618633481,41.0,I lock the doors and roll up the windows.,1176.0
1636,271,1712618636306,30.0,"""You all right?"" the man says.",2825.0
1636,272,1712618638458,21.0,He raps on the glass.,2152.0
1636,273,1712618639385,11.0,"""You okay?""",926.0
1636,274,1712618643016,64.0,He leans his arms on the door and brings his face to the window.,3631.0
1636,275,1712618643889,15.0,I stare at him.,872.0
1636,276,1712618645089,30.0,I can't think what else to do.,1200.0
1636,277,1712618647777,34.0,"""Is everything all right in there?",2688.0
1636,278,1712618651298,31.0,"How come you're all locked up?""",3521.0
1636,279,1712618651785,16.0,I shake my head.,487.0
1636,280,1712618652146,24.0,"""Roll down your window.""",361.0
1636,281,1712618652545,64.0,He shakes his head and looks at the highway and then back at me.,399.0
1636,282,1712618652977,19.0,"""Roll it down now.""",432.0
1636,283,1712618653682,32.0,"""Please,"" I say, ""I have to go.""",705.0
1636,284,1712618655809,50.0,"""Open the door,"" he says as if he isn't listening.",2127.0
1636,285,1712618659361,33.0,"""You're going to choke in there.""",3551.0
1636,286,1712618660385,32.0,"He looks at my breasts, my legs.",1024.0
1636,287,1712618661521,34.0,I can tell that's what he's doing.,1136.0
1636,288,1712618663985,22.0,"""Hey, sugar,"" he says.",2464.0
1636,289,1712618664777,31.0,"""I'm just here to help is all.""",791.0
1636,290,1712618665473,3.0,***,696.0
1636,291,1712618666257,52.0,The casket is closed and covered with floral sprays.,784.0
1636,292,1712618667537,45.0,The organ starts up the minute I take a seat.,1280.0
1636,293,1712618670393,40.0,People are coming in and finding chairs.,2856.0
1636,294,1712618672081,63.0,There's a boy in flared pants and a yellow short-sleeved shirt.,1688.0
1636,295,1712618673097,100.0,A door opens and the family comes in in a group and moves over to a curtained place off to one side.,1015.0
1636,296,1712618674217,39.0,Chairs creak as everybody gets settled.,1120.0
1636,297,1712618676145,83.0,"Directly, a nice blond man in a nice dark suit stands and asks us to bow our heads.",1928.0
1636,298,1712618678369,105.0,"He says a prayer for us, the living, and when he finishes, he says a prayer for the soul of the departed.",2224.0
1636,299,1712618679681,43.0,Along with the others I go past the casket.,1312.0
1636,300,1712618680993,66.0,Then I move out onto the front steps and into the afternoon light.,1312.0
1636,301,1712618681961,66.0,There's a woman who limps as she goes down the stairs ahead of me.,968.0
1636,302,1712618682841,33.0,On the sidewalk she looks around.,880.0
1636,303,1712618683625,31.0,"""Well, they got him,"" she says.",784.0
1636,304,1712618684497,27.0,"""If that's any consolation.",871.0
1636,305,1712618685505,31.0,They arrested him this morning.,1008.0
1636,306,1712618687585,38.0,I heard it on the radio before I come.,2080.0
1636,307,1712618688537,26.0,"A boy right here in town.""",952.0
1636,308,1712618689441,42.0,We move a few steps down the hot sidewalk.,904.0
1636,309,1712618690345,25.0,People are starting cars.,904.0
1636,310,1712618691257,49.0,I put out my hand and hold on to a parking meter.,912.0
1636,311,1712618692249,36.0,Polished hoods and polished fenders.,992.0
1636,312,1712618692938,14.0,My head swims.,689.0
1636,313,1712618693961,41.0,"I say, ""They have friends, these killers.",1023.0
1636,314,1712618694753,16.0,"You can't tell.""",792.0
1636,315,1712618696369,70.0,"""I have known that child since she was a little girl,"" the woman says.",1615.0
1636,316,1712618698745,93.0,"""She used to come over and I'd bake cookies for her and let her eat them in front of the TV.""",2376.0
1636,317,1712618699521,3.0,***,776.0
1636,318,1712618701441,76.0,"Back home, Stuart sits at the table with a drink of whiskey in front of him.",1920.0
1636,319,1712618703234,57.0,For a crazy instant I think something's happened to Dean.,1793.0
1636,320,1712618703689,14.0,"""Where is he?""",455.0
1636,321,1712618704873,6.0,I say.,1184.0
1636,322,1712618705793,16.0,"""Where is Dean?""",920.0
1636,323,1712618706289,27.0,"""Outside,"" my husband says.",495.0
1636,324,1712618706889,34.0,He drains his glass and stands up.,600.0
1636,325,1712618707866,40.0,"He says, ""I think I know what you need.""",977.0
1636,326,1712618708569,138.0,He reaches an arm around my waist and with his other hand he begins to unbutton my jacket and then he goes on to the buttons of my blouse.,703.0
1636,327,1712618709073,30.0,"""First things first,"" he says.",504.0
1636,328,1712618709562,23.0,He says something else.,489.0
1636,329,1712618710049,27.0,But I don't need to listen.,487.0
1636,330,1712618710489,46.0,I can't hear a thing with so much water going.,440.0
1636,331,1712618713874,3.0,***,3385.0
1679,60,1712615861910,3.0,***,145230.0
1679,61,1712615862516,37.0,My husband eats with a good appetite.,606.0
1679,62,1712615862856,37.0,But I don't think he's really hungry.,340.0
1679,63,1712615863178,69.0,"He chews, arms on the table, and stares at something across the room.",322.0
1679,64,1712615863306,30.0,He looks at me and looks away.,128.0
1679,65,1712615863502,33.0,He wipes his mouth on the napkin.,196.0
1679,66,1712615863729,30.0,"He shrugs, and goes on eating.",227.0
1679,67,1712615863859,42.0,"""What are you staring at me for?"" he says.",129.0
1679,68,1712615864085,45.0,"""What is it?"" he says and lays down his fork.",226.0
1679,69,1712615864220,42.0,"""Was I staring?"" I say, and shake my head.",135.0
1679,70,1712615864435,20.0,The telephone rings.,215.0
1679,71,1712615864552,27.0,"""Don't answer it,"" he says.",117.0
1679,72,1712615864677,33.0,"""It might be your mother,"" I say.",125.0
1679,73,1712615864791,25.0,"""Watch and see,"" he says.",114.0
1679,74,1712615865019,34.0,I pick up the receiver and listen.,228.0
1679,75,1712615865135,24.0,My husband stops eating.,116.0
1679,76,1712615865371,46.0,"""What did I tell you?"" he says when I hang up.",236.0
1679,77,1712615865599,23.0,He starts to eat again.,227.0
1679,78,1712615865744,36.0,Then throws his napkin on his plate.,145.0
1679,79,1712615865943,63.0,"He says, ""Goddamn it, why can't people mind their own business?",199.0
1679,80,1712615866097,41.0,Tell me what I did wrong and I'll listen!,153.0
1679,81,1712615866777,28.0,I wasn't the only man there.,680.0
1679,82,1712615866956,37.0,We talked it over and we all decided.,179.0
1679,83,1712615867142,29.0,We couldn't just turn around.,186.0
1679,84,1712615867308,32.0,We were five miles from the car.,166.0
1679,85,1712615867513,34.0,I won't have you passing judgment.,205.0
1679,86,1712615867701,13.0,"Do you hear?""",188.0
1679,87,1712615867918,18.0,"""You know,"" I say.",217.0
1679,88,1712615868057,33.0,"He says, ""What do I know, Claire?",138.0
1679,89,1712615868232,34.0,Tell me what I'm supposed to know.,175.0
1679,90,1712615868397,40.0,"I don't know anything except one thing?""",165.0
1679,91,1712615868588,48.0,He gives me what he thinks is a meaningful look.,190.0
1679,92,1712615868766,24.0,"""She was dead,"" he says.",178.0
1679,93,1712615868956,33.0,"""And I'm as sorry as anyone else.",190.0
1679,94,1712615869159,18.0,"But she was dead.""",203.0
1679,95,1712615869329,26.0,"""That's the point,"" I say.",170.0
1679,96,1712615869521,20.0,He raises his hands.,192.0
1679,97,1712615869700,40.0,He pushes his chair away from the table.,179.0
1679,98,1712615869885,72.0,He takes out his cigarettes and goes out to the back with a can of beer.,185.0
1679,99,1712615870075,64.0,I see him sit in the lawn chair and pick up the newspaper again.,190.0
1679,100,1712615870247,39.0,His name is in there on the first page.,172.0
1679,101,1712615870423,36.0,Along with the names of his friends.,176.0
1679,102,1712615870597,40.0,I close my eyes and hold on to the sink.,174.0
1679,103,1712615870787,74.0,Then I rake my arm across the drainboard and send the dishes to the floor.,190.0
1679,104,1712615870969,16.0,He doesn't move.,182.0
1679,105,1712615871156,18.0,I know he's heard.,187.0
1679,106,1712615871346,40.0,He lifts his head as if still listening.,190.0
1679,107,1712615871521,30.0,But he doesn't move otherwise.,175.0
1679,108,1712615871712,23.0,He doesn't turn around.,191.0
1679,109,1712615871884,3.0,***,172.0
1679,110,1712615872013,88.0,"He and Gordon Johnson and Mel Dorn and Vern Williams, they play poker and bowl and fish.",129.0
1679,111,1712615872382,85.0,They fish every spring and early summer before visiting relatives can get in the way.,369.0
1679,112,1712615872513,65.0,"They are decent men, family men, men who take care of their jobs.",131.0
1679,113,1712615872712,65.0,"They have sons and daughters who go to school with our son, Dean.",199.0
1679,114,1712615872872,55.0,Last Friday these family men left for the Naches River.,160.0
1679,115,1712615873028,76.0,They parked the car in the mountains and hiked to where they wanted to fish.,156.0
1679,116,1712615873179,76.0,"They carried their bedrolls, their food, their playing cards, their whiskey.",151.0
1679,117,1712615873350,42.0,They saw the girl before they set up camp.,171.0
1679,118,1712615873526,19.0,Mel Dorn found her.,176.0
1679,119,1712615873712,25.0,No clothes on her at all.,186.0
1679,120,1712615873906,64.0,She was wedged into some branches that stuck out over the water.,194.0
1679,121,1712615874104,43.0,He called the others and they came to look.,198.0
1679,122,1712615874311,29.0,They talked about what to do.,207.0
1679,123,1712615874491,82.0,One of the men - my Stuart didn't say which - said they should start back at once.,180.0
1679,124,1712615874667,86.0,"The others stirred the sand with their shoes, said they didn't feel inclined that way.",176.0
1679,125,1712615874813,82.0,"They pleaded fatigue, the late hour, the fact that the girl wasn't going anywhere.",146.0
1679,126,1712615875379,47.0,In the end they went ahead and set up the camp.,566.0
1679,127,1712615875588,42.0,They built a fire and drank their whiskey.,208.0
1679,128,1712615875718,50.0,"When the moon came up, they talked about the girl.",130.0
1679,129,1712615875842,59.0,Someone said they should -keep the body from drifting away.,124.0
1679,130,1712615875967,55.0,They took their flashlights and went back to the river.,125.0
1679,131,1712615876100,66.0,One of the men - it might have been Stuart - waded in and got her.,133.0
1679,132,1712615876220,53.0,He took her by the fingers and pulled her into shore.,120.0
1679,133,1712615876325,87.0,He got some nylon cord and tied it to her wrist and then looped the rest around a tree.,105.0
1679,134,1712615876579,99.0,"The next morning they cooked breakfast, drank coffee, and drank whiskey, and then split up to fish.",254.0
1679,135,1712615876687,182.0,"That night they cooked fish, cooked potatoes, drank coffee, drank whiskey, then took their cooking things and eating things back down to the river and washed them where the girl was.",108.0
1679,136,1712615876927,32.0,They played some cards later on.,240.0
1679,137,1712615877175,55.0,Maybe they played until they couldn't see them anymore.,248.0
1679,138,1712615877383,28.0,Vern Williams went to sleep.,208.0
1679,139,1712615877741,28.0,But the others told stories.,358.0
1679,140,1712615877945,100.0,Gordon Johnson said the trout they'd caught were hard because of the terrible coldness of the water.,204.0
1679,141,1712615878115,154.0,"The next morning they got up late, drank whiskey, fished a little, took down their tents, rolled their sleeping bags, gathered their stuff, and hiked out.",170.0
1679,142,1712615878310,41.0,They drove until they got to a telephone.,194.0
1679,143,1712615878445,86.0,It was Stuart who made the call while the others stood around in the sun and listened.,135.0
1679,144,1712615878578,32.0,He gave the sheriff their names.,133.0
1679,145,1712615879040,25.0,They had nothing to hide.,462.0
1679,146,1712615879198,21.0,They weren't ashamed.,158.0
1679,147,1712615879565,100.0,They said they'd wait until someone could come for better directions and take down their statements.,367.0
1679,148,1712615879753,3.0,***,188.0
1679,149,1712615879922,30.0,I was asleep when he got home.,169.0
1679,150,1712615880142,46.0,But I woke up when I heard him in the kitchen.,220.0
1679,151,1712615880363,64.0,I found him leaning against the refrigerator with a can of beer.,221.0
1679,152,1712615880737,68.0,He put his heavy arms around me and rubbed his big hands on my back.,374.0
1679,153,1712615881139,85.0,In bed he put his hands on me again and then waited as if thinking of something else.,402.0
1679,154,1712615881285,28.0,I turned and opened my legs.,146.0
1679,155,1712615881419,36.0,"Afterwards, I think he stayed awake.",134.0
1679,156,1712615881757,53.0,He was up that morning before I could get out of bed.,338.0
1679,157,1712615881933,54.0,"To see if there was something in the paper, I suppose.",176.0
1679,158,1712615882117,46.0,The telephone began ringing right after eight.,184.0
1679,159,1712615882300,13.0,"""Go to hell!""",182.0
1679,160,1712615882818,18.0,I heard him shout.,518.0
1679,161,1712615882995,31.0,The telephone rang right again.,177.0
1679,162,1712615883182,59.0,"""I have nothing to add to what I already told the sheriff!""",187.0
1679,163,1712615883363,29.0,He slammed the receiver down.,181.0
1679,164,1712615883558,27.0,"""What is going on?"" I said.",195.0
1679,165,1712615883710,49.0,It was then that he told me what I just told you.,152.0
1679,166,1712615883899,3.0,***,189.0
1679,167,1712615884071,44.0,I sweep up the broken dishes and go outside.,172.0
1679,168,1712615884246,85.0,"He is lying on his back on the grass now, the newspaper and can of beer within reach.",175.0
1679,169,1712615884411,41.0,"""Stuart, could we go for a drive?"" I say.",165.0
1679,170,1712615884579,30.0,He rolls over and looks at me.,167.0
1679,171,1712615884737,37.0,"""We'll pick up some beer,"" he says...",158.0
1679,172,1712615884894,62.0,He gets to his feet and touches me on the hip as he goes past.,157.0
1679,173,1712615885069,28.0,"""Give me a minute,"" he says.",175.0
1679,174,1712615885226,39.0,We drive through town without speaking.,157.0
1679,175,1712615885425,39.0,He stops at a roadside market for beer.,199.0
1679,176,1712615885611,54.0,I notice a great stack of papers just inside the door.,186.0
1679,177,1712615885791,89.0,On the top step a fat woman in a print dress holds out a licorice stick to a little girl.,180.0
1679,178,1712615885988,66.0,"Later on, we cross Everson Creek and turn into the picnic grounds.",197.0
1679,179,1712615886165,79.0,The creek runs under the bridge and into a large pond a few hundred yards away.,177.0
1679,180,1712615886355,28.0,I can see the men out there.,190.0
1679,181,1712615886546,33.0,I can see them out there fishing.,191.0
1679,182,1712615886721,31.0,So much water so close to home.,175.0
1679,183,1712615886899,43.0,"I say, ""Why did you have to go miles away?""",178.0
1679,184,1712615887063,25.0,"""Don't rile me,"" he says.",164.0
1679,185,1712615887235,29.0,We sit on a bench in the sun.,172.0
1679,186,1712615887392,25.0,He opens us cans of beer.,157.0
1679,187,1712615887571,25.0,"He says, ""Relax, Claire.""",178.0
1679,188,1712615887742,30.0,"""They said they were innocent.",171.0
1679,189,1712615887957,27.0,"They said they were crazy.""",215.0
1679,190,1712615888142,15.0,"He says, ""Who?""",185.0
1679,191,1712615888324,38.0,"He says, ""What are you talking about?""",182.0
1679,192,1712615888493,21.0,"""The Maddox brothers.",169.0
1679,193,1712615888694,54.0,They killed a girl named Arlene Hubly where I grew up.,201.0
1679,194,1712615888871,60.0,They cut off her head and threw her into the Cle Elum River.,177.0
1679,195,1712615889062,31.0,"It happened when I was a girl.""",191.0
1679,196,1712615889260,40.0,"""You're going to get me riled,"" he says.",198.0
1679,197,1712615889448,20.0,I look at the creek.,188.0
1679,198,1712615889634,79.0,"I'm right in it, eyes open, face down, staring at the moss on the bottom, dead.",186.0
1679,199,1712615889809,62.0,"""I don't know what's wrong with you,"" he says on the way home.",175.0
1679,200,1712615889997,45.0,"""You're getting me more riled by the minute.""",188.0
1679,201,1712615890182,34.0,There is nothing I can say to him.,185.0
1679,202,1712615890362,36.0,He tries to concentrate on the road.,180.0
1679,203,1712615890554,47.0,But he keeps looking into the rear-view mirror.,192.0
1679,204,1712615890712,9.0,He knows.,158.0
1679,205,1712615890876,3.0,***,164.0
1679,206,1712615891052,52.0,Stuart believes he is letting me sleep this morning.,176.0
1679,207,1712615891236,47.0,But I was awake long before the alarm went off.,184.0
1679,208,1712615891404,74.0,"I was thinking, lying on the far side of the bed away from his hairy legs.",168.0
1679,209,1712615891567,78.0,"He gets Dean off for school, and then he shaves, dresses, and leaves for work.",163.0
1679,210,1712615891728,40.0,Twice he looks in and clears his throat.,161.0
1679,211,1712615891899,26.0,But I keep my eyes closed.,171.0
1679,212,1712615892102,38.0,In the kitchen I find a note from him.,203.0
1679,213,1712615892276,19.0,"It's signed ""Love.""",174.0
1679,214,1712615892451,74.0,I sit in the breakfast nook and drink coffee and leave a ring on the note.,175.0
1679,215,1712615892606,67.0,I look at the newspaper and turn it this way and that on the table.,155.0
1679,216,1712615892944,43.0,Then I skid it close and read what it says.,338.0
1679,217,1712615893112,38.0,"The body has been identified, claimed.",168.0
1679,218,1712615893435,155.0,"But it took some examining it, some putting things into it, some cutting, some weighing, some measuring, some putting things back again and sewing them in.",323.0
1679,219,1712615893663,57.0,I sit for a long time holding the newspaper and thinking.,227.0
1679,220,1712615893812,51.0,Then I call up to get a chair at the hairdresser's.,148.0
1679,221,1712615894407,3.0,***,595.0
1679,222,1712615894803,75.0,I sit under the dryer with a magazine on my lap and let Marnie do my nails.,396.0
1679,223,1712615894989,42.0,"""I am going to a funeral tomorrow,"" I say.",186.0
1679,224,1712615895168,38.0,"""I'm sorry to hear that,"" Marnie says.",179.0
1679,225,1712615895353,25.0,"""It was a murder,"" I say.",185.0
1679,226,1712615895536,37.0,"""That's the worst kind,"" Marnie says.",183.0
1679,227,1712615895712,35.0,"""We weren't all that close,"" I say.",176.0
1679,228,1712615895891,15.0,"""But you know?""",179.0
1679,229,1712615896071,45.0,"""We'll get you fixed up for it,"" Marnie says.",180.0
1679,230,1712615896200,72.0,"That night I make my bed on the sofa, and in the morning I get up first.",129.0
1679,231,1712615896415,50.0,I put on coffee and fix breakfast while he shaves.,215.0
1679,232,1712615896600,76.0,"He appears in the kitchen doorway, towel over his bare shoulder, appraising.",185.0
1679,233,1712615896774,23.0,"""Here's coffee,"" I say.",174.0
1679,234,1712615896923,31.0,"""Eggs'll be ready in a minute.”",148.0
1679,235,1712615897128,37.0,"I wake Dean, and the three of us eat.",205.0
1679,236,1712615897288,79.0,"Whenever Stuart looks at me, I ask Dean if he wants more milk, more toast, etc.",160.0
1679,237,1712615897522,56.0,"""I'll call you today,"" Stuart says as he opens the door.",234.0
1679,238,1712615897663,42.0,"I say, ""I don't think I'll be home today.""",141.0
1679,239,1712615897779,21.0,"""All right,"" he says.",115.0
1679,240,1712615897897,7.0,"""Sure.""",118.0
1679,241,1712615898033,18.0,I dress carefully.,136.0
1679,242,1712615898149,48.0,I try on a hat and look at myself in the mirror.,116.0
1679,243,1712615898290,28.0,I write out a note for Dean.,141.0
1679,244,1712615898407,69.0,"Honey, Mommy has things to do this afternoon, but will be back later.",116.0
1679,245,1712615898532,61.0,You stay in or be in the backyard until one of us comes home.,125.0
1679,246,1712615898754,11.0,"Love, Mommy",222.0
1679,247,1712615898894,48.0,I look at the word Love and then I underline it.,140.0
1679,248,1712615899031,29.0,Then I see the word backyard.,137.0
1679,249,1712615899153,22.0,Is it one word or two?,122.0
1679,250,1712615899294,3.0,***,141.0
1679,251,1712615899524,121.0,"I drive through farm country, through fields of oats and sugar beets and past apple orchards, cattle grazing in pastures.",230.0
1679,252,1712615899741,99.0,"Then everything changes, more like shacks than farmhouses and stands of timber instead of orchards.",217.0
1679,253,1712615899856,78.0,"Then mountains, and on the right, far below, I sometimes see the Naches River.",114.0
1679,254,1712615899967,64.0,A green pickup comes up behind me and stays behind me for miles.,110.0
1679,255,1712615900102,55.0,"I keep slowing at the wrong times, hoping he will pass.",135.0
1679,256,1712615901128,16.0,Then I speed up.,1026.0
1679,257,1712615901293,36.0,"But this is at the wrong times, too.",165.0
1679,258,1712615901595,39.0,I grip the wheel until my fingers hurt.,302.0
1679,259,1712615901786,37.0,On a long clear stretch he goes past.,191.0
1679,260,1712615901968,73.0,"But he drives along beside for a bit, a crewcut man in a blue work shirt.",182.0
1679,261,1712615902123,24.0,We look each other over.,155.0
1679,262,1712615902306,53.0,"Then he waves, toots his horn, and pulls on up ahead.",182.0
1679,263,1712615902491,29.0,I slow down and find a place.,185.0
1679,264,1712615902668,35.0,I pull over and shut off the motor.,177.0
1679,265,1712615902840,42.0,I can hear the river down below the trees.,172.0
1679,266,1712615903033,35.0,Then I hear the pickup coming back.,193.0
1679,267,1712615903204,41.0,I lock the doors and roll up the windows.,171.0
1679,268,1712615903385,30.0,"""You all right?"" the man says.",181.0
1679,269,1712615903589,21.0,He raps on the glass.,204.0
1679,270,1712615903764,11.0,"""You okay?""",175.0
1679,271,1712615903939,64.0,He leans his arms on the door and brings his face to the window.,175.0
1679,272,1712615904125,15.0,I stare at him.,185.0
1679,273,1712615904283,30.0,I can't think what else to do.,158.0
1679,274,1712615904469,34.0,"""Is everything all right in there?",186.0
1679,275,1712615904644,31.0,"How come you're all locked up?""",174.0
1679,276,1712615904827,16.0,I shake my head.,183.0
1679,277,1712615905018,24.0,"""Roll down your window.""",191.0
1679,278,1712615905191,64.0,He shakes his head and looks at the highway and then back at me.,172.0
1679,279,1712615905391,19.0,"""Roll it down now.""",200.0
1679,280,1712615905584,32.0,"""Please,"" I say, ""I have to go.""",193.0
1679,281,1712615905766,50.0,"""Open the door,"" he says as if he isn't listening.",182.0
1679,282,1712615905955,33.0,"""You're going to choke in there.""",189.0
1679,283,1712615906136,32.0,"He looks at my breasts, my legs.",181.0
1679,284,1712615906321,34.0,I can tell that's what he's doing.,184.0
1679,285,1712615906505,22.0,"""Hey, sugar,"" he says.",184.0
1679,286,1712615906677,31.0,"""I'm just here to help is all.""",172.0
1679,287,1712615906913,3.0,***,236.0
1679,288,1712615907030,52.0,The casket is closed and covered with floral sprays.,117.0
1679,289,1712615907155,45.0,The organ starts up the minute I take a seat.,125.0
1679,290,1712615907274,40.0,People are coming in and finding chairs.,118.0
1679,291,1712615907390,63.0,There's a boy in flared pants and a yellow short-sleeved shirt.,116.0
1679,292,1712615907634,100.0,A door opens and the family comes in in a group and moves over to a curtained place off to one side.,244.0
1679,293,1712615907916,39.0,Chairs creak as everybody gets settled.,282.0
1679,294,1712615908126,83.0,"Directly, a nice blond man in a nice dark suit stands and asks us to bow our heads.",210.0
1679,295,1712615908373,105.0,"He says a prayer for us, the living, and when he finishes, he says a prayer for the soul of the departed.",247.0
1679,296,1712615908606,43.0,Along with the others I go past the casket.,233.0
1679,297,1712615908710,66.0,Then I move out onto the front steps and into the afternoon light.,104.0
1679,298,1712615908951,66.0,There's a woman who limps as she goes down the stairs ahead of me.,240.0
1679,299,1712615909105,33.0,On the sidewalk she looks around.,154.0
1679,300,1712615909368,31.0,"""Well, they got him,"" she says.",263.0
1679,301,1712615909627,27.0,"""If that's any consolation.",259.0
1679,302,1712615909873,31.0,They arrested him this morning.,246.0
1679,303,1712615909977,38.0,I heard it on the radio before I come.,104.0
1679,304,1712615910119,26.0,"A boy right here in town.""",142.0
1679,305,1712615910491,42.0,We move a few steps down the hot sidewalk.,371.0
1679,306,1712615910624,25.0,People are starting cars.,133.0
1679,307,1712615910741,49.0,I put out my hand and hold on to a parking meter.,117.0
1679,308,1712615910886,36.0,Polished hoods and polished fenders.,145.0
1679,309,1712615911092,14.0,My head swims.,206.0
1679,310,1712615911224,41.0,"I say, ""They have friends, these killers.",132.0
1679,311,1712615911360,16.0,"You can't tell.""",136.0
1679,312,1712615911499,70.0,"""I have known that child since she was a little girl,"" the woman says.",139.0
1679,313,1712615911621,93.0,"""She used to come over and I'd bake cookies for her and let her eat them in front of the TV.""",122.0
1679,314,1712615912178,3.0,***,557.0
1679,315,1712615912593,76.0,"Back home, Stuart sits at the table with a drink of whiskey in front of him.",415.0
1679,316,1712615912782,57.0,For a crazy instant I think something's happened to Dean.,189.0
1679,317,1712615913202,14.0,"""Where is he?""",420.0
1679,318,1712615913550,6.0,I say.,348.0
1679,319,1712615913757,16.0,"""Where is Dean?""",207.0
1679,320,1712615914023,27.0,"""Outside,"" my husband says.",266.0
1679,321,1712615914242,34.0,He drains his glass and stands up.,219.0
1679,322,1712615914452,40.0,"He says, ""I think I know what you need.""",210.0
1679,323,1712615914662,138.0,He reaches an arm around my waist and with his other hand he begins to unbutton my jacket and then he goes on to the buttons of my blouse.,210.0
1679,324,1712615915275,30.0,"""First things first,"" he says.",613.0
1679,325,1712615915614,23.0,He says something else.,339.0
1679,326,1712615915841,27.0,But I don't need to listen.,227.0
1679,327,1712615915984,46.0,I can't hear a thing with so much water going.,143.0
1679,328,1712615916208,3.0,***,224.0
1703,117,1712421013662,3.0,***,13335.0
1703,118,1712421016831,37.0,My husband eats with a good appetite.,3169.0
1703,119,1712421018926,37.0,But I don't think he's really hungry.,2095.0
1703,120,1712421025206,69.0,"He chews, arms on the table, and stares at something across the room.",6280.0
1703,121,1712421027062,30.0,He looks at me and looks away.,1856.0
1703,122,1712421030319,33.0,He wipes his mouth on the napkin.,3256.0
1703,123,1712421031886,30.0,"He shrugs, and goes on eating.",1567.0
1703,124,1712421033670,42.0,"""What are you staring at me for?"" he says.",1784.0
1703,125,1712421035550,45.0,"""What is it?"" he says and lays down his fork.",1880.0
1703,126,1712421037142,42.0,"""Was I staring?"" I say, and shake my head.",1592.0
1703,127,1712421038262,20.0,The telephone rings.,1120.0
1703,128,1712421039510,27.0,"""Don't answer it,"" he says.",1248.0
1703,129,1712421041366,33.0,"""It might be your mother,"" I say.",1856.0
1703,130,1712421043310,25.0,"""Watch and see,"" he says.",1944.0
1703,131,1712421045374,34.0,I pick up the receiver and listen.,2064.0
1703,132,1712421046849,24.0,My husband stops eating.,1475.0
1703,133,1712421048982,46.0,"""What did I tell you?"" he says when I hang up.",2133.0
1703,134,1712421050486,23.0,He starts to eat again.,1504.0
1703,135,1712421052734,36.0,Then throws his napkin on his plate.,2248.0
1703,136,1712421054702,63.0,"He says, ""Goddamn it, why can't people mind their own business?",1968.0
1703,137,1712421056566,41.0,Tell me what I did wrong and I'll listen!,1864.0
1703,138,1712421058838,28.0,I wasn't the only man there.,2272.0
1703,139,1712421061093,37.0,We talked it over and we all decided.,2255.0
1703,140,1712421062149,29.0,We couldn't just turn around.,1056.0
1703,141,1712421063981,32.0,We were five miles from the car.,1832.0
1703,142,1712421066085,34.0,I won't have you passing judgment.,2104.0
1703,143,1712421067109,13.0,"Do you hear?""",1024.0
1703,144,1712421068773,18.0,"""You know,"" I say.",1664.0
1703,145,1712421071358,33.0,"He says, ""What do I know, Claire?",2585.0
1703,146,1712421072957,34.0,Tell me what I'm supposed to know.,1599.0
1703,147,1712421074749,40.0,"I don't know anything except one thing?""",1792.0
1703,148,1712421076526,48.0,He gives me what he thinks is a meaningful look.,1777.0
1703,149,1712421078317,24.0,"""She was dead,"" he says.",1791.0
1703,150,1712421080117,33.0,"""And I'm as sorry as anyone else.",1800.0
1703,151,1712421080990,18.0,"But she was dead.""",873.0
1703,152,1712421082013,26.0,"""That's the point,"" I say.",1023.0
1703,153,1712421082909,20.0,He raises his hands.,896.0
1703,154,1712421084989,40.0,He pushes his chair away from the table.,2080.0
1703,155,1712421088149,72.0,He takes out his cigarettes and goes out to the back with a can of beer.,3160.0
1703,156,1712421109669,64.0,I see him sit in the lawn chair and pick up the newspaper again.,21520.0
1703,157,1712421118533,39.0,His name is in there on the first page.,8864.0
1703,158,1712421124869,36.0,Along with the names of his friends.,6336.0
1703,159,1712421127238,40.0,I close my eyes and hold on to the sink.,2369.0
1703,160,1712421129805,74.0,Then I rake my arm across the drainboard and send the dishes to the floor.,2567.0
1703,161,1712421131381,16.0,He doesn't move.,1576.0
1703,162,1712421132693,18.0,I know he's heard.,1312.0
1703,163,1712421135285,40.0,He lifts his head as if still listening.,2592.0
1703,164,1712421137077,30.0,But he doesn't move otherwise.,1792.0
1703,165,1712421139733,23.0,He doesn't turn around.,2656.0
1703,166,1712421141373,3.0,***,1640.0
1703,167,1712421147198,88.0,"He and Gordon Johnson and Mel Dorn and Vern Williams, they play poker and bowl and fish.",5825.0
1703,168,1712421155477,85.0,They fish every spring and early summer before visiting relatives can get in the way.,8279.0
1703,169,1712421159437,65.0,"They are decent men, family men, men who take care of their jobs.",3960.0
1703,170,1712421164246,65.0,"They have sons and daughters who go to school with our son, Dean.",4809.0
1703,171,1712421171365,55.0,Last Friday these family men left for the Naches River.,7119.0
1703,172,1712421174501,76.0,They parked the car in the mountains and hiked to where they wanted to fish.,3136.0
1703,173,1712421177029,76.0,"They carried their bedrolls, their food, their playing cards, their whiskey.",2528.0
1703,174,1712421180141,42.0,They saw the girl before they set up camp.,3112.0
1703,175,1712421182141,19.0,Mel Dorn found her.,2000.0
1703,176,1712421183590,25.0,No clothes on her at all.,1449.0
1703,177,1712421187077,64.0,She was wedged into some branches that stuck out over the water.,3487.0
1703,178,1712421189277,43.0,He called the others and they came to look.,2200.0
1703,179,1712421190573,29.0,They talked about what to do.,1296.0
1703,180,1712421195861,82.0,One of the men - my Stuart didn't say which - said they should start back at once.,5288.0
1703,181,1712421199653,86.0,"The others stirred the sand with their shoes, said they didn't feel inclined that way.",3792.0
1703,182,1712421203485,82.0,"They pleaded fatigue, the late hour, the fact that the girl wasn't going anywhere.",3832.0
1703,183,1712421205429,47.0,In the end they went ahead and set up the camp.,1944.0
1703,184,1712421206733,42.0,They built a fire and drank their whiskey.,1304.0
1703,185,1712421208357,50.0,"When the moon came up, they talked about the girl.",1624.0
1703,186,1712421210404,59.0,Someone said they should -keep the body from drifting away.,2047.0
1703,187,1712421211805,55.0,They took their flashlights and went back to the river.,1400.0
1703,188,1712421214109,66.0,One of the men - it might have been Stuart - waded in and got her.,2304.0
1703,189,1712421216005,53.0,He took her by the fingers and pulled her into shore.,1896.0
1703,190,1712421219365,87.0,He got some nylon cord and tied it to her wrist and then looped the rest around a tree.,3359.0
1703,191,1712421223428,99.0,"The next morning they cooked breakfast, drank coffee, and drank whiskey, and then split up to fish.",4063.0
1703,192,1712421229173,182.0,"That night they cooked fish, cooked potatoes, drank coffee, drank whiskey, then took their cooking things and eating things back down to the river and washed them where the girl was.",5744.0
1703,193,1712421231101,32.0,They played some cards later on.,1928.0
1703,194,1712421233980,55.0,Maybe they played until they couldn't see them anymore.,2879.0
1703,195,1712421235030,28.0,Vern Williams went to sleep.,1048.0
1703,196,1712421235941,28.0,But the others told stories.,910.0
1703,197,1712421239877,100.0,Gordon Johnson said the trout they'd caught were hard because of the terrible coldness of the water.,3936.0
1703,198,1712421243781,154.0,"The next morning they got up late, drank whiskey, fished a little, took down their tents, rolled their sleeping bags, gathered their stuff, and hiked out.",3904.0
1703,199,1712421245268,41.0,They drove until they got to a telephone.,1487.0
1703,200,1712421247653,86.0,It was Stuart who made the call while the others stood around in the sun and listened.,2385.0
1703,201,1712421248885,32.0,He gave the sheriff their names.,1232.0
1703,202,1712421249901,25.0,They had nothing to hide.,1016.0
1703,203,1712421250901,21.0,They weren't ashamed.,999.0
1703,204,1712421254765,100.0,They said they'd wait until someone could come for better directions and take down their statements.,3864.0
1703,205,1712421255845,3.0,***,1080.0
1703,206,1712421257013,30.0,I was asleep when he got home.,1168.0
1703,207,1712421259165,46.0,But I woke up when I heard him in the kitchen.,2152.0
1703,208,1712421260789,64.0,I found him leaning against the refrigerator with a can of beer.,1624.0
1703,209,1712421264157,68.0,He put his heavy arms around me and rubbed his big hands on my back.,3368.0
1703,210,1712421267125,85.0,In bed he put his hands on me again and then waited as if thinking of something else.,2968.0
1703,211,1712421269125,28.0,I turned and opened my legs.,2000.0
1703,212,1712421271373,36.0,"Afterwards, I think he stayed awake.",2248.0
1703,213,1712421275101,53.0,He was up that morning before I could get out of bed.,3728.0
1703,214,1712421277005,54.0,"To see if there was something in the paper, I suppose.",1903.0
1703,215,1712421278349,46.0,The telephone began ringing right after eight.,1344.0
1703,216,1712421278917,13.0,"""Go to hell!""",567.0
1703,217,1712421279726,18.0,I heard him shout.,809.0
1703,218,1712421280717,31.0,The telephone rang right again.,991.0
1703,219,1712421282573,59.0,"""I have nothing to add to what I already told the sheriff!""",1855.0
1703,220,1712421283284,29.0,He slammed the receiver down.,711.0
1703,221,1712421283909,27.0,"""What is going on?"" I said.",624.0
1703,222,1712421286389,49.0,It was then that he told me what I just told you.,2480.0
1703,223,1712421288860,3.0,***,2471.0
1703,224,1712421290316,44.0,I sweep up the broken dishes and go outside.,1455.0
1703,225,1712421293196,85.0,"He is lying on his back on the grass now, the newspaper and can of beer within reach.",2879.0
1703,226,1712421295212,41.0,"""Stuart, could we go for a drive?"" I say.",2016.0
1703,227,1712421296420,30.0,He rolls over and looks at me.,1208.0
1703,228,1712421297628,37.0,"""We'll pick up some beer,"" he says...",1208.0
1703,229,1712421300565,62.0,He gets to his feet and touches me on the hip as he goes past.,2936.0
1703,230,1712421301300,28.0,"""Give me a minute,"" he says.",735.0
1703,231,1712421302628,39.0,We drive through town without speaking.,1328.0
1703,232,1712421304108,39.0,He stops at a roadside market for beer.,1480.0
1703,233,1712421305852,54.0,I notice a great stack of papers just inside the door.,1744.0
1703,234,1712421309317,89.0,On the top step a fat woman in a print dress holds out a licorice stick to a little girl.,3465.0
1703,235,1712421311637,66.0,"Later on, we cross Everson Creek and turn into the picnic grounds.",2320.0
1703,236,1712421326613,79.0,The creek runs under the bridge and into a large pond a few hundred yards away.,14976.0
1703,237,1712421331469,28.0,I can see the men out there.,4856.0
1703,238,1712421332757,33.0,I can see them out there fishing.,1288.0
1703,239,1712421337038,31.0,So much water so close to home.,4281.0
1703,240,1712421355693,43.0,"I say, ""Why did you have to go miles away?""",18655.0
1703,241,1712421356613,25.0,"""Don't rile me,"" he says.",920.0
1703,242,1712421358141,29.0,We sit on a bench in the sun.,1528.0
1703,243,1712421359013,25.0,He opens us cans of beer.,872.0
1703,244,1712421359957,25.0,"He says, ""Relax, Claire.""",944.0
1703,245,1712421361676,30.0,"""They said they were innocent.",1719.0
1703,246,1712421363261,27.0,"They said they were crazy.""",1584.0
1703,247,1712421364077,15.0,"He says, ""Who?""",816.0
1703,248,1712421366013,38.0,"He says, ""What are you talking about?""",1936.0
1703,249,1712421367069,21.0,"""The Maddox brothers.",1056.0
1703,250,1712421370238,54.0,They killed a girl named Arlene Hubly where I grew up.,3169.0
1703,251,1712421371814,60.0,They cut off her head and threw her into the Cle Elum River.,1576.0
1703,252,1712421376828,31.0,"It happened when I was a girl.""",5014.0
1703,253,1712421378684,40.0,"""You're going to get me riled,"" he says.",1856.0
1703,254,1712421379748,20.0,I look at the creek.,1064.0
1703,255,1712421382877,79.0,"I'm right in it, eyes open, face down, staring at the moss on the bottom, dead.",3129.0
1703,256,1712421384868,62.0,"""I don't know what's wrong with you,"" he says on the way home.",1991.0
1703,257,1712421386116,45.0,"""You're getting me more riled by the minute.""",1248.0
1703,258,1712421387068,34.0,There is nothing I can say to him.,952.0
1703,259,1712421388309,36.0,He tries to concentrate on the road.,1241.0
1703,260,1712421390180,47.0,But he keeps looking into the rear-view mirror.,1871.0
1703,261,1712421391084,9.0,He knows.,904.0
1703,262,1712421393389,3.0,***,2305.0
1703,263,1712421395692,52.0,Stuart believes he is letting me sleep this morning.,2303.0
1703,264,1712421396940,47.0,But I was awake long before the alarm went off.,1248.0
1703,265,1712421400500,74.0,"I was thinking, lying on the far side of the bed away from his hairy legs.",3560.0
1703,266,1712421403220,78.0,"He gets Dean off for school, and then he shaves, dresses, and leaves for work.",2720.0
1703,267,1712421404732,40.0,Twice he looks in and clears his throat.,1512.0
1703,268,1712421406020,26.0,But I keep my eyes closed.,1288.0
1703,269,1712421407292,38.0,In the kitchen I find a note from him.,1272.0
1703,270,1712421408444,19.0,"It's signed ""Love.""",1152.0
1703,271,1712421411756,74.0,I sit in the breakfast nook and drink coffee and leave a ring on the note.,3312.0
1703,272,1712421417804,67.0,I look at the newspaper and turn it this way and that on the table.,6048.0
1703,273,1712421419788,43.0,Then I skid it close and read what it says.,1984.0
1703,274,1712421421268,38.0,"The body has been identified, claimed.",1480.0
1703,275,1712421426068,155.0,"But it took some examining it, some putting things into it, some cutting, some weighing, some measuring, some putting things back again and sewing them in.",4800.0
1703,276,1712421427804,57.0,I sit for a long time holding the newspaper and thinking.,1736.0
1703,277,1712421431803,51.0,Then I call up to get a chair at the hairdresser's.,3999.0
1703,278,1712421433556,3.0,***,1752.0
1703,279,1712421436124,75.0,I sit under the dryer with a magazine on my lap and let Marnie do my nails.,2568.0
1703,280,1712421437419,42.0,"""I am going to a funeral tomorrow,"" I say.",1295.0
1703,281,1712421438755,38.0,"""I'm sorry to hear that,"" Marnie says.",1335.0
1703,282,1712421440149,25.0,"""It was a murder,"" I say.",1394.0
1703,283,1712421441212,37.0,"""That's the worst kind,"" Marnie says.",1062.0
1703,284,1712421442915,35.0,"""We weren't all that close,"" I say.",1703.0
1703,285,1712421444219,15.0,"""But you know?""",1304.0
1703,286,1712421445939,45.0,"""We'll get you fixed up for it,"" Marnie says.",1720.0
1703,287,1712421448964,72.0,"That night I make my bed on the sofa, and in the morning I get up first.",3025.0
1703,288,1712421450299,50.0,I put on coffee and fix breakfast while he shaves.,1335.0
1703,289,1712421452740,76.0,"He appears in the kitchen doorway, towel over his bare shoulder, appraising.",2441.0
1703,290,1712421453699,23.0,"""Here's coffee,"" I say.",959.0
1703,291,1712421454894,31.0,"""Eggs'll be ready in a minute.”",1195.0
1703,292,1712421456131,37.0,"I wake Dean, and the three of us eat.",1237.0
1703,293,1712421458844,79.0,"Whenever Stuart looks at me, I ask Dean if he wants more milk, more toast, etc.",2713.0
1703,294,1712421460732,56.0,"""I'll call you today,"" Stuart says as he opens the door.",1888.0
1703,295,1712421463032,42.0,"I say, ""I don't think I'll be home today.""",2300.0
1703,296,1712421463836,21.0,"""All right,"" he says.",804.0
1703,297,1712421464363,7.0,"""Sure.""",527.0
1703,298,1712421465139,18.0,I dress carefully.,776.0
1703,299,1712421466979,48.0,I try on a hat and look at myself in the mirror.,1840.0
1703,300,1712421467891,28.0,I write out a note for Dean.,912.0
1703,301,1712421470067,69.0,"Honey, Mommy has things to do this afternoon, but will be back later.",2176.0
1703,302,1712421472379,61.0,You stay in or be in the backyard until one of us comes home.,2312.0
1703,303,1712421472971,11.0,"Love, Mommy",592.0
1703,304,1712421474859,48.0,I look at the word Love and then I underline it.,1888.0
1703,305,1712421475811,29.0,Then I see the word backyard.,952.0
1703,306,1712421476875,22.0,Is it one word or two?,1064.0
1703,307,1712421478171,3.0,***,1296.0
1703,308,1712421482659,121.0,"I drive through farm country, through fields of oats and sugar beets and past apple orchards, cattle grazing in pastures.",4488.0
1703,309,1712421485443,99.0,"Then everything changes, more like shacks than farmhouses and stands of timber instead of orchards.",2784.0
1703,310,1712421488091,78.0,"Then mountains, and on the right, far below, I sometimes see the Naches River.",2648.0
1703,311,1712421490683,64.0,A green pickup comes up behind me and stays behind me for miles.,2592.0
1703,312,1712421492469,55.0,"I keep slowing at the wrong times, hoping he will pass.",1786.0
1703,313,1712421493356,16.0,Then I speed up.,887.0
1703,314,1712421495108,36.0,"But this is at the wrong times, too.",1752.0
1703,315,1712421496300,39.0,I grip the wheel until my fingers hurt.,1192.0
1703,316,1712421497508,37.0,On a long clear stretch he goes past.,1208.0
1703,317,1712421501460,73.0,"But he drives along beside for a bit, a crewcut man in a blue work shirt.",3952.0
1703,318,1712421502388,24.0,We look each other over.,928.0
1703,319,1712421506780,53.0,"Then he waves, toots his horn, and pulls on up ahead.",4392.0
1703,320,1712421507693,29.0,I slow down and find a place.,913.0
1703,321,1712421508764,35.0,I pull over and shut off the motor.,1071.0
1703,322,1712421509964,42.0,I can hear the river down below the trees.,1199.0
1703,323,1712421511236,35.0,Then I hear the pickup coming back.,1271.0
1703,324,1712421512268,41.0,I lock the doors and roll up the windows.,1031.0
1703,325,1712421513588,30.0,"""You all right?"" the man says.",1320.0
1703,326,1712421514508,21.0,He raps on the glass.,920.0
1703,327,1712421515124,11.0,"""You okay?""",616.0
1703,328,1712421517188,64.0,He leans his arms on the door and brings his face to the window.,2064.0
1703,329,1712421517947,15.0,I stare at him.,759.0
1703,330,1712421518900,30.0,I can't think what else to do.,952.0
1703,331,1712421520571,34.0,"""Is everything all right in there?",1671.0
1703,332,1712421521971,31.0,"How come you're all locked up?""",1399.0
1703,333,1712421522756,16.0,I shake my head.,784.0
1703,334,1712421524139,24.0,"""Roll down your window.""",1383.0
1703,335,1712421527029,64.0,He shakes his head and looks at the highway and then back at me.,2889.0
1703,336,1712421528212,19.0,"""Roll it down now.""",1183.0
1703,337,1712421529443,32.0,"""Please,"" I say, ""I have to go.""",1231.0
1703,338,1712421531043,50.0,"""Open the door,"" he says as if he isn't listening.",1600.0
1703,339,1712421532460,33.0,"""You're going to choke in there.""",1417.0
1703,340,1712421534083,32.0,"He looks at my breasts, my legs.",1623.0
1703,341,1712421536083,34.0,I can tell that's what he's doing.,2000.0
1703,342,1712421537083,22.0,"""Hey, sugar,"" he says.",1000.0
1703,343,1712421538612,31.0,"""I'm just here to help is all.""",1529.0
1703,344,1712421539715,3.0,***,1103.0
1703,345,1712421541067,52.0,The casket is closed and covered with floral sprays.,1352.0
1703,346,1712421542795,45.0,The organ starts up the minute I take a seat.,1728.0
1703,347,1712421544843,40.0,People are coming in and finding chairs.,2048.0
1703,348,1712421547396,63.0,There's a boy in flared pants and a yellow short-sleeved shirt.,2553.0
1703,349,1712421554507,100.0,A door opens and the family comes in in a group and moves over to a curtained place off to one side.,7111.0
1703,350,1712421557315,39.0,Chairs creak as everybody gets settled.,2808.0
1703,351,1712421560147,83.0,"Directly, a nice blond man in a nice dark suit stands and asks us to bow our heads.",2832.0
1703,352,1712421580571,105.0,"He says a prayer for us, the living, and when he finishes, he says a prayer for the soul of the departed.",20424.0
1703,353,1712421581771,43.0,Along with the others I go past the casket.,1200.0
1703,354,1712421598523,66.0,Then I move out onto the front steps and into the afternoon light.,16752.0
1703,355,1712421601171,66.0,There's a woman who limps as she goes down the stairs ahead of me.,2648.0
1703,356,1712421602643,33.0,On the sidewalk she looks around.,1472.0
1703,357,1712421604195,31.0,"""Well, they got him,"" she says.",1552.0
1703,358,1712421605395,27.0,"""If that's any consolation.",1200.0
1703,359,1712421606675,31.0,They arrested him this morning.,1280.0
1703,360,1712421608299,38.0,I heard it on the radio before I come.,1624.0
1703,361,1712421609867,26.0,"A boy right here in town.""",1568.0
1703,362,1712421611771,42.0,We move a few steps down the hot sidewalk.,1904.0
1703,363,1712421612907,25.0,People are starting cars.,1136.0
1703,364,1712421615580,49.0,I put out my hand and hold on to a parking meter.,2673.0
1703,365,1712421617739,36.0,Polished hoods and polished fenders.,2159.0
1703,366,1712421618746,14.0,My head swims.,1007.0
1703,367,1712421620867,41.0,"I say, ""They have friends, these killers.",2121.0
1703,368,1712421622419,16.0,"You can't tell.""",1552.0
1703,369,1712421625003,70.0,"""I have known that child since she was a little girl,"" the woman says.",2584.0
1703,370,1712421628380,93.0,"""She used to come over and I'd bake cookies for her and let her eat them in front of the TV.""",3377.0
1703,371,1712421629476,3.0,***,1096.0
1703,372,1712421631779,76.0,"Back home, Stuart sits at the table with a drink of whiskey in front of him.",2303.0
1703,373,1712421634227,57.0,For a crazy instant I think something's happened to Dean.,2448.0
1703,374,1712421635154,14.0,"""Where is he?""",927.0
1703,375,1712421635843,6.0,I say.,689.0
1703,376,1712421637019,16.0,"""Where is Dean?""",1176.0
1703,377,1712421638044,27.0,"""Outside,"" my husband says.",1025.0
1703,378,1712421639331,34.0,He drains his glass and stands up.,1286.0
1703,379,1712421642395,40.0,"He says, ""I think I know what you need.""",3064.0
1703,380,1712421648107,138.0,He reaches an arm around my waist and with his other hand he begins to unbutton my jacket and then he goes on to the buttons of my blouse.,5712.0
1703,381,1712421649218,30.0,"""First things first,"" he says.",1111.0
1703,382,1712421650242,23.0,He says something else.,1024.0
1703,383,1712421651130,27.0,But I don't need to listen.,887.0
1703,384,1712421653067,46.0,I can't hear a thing with so much water going.,1936.0
1703,385,1712421654091,3.0,***,1024.0
1638,59,1712599680658,3.0,***,281533.0
1638,60,1712599685339,37.0,My husband eats with a good appetite.,4681.0
1638,61,1712599686059,37.0,But I don't think he's really hungry.,720.0
1638,62,1712599686515,69.0,"He chews, arms on the table, and stares at something across the room.",456.0
1638,63,1712599686905,30.0,He looks at me and looks away.,390.0
1638,64,1712599687159,33.0,He wipes his mouth on the napkin.,254.0
1638,65,1712599687403,30.0,"He shrugs, and goes on eating.",244.0
1638,66,1712599687649,42.0,"""What are you staring at me for?"" he says.",246.0
1638,67,1712599687923,45.0,"""What is it?"" he says and lays down his fork.",274.0
1638,68,1712599688336,42.0,"""Was I staring?"" I say, and shake my head.",412.0
1638,69,1712599688664,20.0,The telephone rings.,328.0
1638,70,1712599689019,27.0,"""Don't answer it,"" he says.",355.0
1638,71,1712599689591,33.0,"""It might be your mother,"" I say.",572.0
1638,72,1712599689955,25.0,"""Watch and see,"" he says.",364.0
1638,73,1712599690373,34.0,I pick up the receiver and listen.,418.0
1638,74,1712599690837,24.0,My husband stops eating.,464.0
1638,75,1712599691361,46.0,"""What did I tell you?"" he says when I hang up.",524.0
1638,76,1712599692938,23.0,He starts to eat again.,1577.0
1638,77,1712599693715,36.0,Then throws his napkin on his plate.,777.0
1638,78,1712599694141,63.0,"He says, ""Goddamn it, why can't people mind their own business?",425.0
1638,79,1712599694549,41.0,Tell me what I did wrong and I'll listen!,408.0
1638,80,1712599694926,28.0,I wasn't the only man there.,376.0
1638,81,1712599695314,37.0,We talked it over and we all decided.,387.0
1638,82,1712599695670,29.0,We couldn't just turn around.,356.0
1638,83,1712599696045,32.0,We were five miles from the car.,375.0
1638,84,1712599696425,34.0,I won't have you passing judgment.,380.0
1638,85,1712599696802,13.0,"Do you hear?""",377.0
1638,86,1712599697209,18.0,"""You know,"" I say.",407.0
1638,87,1712599697595,33.0,"He says, ""What do I know, Claire?",386.0
1638,88,1712599697989,34.0,Tell me what I'm supposed to know.,394.0
1638,89,1712599698383,40.0,"I don't know anything except one thing?""",394.0
1638,90,1712599698771,48.0,He gives me what he thinks is a meaningful look.,388.0
1638,91,1712599699174,24.0,"""She was dead,"" he says.",403.0
1638,92,1712599699614,33.0,"""And I'm as sorry as anyone else.",440.0
1638,93,1712599700027,18.0,"But she was dead.""",413.0
1638,94,1712599700447,26.0,"""That's the point,"" I say.",420.0
1638,95,1712599700867,20.0,He raises his hands.,420.0
1638,96,1712599701270,40.0,He pushes his chair away from the table.,403.0
1638,97,1712599701666,72.0,He takes out his cigarettes and goes out to the back with a can of beer.,396.0
1638,98,1712599702084,64.0,I see him sit in the lawn chair and pick up the newspaper again.,418.0
1638,99,1712599702479,39.0,His name is in there on the first page.,395.0
1638,100,1712599702904,36.0,Along with the names of his friends.,425.0
1638,101,1712599703275,40.0,I close my eyes and hold on to the sink.,371.0
1638,102,1712599703652,74.0,Then I rake my arm across the drainboard and send the dishes to the floor.,377.0
1638,103,1712599704051,16.0,He doesn't move.,399.0
1638,104,1712599704463,18.0,I know he's heard.,412.0
1638,105,1712599704867,40.0,He lifts his head as if still listening.,403.0
1638,106,1712599705234,30.0,But he doesn't move otherwise.,367.0
1638,107,1712599705622,23.0,He doesn't turn around.,388.0
1638,108,1712599705989,3.0,***,367.0
1638,109,1712599706633,88.0,"He and Gordon Johnson and Mel Dorn and Vern Williams, they play poker and bowl and fish.",644.0
1638,110,1712599707052,85.0,They fish every spring and early summer before visiting relatives can get in the way.,419.0
1638,111,1712599707449,65.0,"They are decent men, family men, men who take care of their jobs.",397.0
1638,112,1712599707790,65.0,"They have sons and daughters who go to school with our son, Dean.",341.0
1638,113,1712599708166,55.0,Last Friday these family men left for the Naches River.,375.0
1638,114,1712599709155,76.0,They parked the car in the mountains and hiked to where they wanted to fish.,989.0
1638,115,1712599709488,76.0,"They carried their bedrolls, their food, their playing cards, their whiskey.",332.0
1638,116,1712599710178,42.0,They saw the girl before they set up camp.,690.0
1638,117,1712599710592,19.0,Mel Dorn found her.,414.0
1638,118,1712599710951,25.0,No clothes on her at all.,359.0
1638,119,1712599711697,64.0,She was wedged into some branches that stuck out over the water.,746.0
1638,120,1712599712141,43.0,He called the others and they came to look.,444.0
1638,121,1712599713492,29.0,They talked about what to do.,1351.0
1638,122,1712599713919,82.0,One of the men - my Stuart didn't say which - said they should start back at once.,427.0
1638,123,1712599714403,86.0,"The others stirred the sand with their shoes, said they didn't feel inclined that way.",484.0
1638,124,1712599714862,82.0,"They pleaded fatigue, the late hour, the fact that the girl wasn't going anywhere.",459.0
1638,125,1712599716482,47.0,In the end they went ahead and set up the camp.,1620.0
1638,126,1712599716918,42.0,They built a fire and drank their whiskey.,436.0
1638,127,1712599717294,50.0,"When the moon came up, they talked about the girl.",375.0
1638,128,1712599717676,59.0,Someone said they should -keep the body from drifting away.,382.0
1638,129,1712599718070,55.0,They took their flashlights and went back to the river.,394.0
1638,130,1712599718508,66.0,One of the men - it might have been Stuart - waded in and got her.,438.0
1638,131,1712599718919,53.0,He took her by the fingers and pulled her into shore.,411.0
1638,132,1712599719311,87.0,He got some nylon cord and tied it to her wrist and then looped the rest around a tree.,392.0
1638,133,1712599719762,99.0,"The next morning they cooked breakfast, drank coffee, and drank whiskey, and then split up to fish.",451.0
1638,134,1712599720200,182.0,"That night they cooked fish, cooked potatoes, drank coffee, drank whiskey, then took their cooking things and eating things back down to the river and washed them where the girl was.",438.0
1638,135,1712599720683,32.0,They played some cards later on.,483.0
1638,136,1712599721099,55.0,Maybe they played until they couldn't see them anymore.,416.0
1638,137,1712599721533,28.0,Vern Williams went to sleep.,434.0
1638,138,1712599721963,28.0,But the others told stories.,430.0
1638,139,1712599722389,100.0,Gordon Johnson said the trout they'd caught were hard because of the terrible coldness of the water.,425.0
1638,140,1712599722815,154.0,"The next morning they got up late, drank whiskey, fished a little, took down their tents, rolled their sleeping bags, gathered their stuff, and hiked out.",426.0
1638,141,1712599723215,41.0,They drove until they got to a telephone.,400.0
1638,142,1712599723604,86.0,It was Stuart who made the call while the others stood around in the sun and listened.,389.0
1638,143,1712599724008,32.0,He gave the sheriff their names.,404.0
1638,144,1712599724420,25.0,They had nothing to hide.,412.0
1638,145,1712599724798,21.0,They weren't ashamed.,378.0
1638,146,1712599725210,100.0,They said they'd wait until someone could come for better directions and take down their statements.,412.0
1638,147,1712599725764,3.0,***,553.0
1638,148,1712599726189,30.0,I was asleep when he got home.,425.0
1638,149,1712599726521,46.0,But I woke up when I heard him in the kitchen.,332.0
1638,150,1712599726849,64.0,I found him leaning against the refrigerator with a can of beer.,328.0
1638,151,1712599727152,68.0,He put his heavy arms around me and rubbed his big hands on my back.,303.0
1638,152,1712599727473,85.0,In bed he put his hands on me again and then waited as if thinking of something else.,321.0
1638,153,1712599727837,28.0,I turned and opened my legs.,364.0
1638,154,1712599728191,36.0,"Afterwards, I think he stayed awake.",353.0
1638,155,1712599728556,53.0,He was up that morning before I could get out of bed.,365.0
1638,156,1712599728916,54.0,"To see if there was something in the paper, I suppose.",360.0
1638,157,1712599729289,46.0,The telephone began ringing right after eight.,373.0
1638,158,1712599729892,13.0,"""Go to hell!""",603.0
1638,159,1712599730349,18.0,I heard him shout.,457.0
1638,160,1712599730802,31.0,The telephone rang right again.,453.0
1638,161,1712599731400,59.0,"""I have nothing to add to what I already told the sheriff!""",598.0
1638,162,1712599731931,29.0,He slammed the receiver down.,530.0
1638,163,1712599732839,27.0,"""What is going on?"" I said.",908.0
1638,164,1712599734229,49.0,It was then that he told me what I just told you.,1390.0
1638,165,1712599739931,3.0,***,5702.0
1638,166,1712599740467,44.0,I sweep up the broken dishes and go outside.,535.0
1638,167,1712599743373,85.0,"He is lying on his back on the grass now, the newspaper and can of beer within reach.",2906.0
1638,168,1712599744245,41.0,"""Stuart, could we go for a drive?"" I say.",872.0
1638,169,1712599744710,30.0,He rolls over and looks at me.,465.0
1638,170,1712599745201,37.0,"""We'll pick up some beer,"" he says...",491.0
1638,171,1712599746013,62.0,He gets to his feet and touches me on the hip as he goes past.,812.0
1638,172,1712599750962,28.0,"""Give me a minute,"" he says.",4949.0
1638,173,1712599751588,39.0,We drive through town without speaking.,626.0
1638,174,1712599752640,39.0,He stops at a roadside market for beer.,1052.0
1638,175,1712599753145,54.0,I notice a great stack of papers just inside the door.,505.0
1638,176,1712599753563,89.0,On the top step a fat woman in a print dress holds out a licorice stick to a little girl.,418.0
1638,177,1712599753992,66.0,"Later on, we cross Everson Creek and turn into the picnic grounds.",429.0
1638,178,1712599754427,79.0,The creek runs under the bridge and into a large pond a few hundred yards away.,435.0
1638,179,1712599754868,28.0,I can see the men out there.,441.0
1638,180,1712599755302,33.0,I can see them out there fishing.,434.0
1638,181,1712599755712,31.0,So much water so close to home.,410.0
1638,182,1712599756083,43.0,"I say, ""Why did you have to go miles away?""",371.0
1638,183,1712599756597,25.0,"""Don't rile me,"" he says.",514.0
1638,184,1712599757066,29.0,We sit on a bench in the sun.,469.0
1638,185,1712599757520,25.0,He opens us cans of beer.,453.0
1638,186,1712599757959,25.0,"He says, ""Relax, Claire.""",439.0
1638,187,1712599758456,30.0,"""They said they were innocent.",497.0
1638,188,1712599760435,27.0,"They said they were crazy.""",1978.0
1638,189,1712599765220,15.0,"He says, ""Who?""",4785.0
1638,190,1712599765604,38.0,"He says, ""What are you talking about?""",384.0
1638,191,1712599765994,21.0,"""The Maddox brothers.",390.0
1638,192,1712599766350,54.0,They killed a girl named Arlene Hubly where I grew up.,356.0
1638,193,1712599766666,60.0,They cut off her head and threw her into the Cle Elum River.,316.0
1638,194,1712599766981,31.0,"It happened when I was a girl.""",315.0
1638,195,1712599768913,40.0,"""You're going to get me riled,"" he says.",1932.0
1638,196,1712599769403,20.0,I look at the creek.,490.0
1638,197,1712599770335,79.0,"I'm right in it, eyes open, face down, staring at the moss on the bottom, dead.",932.0
1638,198,1712599771193,62.0,"""I don't know what's wrong with you,"" he says on the way home.",858.0
1638,199,1712599771617,45.0,"""You're getting me more riled by the minute.""",424.0
1638,200,1712599773317,34.0,There is nothing I can say to him.,1700.0
1638,201,1712599773883,36.0,He tries to concentrate on the road.,566.0
1638,202,1712599774448,47.0,But he keeps looking into the rear-view mirror.,564.0
1638,203,1712599776179,9.0,He knows.,1731.0
1638,204,1712599776695,3.0,***,516.0
1638,205,1712599777144,52.0,Stuart believes he is letting me sleep this morning.,449.0
1638,206,1712599778684,47.0,But I was awake long before the alarm went off.,1538.0
1638,207,1712599779151,74.0,"I was thinking, lying on the far side of the bed away from his hairy legs.",467.0
1638,208,1712599779696,78.0,"He gets Dean off for school, and then he shaves, dresses, and leaves for work.",545.0
1638,209,1712599782021,40.0,Twice he looks in and clears his throat.,2325.0
1638,210,1712599783034,26.0,But I keep my eyes closed.,1013.0
1638,211,1712599783881,38.0,In the kitchen I find a note from him.,847.0
1638,212,1712599789289,19.0,"It's signed ""Love.""",5408.0
1638,213,1712599789818,74.0,I sit in the breakfast nook and drink coffee and leave a ring on the note.,529.0
1638,214,1712599792022,67.0,I look at the newspaper and turn it this way and that on the table.,2204.0
1638,215,1712599792621,43.0,Then I skid it close and read what it says.,599.0
1638,216,1712599796847,38.0,"The body has been identified, claimed.",4226.0
1638,217,1712599798831,155.0,"But it took some examining it, some putting things into it, some cutting, some weighing, some measuring, some putting things back again and sewing them in.",1984.0
1638,218,1712599810035,57.0,I sit for a long time holding the newspaper and thinking.,11204.0
1638,219,1712599810566,51.0,Then I call up to get a chair at the hairdresser's.,531.0
1638,220,1712599811303,3.0,***,737.0
1638,221,1712599811881,75.0,I sit under the dryer with a magazine on my lap and let Marnie do my nails.,578.0
1638,222,1712599833804,42.0,"""I am going to a funeral tomorrow,"" I say.",21923.0
1638,223,1712599869015,38.0,"""I'm sorry to hear that,"" Marnie says.",35211.0
1638,224,1712599869579,25.0,"""It was a murder,"" I say.",564.0
1638,225,1712599869840,37.0,"""That's the worst kind,"" Marnie says.",261.0
1638,226,1712599915391,35.0,"""We weren't all that close,"" I say.",45551.0
1638,227,1712599915509,15.0,"""But you know?""",118.0
1638,228,1712599915982,45.0,"""We'll get you fixed up for it,"" Marnie says.",473.0
1638,229,1712599916292,72.0,"That night I make my bed on the sofa, and in the morning I get up first.",310.0
1638,230,1712599916573,50.0,I put on coffee and fix breakfast while he shaves.,280.0
1638,231,1712599916815,76.0,"He appears in the kitchen doorway, towel over his bare shoulder, appraising.",242.0
1638,232,1712599917092,23.0,"""Here's coffee,"" I say.",277.0
1638,233,1712599917401,31.0,"""Eggs'll be ready in a minute.”",309.0
1638,234,1712599917818,37.0,"I wake Dean, and the three of us eat.",417.0
1638,235,1712599918181,79.0,"Whenever Stuart looks at me, I ask Dean if he wants more milk, more toast, etc.",363.0
1638,236,1712599918650,56.0,"""I'll call you today,"" Stuart says as he opens the door.",468.0
1638,237,1712599919423,42.0,"I say, ""I don't think I'll be home today.""",773.0
1638,238,1712599919986,21.0,"""All right,"" he says.",563.0
1638,239,1712599923160,7.0,"""Sure.""",3174.0
1638,240,1712599923681,18.0,I dress carefully.,521.0
1638,241,1712599924106,48.0,I try on a hat and look at myself in the mirror.,425.0
1638,242,1712599924556,28.0,I write out a note for Dean.,450.0
1638,243,1712599925178,69.0,"Honey, Mommy has things to do this afternoon, but will be back later.",622.0
1638,244,1712599925824,61.0,You stay in or be in the backyard until one of us comes home.,646.0
1638,245,1712599926325,11.0,"Love, Mommy",501.0
1638,246,1712599926869,48.0,I look at the word Love and then I underline it.,544.0
1638,247,1712599927183,29.0,Then I see the word backyard.,314.0
1638,248,1712599927411,22.0,Is it one word or two?,228.0
1638,249,1712599927650,3.0,***,239.0
1638,250,1712599927995,121.0,"I drive through farm country, through fields of oats and sugar beets and past apple orchards, cattle grazing in pastures.",344.0
1638,251,1712599928385,99.0,"Then everything changes, more like shacks than farmhouses and stands of timber instead of orchards.",390.0
1638,252,1712599928776,78.0,"Then mountains, and on the right, far below, I sometimes see the Naches River.",391.0
1638,253,1712599929196,64.0,A green pickup comes up behind me and stays behind me for miles.,420.0
1638,254,1712599929706,55.0,"I keep slowing at the wrong times, hoping he will pass.",510.0
1638,255,1712599930011,16.0,Then I speed up.,304.0
1638,256,1712599930375,36.0,"But this is at the wrong times, too.",364.0
1638,257,1712599930734,39.0,I grip the wheel until my fingers hurt.,359.0
1638,258,1712599932956,37.0,On a long clear stretch he goes past.,2222.0
1638,259,1712599933483,73.0,"But he drives along beside for a bit, a crewcut man in a blue work shirt.",527.0
1638,260,1712600082740,24.0,We look each other over.,149257.0
1638,261,1712600082903,53.0,"Then he waves, toots his horn, and pulls on up ahead.",162.0
1638,262,1712600083083,29.0,I slow down and find a place.,180.0
1638,263,1712600083416,35.0,I pull over and shut off the motor.,332.0
1638,264,1712600083722,42.0,I can hear the river down below the trees.,306.0
1638,265,1712600088171,35.0,Then I hear the pickup coming back.,4449.0
1638,266,1712600088320,41.0,I lock the doors and roll up the windows.,149.0
1638,267,1712600088539,30.0,"""You all right?"" the man says.",219.0
1638,268,1712600088730,21.0,He raps on the glass.,191.0
1638,269,1712600088939,11.0,"""You okay?""",209.0
1638,270,1712600089144,64.0,He leans his arms on the door and brings his face to the window.,205.0
1638,271,1712600089354,15.0,I stare at him.,210.0
1638,272,1712600089546,30.0,I can't think what else to do.,192.0
1638,273,1712600089743,34.0,"""Is everything all right in there?",197.0
1638,274,1712600089915,31.0,"How come you're all locked up?""",172.0
1638,275,1712600090080,16.0,I shake my head.,164.0
1638,276,1712600090244,24.0,"""Roll down your window.""",164.0
1638,277,1712600090411,64.0,He shakes his head and looks at the highway and then back at me.,167.0
1638,278,1712600090720,19.0,"""Roll it down now.""",309.0
1638,279,1712600090877,32.0,"""Please,"" I say, ""I have to go.""",157.0
1638,280,1712600091049,50.0,"""Open the door,"" he says as if he isn't listening.",172.0
1638,281,1712600091230,33.0,"""You're going to choke in there.""",181.0
1638,282,1712600091388,32.0,"He looks at my breasts, my legs.",158.0
1638,283,1712600091567,34.0,I can tell that's what he's doing.,179.0
1638,284,1712600091875,22.0,"""Hey, sugar,"" he says.",308.0
1638,285,1712600092057,31.0,"""I'm just here to help is all.""",182.0
1638,286,1712600092220,3.0,***,163.0
1638,287,1712600092529,52.0,The casket is closed and covered with floral sprays.,308.0
1638,288,1712600092708,45.0,The organ starts up the minute I take a seat.,179.0
1638,289,1712600092898,40.0,People are coming in and finding chairs.,190.0
1638,290,1712600093075,63.0,There's a boy in flared pants and a yellow short-sleeved shirt.,177.0
1638,291,1712600093230,100.0,A door opens and the family comes in in a group and moves over to a curtained place off to one side.,155.0
1638,292,1712600093385,39.0,Chairs creak as everybody gets settled.,155.0
1638,293,1712600093540,83.0,"Directly, a nice blond man in a nice dark suit stands and asks us to bow our heads.",155.0
1638,294,1712600093660,105.0,"He says a prayer for us, the living, and when he finishes, he says a prayer for the soul of the departed.",120.0
1638,295,1712600093763,43.0,Along with the others I go past the casket.,103.0
1638,296,1712600093912,66.0,Then I move out onto the front steps and into the afternoon light.,149.0
1638,297,1712600094054,66.0,There's a woman who limps as she goes down the stairs ahead of me.,142.0
1638,298,1712600094285,33.0,On the sidewalk she looks around.,231.0
1638,299,1712600094500,31.0,"""Well, they got him,"" she says.",215.0
1638,300,1712600094660,27.0,"""If that's any consolation.",159.0
1638,301,1712600094824,31.0,They arrested him this morning.,164.0
1638,302,1712600094989,38.0,I heard it on the radio before I come.,165.0
1638,303,1712600095164,26.0,"A boy right here in town.""",174.0
1638,304,1712600095344,42.0,We move a few steps down the hot sidewalk.,180.0
1638,305,1712600095515,25.0,People are starting cars.,171.0
1638,306,1712600095702,49.0,I put out my hand and hold on to a parking meter.,187.0
1638,307,1712600095929,36.0,Polished hoods and polished fenders.,227.0
1638,308,1712600096173,14.0,My head swims.,244.0
1638,309,1712600096480,41.0,"I say, ""They have friends, these killers.",307.0
1638,310,1712600096704,16.0,"You can't tell.""",223.0
1638,311,1712600096958,70.0,"""I have known that child since she was a little girl,"" the woman says.",254.0
1638,312,1712600097211,93.0,"""She used to come over and I'd bake cookies for her and let her eat them in front of the TV.""",253.0
1638,313,1712600097461,3.0,***,250.0
1638,314,1712600097804,76.0,"Back home, Stuart sits at the table with a drink of whiskey in front of him.",343.0
1638,315,1712600098046,57.0,For a crazy instant I think something's happened to Dean.,242.0
1638,316,1712600098213,14.0,"""Where is he?""",166.0
1638,317,1712600098386,6.0,I say.,173.0
1638,318,1712600098505,16.0,"""Where is Dean?""",119.0
1638,319,1712600098656,27.0,"""Outside,"" my husband says.",151.0
1638,320,1712600098793,34.0,He drains his glass and stands up.,137.0
1638,321,1712600098935,40.0,"He says, ""I think I know what you need.""",142.0
1638,322,1712600099084,138.0,He reaches an arm around my waist and with his other hand he begins to unbutton my jacket and then he goes on to the buttons of my blouse.,149.0
1638,323,1712600099227,30.0,"""First things first,"" he says.",143.0
1638,324,1712600099362,23.0,He says something else.,135.0
1638,325,1712600099497,27.0,But I don't need to listen.,135.0
1638,326,1712600099624,46.0,I can't hear a thing with so much water going.,127.0
1638,327,1712600099760,3.0,***,136.0
1694,73,1712421867071,3.0,***,1876.0
1694,74,1712421871630,37.0,My husband eats with a good appetite.,4559.0
1694,75,1712421874875,37.0,But I don't think he's really hungry.,3245.0
1694,76,1712421880825,69.0,"He chews, arms on the table, and stares at something across the room.",5950.0
1694,77,1712421882945,30.0,He looks at me and looks away.,2120.0
1694,78,1712421884217,33.0,He wipes his mouth on the napkin.,1272.0
1694,79,1712421886206,30.0,"He shrugs, and goes on eating.",1989.0
1694,80,1712421896990,42.0,"""What are you staring at me for?"" he says.",10784.0
1694,81,1712421900964,45.0,"""What is it?"" he says and lays down his fork.",3974.0
1694,82,1712421907638,42.0,"""Was I staring?"" I say, and shake my head.",6674.0
1694,83,1712421910175,20.0,The telephone rings.,2537.0
1694,84,1712421915576,27.0,"""Don't answer it,"" he says.",5401.0
1694,85,1712421919807,33.0,"""It might be your mother,"" I say.",4231.0
1694,86,1712421921540,25.0,"""Watch and see,"" he says.",1733.0
1694,87,1712421923072,34.0,I pick up the receiver and listen.,1532.0
1694,88,1712421924591,24.0,My husband stops eating.,1519.0
1694,89,1712421927508,46.0,"""What did I tell you?"" he says when I hang up.",2917.0
1694,90,1712421928690,23.0,He starts to eat again.,1182.0
1694,91,1712421929860,36.0,Then throws his napkin on his plate.,1170.0
1694,92,1712421936865,63.0,"He says, ""Goddamn it, why can't people mind their own business?",7005.0
1694,93,1712421941691,41.0,Tell me what I did wrong and I'll listen!,4826.0
1694,94,1712421946345,28.0,I wasn't the only man there.,4654.0
1694,95,1712421950243,37.0,We talked it over and we all decided.,3898.0
1694,96,1712421952488,29.0,We couldn't just turn around.,2245.0
1694,97,1712421954425,32.0,We were five miles from the car.,1937.0
1694,98,1712421957814,34.0,I won't have you passing judgment.,3389.0
1694,99,1712421959742,13.0,"Do you hear?""",1928.0
1694,100,1712421962067,18.0,"""You know,"" I say.",2325.0
1694,101,1712421965667,33.0,"He says, ""What do I know, Claire?",3600.0
1694,102,1712421967392,34.0,Tell me what I'm supposed to know.,1725.0
1694,103,1712421970527,40.0,"I don't know anything except one thing?""",3135.0
1694,104,1712421975453,48.0,He gives me what he thinks is a meaningful look.,4926.0
1694,105,1712421977260,24.0,"""She was dead,"" he says.",1807.0
1694,106,1712421982311,33.0,"""And I'm as sorry as anyone else.",5051.0
1694,107,1712421983784,18.0,"But she was dead.""",1473.0
1694,108,1712421985010,26.0,"""That's the point,"" I say.",1226.0
1694,109,1712421985626,20.0,He raises his hands.,616.0
1694,110,1712421986785,40.0,He pushes his chair away from the table.,1159.0
1694,111,1712421989500,72.0,He takes out his cigarettes and goes out to the back with a can of beer.,2715.0
1694,112,1712421992670,64.0,I see him sit in the lawn chair and pick up the newspaper again.,3170.0
1694,113,1712421995918,39.0,His name is in there on the first page.,3248.0
1694,114,1712421998007,36.0,Along with the names of his friends.,2089.0
1694,115,1712422000389,40.0,I close my eyes and hold on to the sink.,2382.0
1694,116,1712422005483,74.0,Then I rake my arm across the drainboard and send the dishes to the floor.,5094.0
1694,117,1712422006211,16.0,He doesn't move.,728.0
1694,118,1712422007320,18.0,I know he's heard.,1109.0
1694,119,1712422009655,40.0,He lifts his head as if still listening.,2335.0
1694,120,1712422010557,30.0,But he doesn't move otherwise.,902.0
1694,121,1712422011602,23.0,He doesn't turn around.,1045.0
1694,122,1712422012473,3.0,***,871.0
1694,123,1712422026557,88.0,"He and Gordon Johnson and Mel Dorn and Vern Williams, they play poker and bowl and fish.",14084.0
1694,124,1712422033204,85.0,They fish every spring and early summer before visiting relatives can get in the way.,6647.0
1694,125,1712422036012,65.0,"They are decent men, family men, men who take care of their jobs.",2807.0
1694,126,1712422040758,65.0,"They have sons and daughters who go to school with our son, Dean.",4746.0
1694,127,1712422045793,55.0,Last Friday these family men left for the Naches River.,5035.0
1694,128,1712422048500,76.0,They parked the car in the mountains and hiked to where they wanted to fish.,2707.0
1694,129,1712422051143,76.0,"They carried their bedrolls, their food, their playing cards, their whiskey.",2643.0
1694,130,1712422052728,42.0,They saw the girl before they set up camp.,1585.0
1694,131,1712422056200,19.0,Mel Dorn found her.,3471.0
1694,132,1712422057591,25.0,No clothes on her at all.,1391.0
1694,133,1712422062117,64.0,She was wedged into some branches that stuck out over the water.,4526.0
1694,134,1712422063852,43.0,He called the others and they came to look.,1735.0
1694,135,1712422065002,29.0,They talked about what to do.,1150.0
1694,136,1712422074166,82.0,One of the men - my Stuart didn't say which - said they should start back at once.,9164.0
1694,137,1712422077915,86.0,"The others stirred the sand with their shoes, said they didn't feel inclined that way.",3749.0
1694,138,1712422080591,82.0,"They pleaded fatigue, the late hour, the fact that the girl wasn't going anywhere.",2676.0
1694,139,1712422082752,47.0,In the end they went ahead and set up the camp.,2161.0
1694,140,1712422084016,42.0,They built a fire and drank their whiskey.,1264.0
1694,141,1712422085869,50.0,"When the moon came up, they talked about the girl.",1853.0
1694,142,1712422091981,59.0,Someone said they should -keep the body from drifting away.,6112.0
1694,143,1712422094183,55.0,They took their flashlights and went back to the river.,2202.0
1694,144,1712422100039,66.0,One of the men - it might have been Stuart - waded in and got her.,5856.0
1694,145,1712422101941,53.0,He took her by the fingers and pulled her into shore.,1902.0
1694,146,1712422105190,87.0,He got some nylon cord and tied it to her wrist and then looped the rest around a tree.,3249.0
1694,147,1712422108269,99.0,"The next morning they cooked breakfast, drank coffee, and drank whiskey, and then split up to fish.",3079.0
1694,148,1712422116253,182.0,"That night they cooked fish, cooked potatoes, drank coffee, drank whiskey, then took their cooking things and eating things back down to the river and washed them where the girl was.",7984.0
1694,149,1712422118026,32.0,They played some cards later on.,1773.0
1694,150,1712422120109,55.0,Maybe they played until they couldn't see them anymore.,2083.0
1694,151,1712422123574,28.0,Vern Williams went to sleep.,3465.0
1694,152,1712422124886,28.0,But the others told stories.,1312.0
1694,153,1712422129156,100.0,Gordon Johnson said the trout they'd caught were hard because of the terrible coldness of the water.,4270.0
1694,154,1712422133593,154.0,"The next morning they got up late, drank whiskey, fished a little, took down their tents, rolled their sleeping bags, gathered their stuff, and hiked out.",4437.0
1694,155,1712422135895,41.0,They drove until they got to a telephone.,2302.0
1694,156,1712422139640,86.0,It was Stuart who made the call while the others stood around in the sun and listened.,3745.0
1694,157,1712422144400,32.0,He gave the sheriff their names.,4760.0
1694,158,1712422145652,25.0,They had nothing to hide.,1251.0
1694,159,1712422146460,21.0,They weren't ashamed.,808.0
1694,160,1712422149849,100.0,They said they'd wait until someone could come for better directions and take down their statements.,3389.0
1694,161,1712422150585,3.0,***,736.0
1694,162,1712422152155,30.0,I was asleep when he got home.,1570.0
1694,163,1712422153560,46.0,But I woke up when I heard him in the kitchen.,1405.0
1694,164,1712422155284,64.0,I found him leaning against the refrigerator with a can of beer.,1724.0
1694,165,1712422158044,68.0,He put his heavy arms around me and rubbed his big hands on my back.,2760.0
1694,166,1712422161179,85.0,In bed he put his hands on me again and then waited as if thinking of something else.,3135.0
1694,167,1712422163730,28.0,I turned and opened my legs.,2551.0
1694,168,1712422170560,36.0,"Afterwards, I think he stayed awake.",6830.0
1694,169,1712422172210,53.0,He was up that morning before I could get out of bed.,1650.0
1694,170,1712422173692,54.0,"To see if there was something in the paper, I suppose.",1482.0
1694,171,1712422175920,46.0,The telephone began ringing right after eight.,2228.0
1694,172,1712422176852,13.0,"""Go to hell!""",932.0
1694,173,1712422177809,18.0,I heard him shout.,957.0
1694,174,1712422178635,31.0,The telephone rang right again.,826.0
1694,175,1712422180610,59.0,"""I have nothing to add to what I already told the sheriff!""",1975.0
1694,176,1712422181489,29.0,He slammed the receiver down.,879.0
1694,177,1712422182386,27.0,"""What is going on?"" I said.",897.0
1694,178,1712422183897,49.0,It was then that he told me what I just told you.,1511.0
1694,179,1712422184413,3.0,***,516.0
1694,180,1712422187685,44.0,I sweep up the broken dishes and go outside.,3272.0
1694,181,1712422190610,85.0,"He is lying on his back on the grass now, the newspaper and can of beer within reach.",2925.0
1694,182,1712422194498,41.0,"""Stuart, could we go for a drive?"" I say.",3888.0
1694,183,1712422195613,30.0,He rolls over and looks at me.,1115.0
1694,184,1712422196944,37.0,"""We'll pick up some beer,"" he says...",1331.0
1694,185,1712422200425,62.0,He gets to his feet and touches me on the hip as he goes past.,3481.0
1694,186,1712422201293,28.0,"""Give me a minute,"" he says.",868.0
1694,187,1712422202834,39.0,We drive through town without speaking.,1541.0
1694,188,1712422203869,39.0,He stops at a roadside market for beer.,1035.0
1694,189,1712422205341,54.0,I notice a great stack of papers just inside the door.,1472.0
1694,190,1712422208254,89.0,On the top step a fat woman in a print dress holds out a licorice stick to a little girl.,2913.0
1694,191,1712422211885,66.0,"Later on, we cross Everson Creek and turn into the picnic grounds.",3631.0
1694,192,1712422214956,79.0,The creek runs under the bridge and into a large pond a few hundred yards away.,3071.0
1694,193,1712422216062,28.0,I can see the men out there.,1106.0
1694,194,1712422217026,33.0,I can see them out there fishing.,964.0
1694,195,1712422218832,31.0,So much water so close to home.,1806.0
1694,196,1712422221283,43.0,"I say, ""Why did you have to go miles away?""",2451.0
1694,197,1712422222376,25.0,"""Don't rile me,"" he says.",1093.0
1694,198,1712422223239,29.0,We sit on a bench in the sun.,863.0
1694,199,1712422223867,25.0,He opens us cans of beer.,628.0
1694,200,1712422225592,25.0,"He says, ""Relax, Claire.""",1725.0
1694,201,1712422228254,30.0,"""They said they were innocent.",2662.0
1694,202,1712422230729,27.0,"They said they were crazy.""",2475.0
1694,203,1712422231519,15.0,"He says, ""Who?""",790.0
1694,204,1712422232869,38.0,"He says, ""What are you talking about?""",1350.0
1694,205,1712422234052,21.0,"""The Maddox brothers.",1183.0
1694,206,1712422239162,54.0,They killed a girl named Arlene Hubly where I grew up.,5110.0
1694,207,1712422241659,60.0,They cut off her head and threw her into the Cle Elum River.,2496.0
1694,208,1712422243346,31.0,"It happened when I was a girl.""",1687.0
1694,209,1712422245031,40.0,"""You're going to get me riled,"" he says.",1685.0
1694,210,1712422245851,20.0,I look at the creek.,820.0
1694,211,1712422253979,79.0,"I'm right in it, eyes open, face down, staring at the moss on the bottom, dead.",8128.0
1694,212,1712422256949,62.0,"""I don't know what's wrong with you,"" he says on the way home.",2970.0
1694,213,1712422259027,45.0,"""You're getting me more riled by the minute.""",2078.0
1694,214,1712422259951,34.0,There is nothing I can say to him.,924.0
1694,215,1712422261082,36.0,He tries to concentrate on the road.,1130.0
1694,216,1712422262479,47.0,But he keeps looking into the rear-view mirror.,1397.0
1694,217,1712422263112,9.0,He knows.,633.0
1694,218,1712422263667,3.0,***,555.0
1694,219,1712422268106,52.0,Stuart believes he is letting me sleep this morning.,4439.0
1694,220,1712422269809,47.0,But I was awake long before the alarm went off.,1703.0
1694,221,1712422273777,74.0,"I was thinking, lying on the far side of the bed away from his hairy legs.",3968.0
1694,222,1712422276971,78.0,"He gets Dean off for school, and then he shaves, dresses, and leaves for work.",3193.0
1694,223,1712422279241,40.0,Twice he looks in and clears his throat.,2269.0
1694,224,1712422280025,26.0,But I keep my eyes closed.,783.0
1694,225,1712422281254,38.0,In the kitchen I find a note from him.,1229.0
1694,226,1712422283341,19.0,"It's signed ""Love.""",2087.0
1694,227,1712422293660,74.0,I sit in the breakfast nook and drink coffee and leave a ring on the note.,10319.0
1694,228,1712422298020,67.0,I look at the newspaper and turn it this way and that on the table.,4360.0
1694,229,1712422300269,43.0,Then I skid it close and read what it says.,2249.0
1694,230,1712422301489,38.0,"The body has been identified, claimed.",1220.0
1694,231,1712422305751,155.0,"But it took some examining it, some putting things into it, some cutting, some weighing, some measuring, some putting things back again and sewing them in.",4262.0
1694,232,1712422307805,57.0,I sit for a long time holding the newspaper and thinking.,2054.0
1694,233,1712422311997,51.0,Then I call up to get a chair at the hairdresser's.,4192.0
1694,234,1712422312468,3.0,***,471.0
1694,235,1712422315662,75.0,I sit under the dryer with a magazine on my lap and let Marnie do my nails.,3194.0
1694,236,1712422317145,42.0,"""I am going to a funeral tomorrow,"" I say.",1483.0
1694,237,1712422318089,38.0,"""I'm sorry to hear that,"" Marnie says.",944.0
1694,238,1712422319078,25.0,"""It was a murder,"" I say.",989.0
1694,239,1712422320207,37.0,"""That's the worst kind,"" Marnie says.",1129.0
1694,240,1712422321100,35.0,"""We weren't all that close,"" I say.",893.0
1694,241,1712422321751,15.0,"""But you know?""",651.0
1694,242,1712422323422,45.0,"""We'll get you fixed up for it,"" Marnie says.",1671.0
1694,243,1712422325931,72.0,"That night I make my bed on the sofa, and in the morning I get up first.",2509.0
1694,244,1712422327575,50.0,I put on coffee and fix breakfast while he shaves.,1644.0
1694,245,1712422330332,76.0,"He appears in the kitchen doorway, towel over his bare shoulder, appraising.",2757.0
1694,246,1712422331765,23.0,"""Here's coffee,"" I say.",1433.0
1694,247,1712422333501,31.0,"""Eggs'll be ready in a minute.”",1736.0
1694,248,1712422334769,37.0,"I wake Dean, and the three of us eat.",1268.0
1694,249,1712422337446,79.0,"Whenever Stuart looks at me, I ask Dean if he wants more milk, more toast, etc.",2677.0
1694,250,1712422339232,56.0,"""I'll call you today,"" Stuart says as he opens the door.",1785.0
1694,251,1712422340733,42.0,"I say, ""I don't think I'll be home today.""",1501.0
1694,252,1712422341276,21.0,"""All right,"" he says.",543.0
1694,253,1712422341818,7.0,"""Sure.""",542.0
1694,254,1712422342425,18.0,I dress carefully.,607.0
1694,255,1712422344020,48.0,I try on a hat and look at myself in the mirror.,1594.0
1694,256,1712422345924,28.0,I write out a note for Dean.,1904.0
1694,257,1712422348124,69.0,"Honey, Mommy has things to do this afternoon, but will be back later.",2200.0
1694,258,1712422351279,61.0,You stay in or be in the backyard until one of us comes home.,3155.0
1694,259,1712422351753,11.0,"Love, Mommy",474.0
1694,260,1712422353403,48.0,I look at the word Love and then I underline it.,1649.0
1694,261,1712422355548,29.0,Then I see the word backyard.,2145.0
1694,262,1712422357688,22.0,Is it one word or two?,2140.0
1694,263,1712422358300,3.0,***,612.0
1694,264,1712422362133,121.0,"I drive through farm country, through fields of oats and sugar beets and past apple orchards, cattle grazing in pastures.",3832.0
1694,265,1712422365797,99.0,"Then everything changes, more like shacks than farmhouses and stands of timber instead of orchards.",3664.0
1694,266,1712422367890,78.0,"Then mountains, and on the right, far below, I sometimes see the Naches River.",2093.0
1694,267,1712422369503,64.0,A green pickup comes up behind me and stays behind me for miles.,1613.0
1694,268,1712422371070,55.0,"I keep slowing at the wrong times, hoping he will pass.",1567.0
1694,269,1712422371678,16.0,Then I speed up.,608.0
1694,270,1712422373322,36.0,"But this is at the wrong times, too.",1644.0
1694,271,1712422374829,39.0,I grip the wheel until my fingers hurt.,1507.0
1694,272,1712422375872,37.0,On a long clear stretch he goes past.,1043.0
1694,273,1712422382660,73.0,"But he drives along beside for a bit, a crewcut man in a blue work shirt.",6788.0
1694,274,1712422383878,24.0,We look each other over.,1218.0
1694,275,1712422386057,53.0,"Then he waves, toots his horn, and pulls on up ahead.",2179.0
1694,276,1712422387169,29.0,I slow down and find a place.,1112.0
1694,277,1712422388789,35.0,I pull over and shut off the motor.,1620.0
1694,278,1712422390115,42.0,I can hear the river down below the trees.,1326.0
1694,279,1712422391237,35.0,Then I hear the pickup coming back.,1122.0
1694,280,1712422392673,41.0,I lock the doors and roll up the windows.,1436.0
1694,281,1712422393857,30.0,"""You all right?"" the man says.",1183.0
1694,282,1712422394423,21.0,He raps on the glass.,566.0
1694,283,1712422394855,11.0,"""You okay?""",432.0
1694,284,1712422397381,64.0,He leans his arms on the door and brings his face to the window.,2525.0
1694,285,1712422398082,15.0,I stare at him.,701.0
1694,286,1712422398974,30.0,I can't think what else to do.,892.0
1694,287,1712422400182,34.0,"""Is everything all right in there?",1208.0
1694,288,1712422401537,31.0,"How come you're all locked up?""",1355.0
1694,289,1712422402134,16.0,I shake my head.,597.0
1694,290,1712422403550,24.0,"""Roll down your window.""",1415.0
1694,291,1712422408003,64.0,He shakes his head and looks at the highway and then back at me.,4453.0
1694,292,1712422408850,19.0,"""Roll it down now.""",847.0
1694,293,1712422410003,32.0,"""Please,"" I say, ""I have to go.""",1153.0
1694,294,1712422411493,50.0,"""Open the door,"" he says as if he isn't listening.",1490.0
1694,295,1712422412765,33.0,"""You're going to choke in there.""",1272.0
1694,296,1712422414219,32.0,"He looks at my breasts, my legs.",1453.0
1694,297,1712422415932,34.0,I can tell that's what he's doing.,1713.0
1694,298,1712422416787,22.0,"""Hey, sugar,"" he says.",855.0
1694,299,1712422417968,31.0,"""I'm just here to help is all.""",1181.0
1694,300,1712422418440,3.0,***,472.0
1694,301,1712422421301,52.0,The casket is closed and covered with floral sprays.,2861.0
1694,302,1712422427433,45.0,The organ starts up the minute I take a seat.,6132.0
1694,303,1712422428324,40.0,People are coming in and finding chairs.,891.0
1694,304,1712422431935,63.0,There's a boy in flared pants and a yellow short-sleeved shirt.,3611.0
1694,305,1712422434953,100.0,A door opens and the family comes in in a group and moves over to a curtained place off to one side.,3018.0
1694,306,1712422436185,39.0,Chairs creak as everybody gets settled.,1231.0
1694,307,1712422440479,83.0,"Directly, a nice blond man in a nice dark suit stands and asks us to bow our heads.",4294.0
1694,308,1712422444735,105.0,"He says a prayer for us, the living, and when he finishes, he says a prayer for the soul of the departed.",4256.0
1694,309,1712422446869,43.0,Along with the others I go past the casket.,2134.0
1694,310,1712422448969,66.0,Then I move out onto the front steps and into the afternoon light.,2100.0
1694,311,1712422451116,66.0,There's a woman who limps as she goes down the stairs ahead of me.,2147.0
1694,312,1712422452366,33.0,On the sidewalk she looks around.,1249.0
1694,313,1712422453981,31.0,"""Well, they got him,"" she says.",1615.0
1694,314,1712422455015,27.0,"""If that's any consolation.",1034.0
1694,315,1712422455651,31.0,They arrested him this morning.,635.0
1694,316,1712422457226,38.0,I heard it on the radio before I come.,1575.0
1694,317,1712422457957,26.0,"A boy right here in town.""",731.0
1694,318,1712422459561,42.0,We move a few steps down the hot sidewalk.,1604.0
1694,319,1712422460146,25.0,People are starting cars.,585.0
1694,320,1712422465795,49.0,I put out my hand and hold on to a parking meter.,5649.0
1694,321,1712422468806,36.0,Polished hoods and polished fenders.,3011.0
1694,322,1712422469807,14.0,My head swims.,1001.0
1694,323,1712422473865,41.0,"I say, ""They have friends, these killers.",4058.0
1694,324,1712422474405,16.0,"You can't tell.""",540.0
1694,325,1712422476921,70.0,"""I have known that child since she was a little girl,"" the woman says.",2516.0
1694,326,1712422480343,93.0,"""She used to come over and I'd bake cookies for her and let her eat them in front of the TV.""",3422.0
1694,327,1712422480858,3.0,***,515.0
1694,328,1712422483991,76.0,"Back home, Stuart sits at the table with a drink of whiskey in front of him.",3133.0
1694,329,1712422486233,57.0,For a crazy instant I think something's happened to Dean.,2242.0
1694,330,1712422486739,14.0,"""Where is he?""",506.0
1694,331,1712422487212,6.0,I say.,473.0
1694,332,1712422487695,16.0,"""Where is Dean?""",483.0
1694,333,1712422488611,27.0,"""Outside,"" my husband says.",916.0
1694,334,1712422489939,34.0,He drains his glass and stands up.,1328.0
1694,335,1712422492694,40.0,"He says, ""I think I know what you need.""",2755.0
1694,336,1712422496759,138.0,He reaches an arm around my waist and with his other hand he begins to unbutton my jacket and then he goes on to the buttons of my blouse.,4065.0
1694,337,1712422497675,30.0,"""First things first,"" he says.",915.0
1694,338,1712422498328,23.0,He says something else.,653.0
1694,339,1712422499203,27.0,But I don't need to listen.,875.0
1694,340,1712422501005,46.0,I can't hear a thing with so much water going.,1802.0
1694,341,1712422501625,3.0,***,620.0
1617,112,1712590024621,3.0,***,8645.0
1617,113,1712590026728,37.0,My husband eats with a good appetite.,2106.0
1617,114,1712590028918,37.0,But I don't think he's really hungry.,2190.0
1617,115,1712590031907,69.0,"He chews, arms on the table, and stares at something across the room.",2989.0
1617,116,1712590033690,30.0,He looks at me and looks away.,1782.0
1617,117,1712590035115,33.0,He wipes his mouth on the napkin.,1425.0
1617,118,1712590036933,30.0,"He shrugs, and goes on eating.",1817.0
1617,119,1712590038943,42.0,"""What are you staring at me for?"" he says.",2010.0
1617,120,1712590041520,45.0,"""What is it?"" he says and lays down his fork.",2577.0
1617,121,1712590043962,42.0,"""Was I staring?"" I say, and shake my head.",2442.0
1617,122,1712590045095,20.0,The telephone rings.,1133.0
1617,123,1712590046226,27.0,"""Don't answer it,"" he says.",1130.0
1617,124,1712590047640,33.0,"""It might be your mother,"" I say.",1413.0
1617,125,1712590049087,25.0,"""Watch and see,"" he says.",1446.0
1617,126,1712590050554,34.0,I pick up the receiver and listen.,1467.0
1617,127,1712590052122,24.0,My husband stops eating.,1567.0
1617,128,1712590053792,46.0,"""What did I tell you?"" he says when I hang up.",1669.0
1617,129,1712590055118,23.0,He starts to eat again.,1326.0
1617,130,1712590056737,36.0,Then throws his napkin on his plate.,1619.0
1617,131,1712590058473,63.0,"He says, ""Goddamn it, why can't people mind their own business?",1734.0
1617,132,1712590060583,41.0,Tell me what I did wrong and I'll listen!,2110.0
1617,133,1712590062852,28.0,I wasn't the only man there.,2268.0
1617,134,1712590064788,37.0,We talked it over and we all decided.,1936.0
1617,135,1712590066720,29.0,We couldn't just turn around.,1932.0
1617,136,1712590070705,32.0,We were five miles from the car.,3984.0
1617,137,1712590072208,34.0,I won't have you passing judgment.,1502.0
1617,138,1712590073369,13.0,"Do you hear?""",1160.0
1617,139,1712590074635,18.0,"""You know,"" I say.",1266.0
1617,140,1712590077058,33.0,"He says, ""What do I know, Claire?",2423.0
1617,141,1712590078145,34.0,Tell me what I'm supposed to know.,1086.0
1617,142,1712590079438,40.0,"I don't know anything except one thing?""",1291.0
1617,143,1712590081211,48.0,He gives me what he thinks is a meaningful look.,1773.0
1617,144,1712590082612,24.0,"""She was dead,"" he says.",1401.0
1617,145,1712590084111,33.0,"""And I'm as sorry as anyone else.",1499.0
1617,146,1712590085061,18.0,"But she was dead.""",950.0
1617,147,1712590086273,26.0,"""That's the point,"" I say.",1212.0
1617,148,1712590087739,20.0,He raises his hands.,1466.0
1617,149,1712590088641,40.0,He pushes his chair away from the table.,901.0
1617,150,1712590092528,72.0,He takes out his cigarettes and goes out to the back with a can of beer.,3887.0
1617,151,1712590094596,64.0,I see him sit in the lawn chair and pick up the newspaper again.,2068.0
1617,152,1712590097144,39.0,His name is in there on the first page.,2548.0
1617,153,1712590098551,36.0,Along with the names of his friends.,1406.0
1617,154,1712590100656,40.0,I close my eyes and hold on to the sink.,2104.0
1617,155,1712590104285,74.0,Then I rake my arm across the drainboard and send the dishes to the floor.,3628.0
1617,156,1712590105480,16.0,He doesn't move.,1193.0
1617,157,1712590106953,18.0,I know he's heard.,1473.0
1617,158,1712590108430,40.0,He lifts his head as if still listening.,1476.0
1617,159,1712590110030,30.0,But he doesn't move otherwise.,1599.0
1617,160,1712590111053,23.0,He doesn't turn around.,1022.0
1617,161,1712590111964,3.0,***,910.0
1617,162,1712590117311,88.0,"He and Gordon Johnson and Mel Dorn and Vern Williams, they play poker and bowl and fish.",5347.0
1617,163,1712590119600,85.0,They fish every spring and early summer before visiting relatives can get in the way.,2289.0
1617,164,1712590121666,65.0,"They are decent men, family men, men who take care of their jobs.",2066.0
1617,165,1712590123904,65.0,"They have sons and daughters who go to school with our son, Dean.",2238.0
1617,166,1712590126382,55.0,Last Friday these family men left for the Naches River.,2477.0
1617,167,1712590128492,76.0,They parked the car in the mountains and hiked to where they wanted to fish.,2110.0
1617,168,1712590131387,76.0,"They carried their bedrolls, their food, their playing cards, their whiskey.",2895.0
1617,169,1712590133285,42.0,They saw the girl before they set up camp.,1898.0
1617,170,1712590135050,19.0,Mel Dorn found her.,1764.0
1617,171,1712590136389,25.0,No clothes on her at all.,1339.0
1617,172,1712590138918,64.0,She was wedged into some branches that stuck out over the water.,2528.0
1617,173,1712590140472,43.0,He called the others and they came to look.,1553.0
1617,174,1712590141565,29.0,They talked about what to do.,1093.0
1617,175,1712590146158,82.0,One of the men - my Stuart didn't say which - said they should start back at once.,4593.0
1617,176,1712590148963,86.0,"The others stirred the sand with their shoes, said they didn't feel inclined that way.",2805.0
1617,177,1712590152190,82.0,"They pleaded fatigue, the late hour, the fact that the girl wasn't going anywhere.",3227.0
1617,178,1712590154502,47.0,In the end they went ahead and set up the camp.,2312.0
1617,179,1712590155612,42.0,They built a fire and drank their whiskey.,1110.0
1617,180,1712590157166,50.0,"When the moon came up, they talked about the girl.",1554.0
1617,181,1712590159635,59.0,Someone said they should -keep the body from drifting away.,2468.0
1617,182,1712590160966,55.0,They took their flashlights and went back to the river.,1331.0
1617,183,1712590163472,66.0,One of the men - it might have been Stuart - waded in and got her.,2504.0
1617,184,1712590165425,53.0,He took her by the fingers and pulled her into shore.,1953.0
1617,185,1712590168807,87.0,He got some nylon cord and tied it to her wrist and then looped the rest around a tree.,3381.0
1617,186,1712590170905,99.0,"The next morning they cooked breakfast, drank coffee, and drank whiskey, and then split up to fish.",2098.0
1617,187,1712590176774,182.0,"That night they cooked fish, cooked potatoes, drank coffee, drank whiskey, then took their cooking things and eating things back down to the river and washed them where the girl was.",5868.0
1617,188,1712590177876,32.0,They played some cards later on.,1102.0
1617,189,1712590179818,55.0,Maybe they played until they couldn't see them anymore.,1942.0
1617,190,1712590180965,28.0,Vern Williams went to sleep.,1147.0
1617,191,1712590184059,28.0,But the others told stories.,3094.0
1617,192,1712590190622,100.0,Gordon Johnson said the trout they'd caught were hard because of the terrible coldness of the water.,6562.0
1617,193,1712590195002,154.0,"The next morning they got up late, drank whiskey, fished a little, took down their tents, rolled their sleeping bags, gathered their stuff, and hiked out.",4379.0
1617,194,1712590196404,41.0,They drove until they got to a telephone.,1402.0
1617,195,1712590198917,86.0,It was Stuart who made the call while the others stood around in the sun and listened.,2513.0
1617,196,1712590200418,32.0,He gave the sheriff their names.,1501.0
1617,197,1712590201635,25.0,They had nothing to hide.,1217.0
1617,198,1712590202317,21.0,They weren't ashamed.,681.0
1617,199,1712590205488,100.0,They said they'd wait until someone could come for better directions and take down their statements.,3171.0
1617,200,1712590206591,3.0,***,1103.0
1617,201,1712590208135,30.0,I was asleep when he got home.,1544.0
1617,202,1712590209960,46.0,But I woke up when I heard him in the kitchen.,1824.0
1617,203,1712590211736,64.0,I found him leaning against the refrigerator with a can of beer.,1776.0
1617,204,1712590214260,68.0,He put his heavy arms around me and rubbed his big hands on my back.,2524.0
1617,205,1712590217484,85.0,In bed he put his hands on me again and then waited as if thinking of something else.,3223.0
1617,206,1712590219068,28.0,I turned and opened my legs.,1584.0
1617,207,1712590220893,36.0,"Afterwards, I think he stayed awake.",1825.0
1617,208,1712590222794,53.0,He was up that morning before I could get out of bed.,1901.0
1617,209,1712590224510,54.0,"To see if there was something in the paper, I suppose.",1716.0
1617,210,1712590225683,46.0,The telephone began ringing right after eight.,1172.0
1617,211,1712590226657,13.0,"""Go to hell!""",974.0
1617,212,1712590227577,18.0,I heard him shout.,919.0
1617,213,1712590228473,31.0,The telephone rang right again.,895.0
1617,214,1712590230150,59.0,"""I have nothing to add to what I already told the sheriff!""",1677.0
1617,215,1712590231029,29.0,He slammed the receiver down.,878.0
1617,216,1712590232020,27.0,"""What is going on?"" I said.",991.0
1617,217,1712590233248,49.0,It was then that he told me what I just told you.,1227.0
1617,218,1712590234012,3.0,***,764.0
1617,219,1712590235412,44.0,I sweep up the broken dishes and go outside.,1400.0
1617,220,1712590237589,85.0,"He is lying on his back on the grass now, the newspaper and can of beer within reach.",2176.0
1617,221,1712590239771,41.0,"""Stuart, could we go for a drive?"" I say.",2182.0
1617,222,1712590240833,30.0,He rolls over and looks at me.,1062.0
1617,223,1712590242341,37.0,"""We'll pick up some beer,"" he says...",1508.0
1617,224,1712590244350,62.0,He gets to his feet and touches me on the hip as he goes past.,2008.0
1617,225,1712590245771,28.0,"""Give me a minute,"" he says.",1421.0
1617,226,1712590246935,39.0,We drive through town without speaking.,1164.0
1617,227,1712590248088,39.0,He stops at a roadside market for beer.,1153.0
1617,228,1712590249837,54.0,I notice a great stack of papers just inside the door.,1749.0
1617,229,1712590254272,89.0,On the top step a fat woman in a print dress holds out a licorice stick to a little girl.,4434.0
1617,230,1712590256606,66.0,"Later on, we cross Everson Creek and turn into the picnic grounds.",2334.0
1617,231,1712590259620,79.0,The creek runs under the bridge and into a large pond a few hundred yards away.,3014.0
1617,232,1712590261389,28.0,I can see the men out there.,1768.0
1617,233,1712590263310,33.0,I can see them out there fishing.,1920.0
1617,234,1712590265438,31.0,So much water so close to home.,2128.0
1617,235,1712590267652,43.0,"I say, ""Why did you have to go miles away?""",2213.0
1617,236,1712590268818,25.0,"""Don't rile me,"" he says.",1166.0
1617,237,1712590271665,29.0,We sit on a bench in the sun.,2847.0
1617,238,1712590272591,25.0,He opens us cans of beer.,926.0
1617,239,1712590274170,25.0,"He says, ""Relax, Claire.""",1579.0
1617,240,1712590277023,30.0,"""They said they were innocent.",2852.0
1617,241,1712590279371,27.0,"They said they were crazy.""",2348.0
1617,242,1712590280368,15.0,"He says, ""Who?""",997.0
1617,243,1712590281454,38.0,"He says, ""What are you talking about?""",1085.0
1617,244,1712590282602,21.0,"""The Maddox brothers.",1148.0
1617,245,1712590285538,54.0,They killed a girl named Arlene Hubly where I grew up.,2936.0
1617,246,1712590287961,60.0,They cut off her head and threw her into the Cle Elum River.,2423.0
1617,247,1712590289343,31.0,"It happened when I was a girl.""",1381.0
1617,248,1712590291423,40.0,"""You're going to get me riled,"" he says.",2080.0
1617,249,1712590292485,20.0,I look at the creek.,1061.0
1617,250,1712590297415,79.0,"I'm right in it, eyes open, face down, staring at the moss on the bottom, dead.",4930.0
1617,251,1712590299716,62.0,"""I don't know what's wrong with you,"" he says on the way home.",2300.0
1617,252,1712590301308,45.0,"""You're getting me more riled by the minute.""",1590.0
1617,253,1712590302729,34.0,There is nothing I can say to him.,1421.0
1617,254,1712590304117,36.0,He tries to concentrate on the road.,1388.0
1617,255,1712590305731,47.0,But he keeps looking into the rear-view mirror.,1614.0
1617,256,1712590306930,9.0,He knows.,1198.0
1617,257,1712590307549,3.0,***,619.0
1617,258,1712590309643,52.0,Stuart believes he is letting me sleep this morning.,2094.0
1617,259,1712590311437,47.0,But I was awake long before the alarm went off.,1793.0
1617,260,1712590315500,74.0,"I was thinking, lying on the far side of the bed away from his hairy legs.",4063.0
1617,261,1712590318653,78.0,"He gets Dean off for school, and then he shaves, dresses, and leaves for work.",3153.0
1617,262,1712590320864,40.0,Twice he looks in and clears his throat.,2211.0
1617,263,1712590321792,26.0,But I keep my eyes closed.,927.0
1617,264,1712590323169,38.0,In the kitchen I find a note from him.,1377.0
1617,265,1712590324169,19.0,"It's signed ""Love.""",1000.0
1617,266,1712590332177,74.0,I sit in the breakfast nook and drink coffee and leave a ring on the note.,8008.0
1617,267,1712590334711,67.0,I look at the newspaper and turn it this way and that on the table.,2533.0
1617,268,1712590336636,43.0,Then I skid it close and read what it says.,1925.0
1617,269,1712590338252,38.0,"The body has been identified, claimed.",1616.0
1617,270,1712590343048,155.0,"But it took some examining it, some putting things into it, some cutting, some weighing, some measuring, some putting things back again and sewing them in.",4795.0
1617,271,1712590345287,57.0,I sit for a long time holding the newspaper and thinking.,2238.0
1617,272,1712590347690,51.0,Then I call up to get a chair at the hairdresser's.,2403.0
1617,273,1712590348412,3.0,***,722.0
1617,274,1712590350877,75.0,I sit under the dryer with a magazine on my lap and let Marnie do my nails.,2464.0
1617,275,1712590352425,42.0,"""I am going to a funeral tomorrow,"" I say.",1548.0
1617,276,1712590353493,38.0,"""I'm sorry to hear that,"" Marnie says.",1068.0
1617,277,1712590354396,25.0,"""It was a murder,"" I say.",903.0
1617,278,1712590355632,37.0,"""That's the worst kind,"" Marnie says.",1236.0
1617,279,1712590357399,35.0,"""We weren't all that close,"" I say.",1767.0
1617,280,1712590358381,15.0,"""But you know?""",981.0
1617,281,1712590361078,45.0,"""We'll get you fixed up for it,"" Marnie says.",2697.0
1617,282,1712590364624,72.0,"That night I make my bed on the sofa, and in the morning I get up first.",3546.0
1617,283,1712590366349,50.0,I put on coffee and fix breakfast while he shaves.,1724.0
1617,284,1712590369267,76.0,"He appears in the kitchen doorway, towel over his bare shoulder, appraising.",2918.0
1617,285,1712590370205,23.0,"""Here's coffee,"" I say.",938.0
1617,286,1712590371451,31.0,"""Eggs'll be ready in a minute.”",1245.0
1617,287,1712590372583,37.0,"I wake Dean, and the three of us eat.",1132.0
1617,288,1712590375814,79.0,"Whenever Stuart looks at me, I ask Dean if he wants more milk, more toast, etc.",3231.0
1617,289,1712590377995,56.0,"""I'll call you today,"" Stuart says as he opens the door.",2181.0
1617,290,1712590379531,42.0,"I say, ""I don't think I'll be home today.""",1536.0
1617,291,1712590380307,21.0,"""All right,"" he says.",776.0
1617,292,1712590381090,7.0,"""Sure.""",783.0
1617,293,1712590381793,18.0,I dress carefully.,703.0
1617,294,1712590383045,48.0,I try on a hat and look at myself in the mirror.,1252.0
1617,295,1712590384174,28.0,I write out a note for Dean.,1128.0
1617,296,1712590386200,69.0,"Honey, Mommy has things to do this afternoon, but will be back later.",2025.0
1617,297,1712590389560,61.0,You stay in or be in the backyard until one of us comes home.,3359.0
1617,298,1712590390299,11.0,"Love, Mommy",738.0
1617,299,1712590392099,48.0,I look at the word Love and then I underline it.,1800.0
1617,300,1712590393975,29.0,Then I see the word backyard.,1875.0
1617,301,1712590395929,22.0,Is it one word or two?,1954.0
1617,302,1712590396432,3.0,***,503.0
1617,303,1712590401703,121.0,"I drive through farm country, through fields of oats and sugar beets and past apple orchards, cattle grazing in pastures.",5271.0
1617,304,1712590404563,99.0,"Then everything changes, more like shacks than farmhouses and stands of timber instead of orchards.",2859.0
1617,305,1712590407613,78.0,"Then mountains, and on the right, far below, I sometimes see the Naches River.",3050.0
1617,306,1712590410483,64.0,A green pickup comes up behind me and stays behind me for miles.,2870.0
1617,307,1712590413956,55.0,"I keep slowing at the wrong times, hoping he will pass.",3473.0
1617,308,1712590414677,16.0,Then I speed up.,720.0
1617,309,1712590416670,36.0,"But this is at the wrong times, too.",1993.0
1617,310,1712590418154,39.0,I grip the wheel until my fingers hurt.,1484.0
1617,311,1712590419839,37.0,On a long clear stretch he goes past.,1684.0
1617,312,1712590423081,73.0,"But he drives along beside for a bit, a crewcut man in a blue work shirt.",3241.0
1617,313,1712590424188,24.0,We look each other over.,1107.0
1617,314,1712590425945,53.0,"Then he waves, toots his horn, and pulls on up ahead.",1756.0
1617,315,1712590427595,29.0,I slow down and find a place.,1649.0
1617,316,1712590428558,35.0,I pull over and shut off the motor.,963.0
1617,317,1712590429879,42.0,I can hear the river down below the trees.,1321.0
1617,318,1712590431448,35.0,Then I hear the pickup coming back.,1569.0
1617,319,1712590432824,41.0,I lock the doors and roll up the windows.,1375.0
1617,320,1712590434143,30.0,"""You all right?"" the man says.",1319.0
1617,321,1712590435315,21.0,He raps on the glass.,1172.0
1617,322,1712590435988,11.0,"""You okay?""",672.0
1617,323,1712590437886,64.0,He leans his arms on the door and brings his face to the window.,1898.0
1617,324,1712590438698,15.0,I stare at him.,811.0
1617,325,1712590439532,30.0,I can't think what else to do.,834.0
1617,326,1712590440969,34.0,"""Is everything all right in there?",1437.0
1617,327,1712590442181,31.0,"How come you're all locked up?""",1211.0
1617,328,1712590443157,16.0,I shake my head.,975.0
1617,329,1712590444394,24.0,"""Roll down your window.""",1236.0
1617,330,1712590447245,64.0,He shakes his head and looks at the highway and then back at me.,2850.0
1617,331,1712590448368,19.0,"""Roll it down now.""",1122.0
1617,332,1712590449664,32.0,"""Please,"" I say, ""I have to go.""",1296.0
1617,333,1712590451215,50.0,"""Open the door,"" he says as if he isn't listening.",1550.0
1617,334,1712590453821,33.0,"""You're going to choke in there.""",2606.0
1617,335,1712590455302,32.0,"He looks at my breasts, my legs.",1480.0
1617,336,1712590456862,34.0,I can tell that's what he's doing.,1559.0
1617,337,1712590458092,22.0,"""Hey, sugar,"" he says.",1230.0
1617,338,1712590459356,31.0,"""I'm just here to help is all.""",1264.0
1617,339,1712590460019,3.0,***,661.0
1617,340,1712590462024,52.0,The casket is closed and covered with floral sprays.,2005.0
1617,341,1712590462851,45.0,The organ starts up the minute I take a seat.,826.0
1617,342,1712590464265,40.0,People are coming in and finding chairs.,1413.0
1617,343,1712590467125,63.0,There's a boy in flared pants and a yellow short-sleeved shirt.,2860.0
1617,344,1712590471194,100.0,A door opens and the family comes in in a group and moves over to a curtained place off to one side.,4069.0
1617,345,1712590472675,39.0,Chairs creak as everybody gets settled.,1480.0
1617,346,1712590475384,83.0,"Directly, a nice blond man in a nice dark suit stands and asks us to bow our heads.",2709.0
1617,347,1712590478610,105.0,"He says a prayer for us, the living, and when he finishes, he says a prayer for the soul of the departed.",3226.0
1617,348,1712590480400,43.0,Along with the others I go past the casket.,1789.0
1617,349,1712590483010,66.0,Then I move out onto the front steps and into the afternoon light.,2610.0
1617,350,1712590485461,66.0,There's a woman who limps as she goes down the stairs ahead of me.,2451.0
1617,351,1712590486831,33.0,On the sidewalk she looks around.,1369.0
1617,352,1712590488465,31.0,"""Well, they got him,"" she says.",1633.0
1617,353,1712590489821,27.0,"""If that's any consolation.",1356.0
1617,354,1712590490821,31.0,They arrested him this morning.,1000.0
1617,355,1712590492365,38.0,I heard it on the radio before I come.,1544.0
1617,356,1712590495663,26.0,"A boy right here in town.""",3298.0
1617,357,1712590497648,42.0,We move a few steps down the hot sidewalk.,1985.0
1617,358,1712590499059,25.0,People are starting cars.,1411.0
1617,359,1712590500936,49.0,I put out my hand and hold on to a parking meter.,1877.0
1617,360,1712590502612,36.0,Polished hoods and polished fenders.,1676.0
1617,361,1712590503893,14.0,My head swims.,1280.0
1617,362,1712590507070,41.0,"I say, ""They have friends, these killers.",3177.0
1617,363,1712590508404,16.0,"You can't tell.""",1333.0
1617,364,1712590512599,70.0,"""I have known that child since she was a little girl,"" the woman says.",4195.0
1617,365,1712590515238,93.0,"""She used to come over and I'd bake cookies for her and let her eat them in front of the TV.""",2638.0
1617,366,1712590516037,3.0,***,799.0
1617,367,1712590518046,76.0,"Back home, Stuart sits at the table with a drink of whiskey in front of him.",2009.0
1617,368,1712590520727,57.0,For a crazy instant I think something's happened to Dean.,2681.0
1617,369,1712590521534,14.0,"""Where is he?""",807.0
1617,370,1712590522164,6.0,I say.,629.0
1617,371,1712590522648,16.0,"""Where is Dean?""",484.0
1617,372,1712590523474,27.0,"""Outside,"" my husband says.",826.0
1617,373,1712590525013,34.0,He drains his glass and stands up.,1539.0
1617,374,1712590528542,40.0,"He says, ""I think I know what you need.""",3529.0
1617,375,1712590533088,138.0,He reaches an arm around my waist and with his other hand he begins to unbutton my jacket and then he goes on to the buttons of my blouse.,4545.0
1617,376,1712590534621,30.0,"""First things first,"" he says.",1533.0
1617,377,1712590535586,23.0,He says something else.,964.0
1617,378,1712590536591,27.0,But I don't need to listen.,1005.0
1617,379,1712590539449,46.0,I can't hear a thing with so much water going.,2858.0
1617,380,1712590540064,3.0,***,615.0
1640,90,1712597246692,3.0,***,3118.0
1640,91,1712597249907,37.0,My husband eats with a good appetite.,3215.0
1640,92,1712597252871,37.0,But I don't think he's really hungry.,2964.0
1640,93,1712597259162,69.0,"He chews, arms on the table, and stares at something across the room.",6291.0
1640,94,1712597263348,30.0,He looks at me and looks away.,4186.0
1640,95,1712597267696,33.0,He wipes his mouth on the napkin.,4348.0
1640,96,1712597271526,30.0,"He shrugs, and goes on eating.",3830.0
1640,97,1712597276976,42.0,"""What are you staring at me for?"" he says.",5450.0
1640,98,1712597281682,45.0,"""What is it?"" he says and lays down his fork.",4706.0
1640,99,1712597285536,42.0,"""Was I staring?"" I say, and shake my head.",3854.0
1640,100,1712597288119,20.0,The telephone rings.,2583.0
1640,101,1712597290900,27.0,"""Don't answer it,"" he says.",2781.0
1640,102,1712597293556,33.0,"""It might be your mother,"" I say.",2656.0
1640,103,1712597296982,25.0,"""Watch and see,"" he says.",3426.0
1640,104,1712597300712,34.0,I pick up the receiver and listen.,3730.0
1640,105,1712597302813,24.0,My husband stops eating.,2101.0
1640,106,1712597305393,46.0,"""What did I tell you?"" he says when I hang up.",2580.0
1640,107,1712597307269,23.0,He starts to eat again.,1876.0
1640,108,1712597309630,36.0,Then throws his napkin on his plate.,2361.0
1640,109,1712597314214,63.0,"He says, ""Goddamn it, why can't people mind their own business?",4584.0
1640,110,1712597318529,41.0,Tell me what I did wrong and I'll listen!,4315.0
1640,111,1712597324435,28.0,I wasn't the only man there.,5906.0
1640,112,1712597328080,37.0,We talked it over and we all decided.,3645.0
1640,113,1712597330819,29.0,We couldn't just turn around.,2739.0
1640,114,1712597334676,32.0,We were five miles from the car.,3856.0
1640,115,1712597336817,34.0,I won't have you passing judgment.,2141.0
1640,116,1712597338493,13.0,"Do you hear?""",1676.0
1640,117,1712597340472,18.0,"""You know,"" I say.",1979.0
1640,118,1712597345330,33.0,"He says, ""What do I know, Claire?",4858.0
1640,119,1712597346638,34.0,Tell me what I'm supposed to know.,1308.0
1640,120,1712597348118,40.0,"I don't know anything except one thing?""",1480.0
1640,121,1712597351447,48.0,He gives me what he thinks is a meaningful look.,3329.0
1640,122,1712597355296,24.0,"""She was dead,"" he says.",3849.0
1640,123,1712597358610,33.0,"""And I'm as sorry as anyone else.",3314.0
1640,124,1712597360439,18.0,"But she was dead.""",1829.0
1640,125,1712597362892,26.0,"""That's the point,"" I say.",2452.0
1640,126,1712597364347,20.0,He raises his hands.,1455.0
1640,127,1712597368079,40.0,He pushes his chair away from the table.,3732.0
1640,128,1712597371563,72.0,He takes out his cigarettes and goes out to the back with a can of beer.,3484.0
1640,129,1712597375177,64.0,I see him sit in the lawn chair and pick up the newspaper again.,3614.0
1640,130,1712597377311,39.0,His name is in there on the first page.,2134.0
1640,131,1712597378878,36.0,Along with the names of his friends.,1567.0
1640,132,1712597381098,40.0,I close my eyes and hold on to the sink.,2220.0
1640,133,1712597385350,74.0,Then I rake my arm across the drainboard and send the dishes to the floor.,4252.0
1640,134,1712597388450,16.0,He doesn't move.,3100.0
1640,135,1712597390513,18.0,I know he's heard.,2063.0
1640,136,1712597393600,40.0,He lifts his head as if still listening.,3087.0
1640,137,1712597395308,30.0,But he doesn't move otherwise.,1708.0
1640,138,1712597396767,23.0,He doesn't turn around.,1459.0
1640,139,1712597399665,3.0,***,2898.0
1640,140,1712597417807,88.0,"He and Gordon Johnson and Mel Dorn and Vern Williams, they play poker and bowl and fish.",18142.0
1640,141,1712597423239,85.0,They fish every spring and early summer before visiting relatives can get in the way.,5432.0
1640,142,1712597427856,65.0,"They are decent men, family men, men who take care of their jobs.",4617.0
1640,143,1712597431275,65.0,"They have sons and daughters who go to school with our son, Dean.",3419.0
1640,144,1712597434158,55.0,Last Friday these family men left for the Naches River.,2883.0
1640,145,1712597436680,76.0,They parked the car in the mountains and hiked to where they wanted to fish.,2522.0
1640,146,1712597444347,76.0,"They carried their bedrolls, their food, their playing cards, their whiskey.",7667.0
1640,147,1712597448943,42.0,They saw the girl before they set up camp.,4596.0
1640,148,1712597450409,19.0,Mel Dorn found her.,1466.0
1640,149,1712597452341,25.0,No clothes on her at all.,1932.0
1640,150,1712597458344,64.0,She was wedged into some branches that stuck out over the water.,6002.0
1640,151,1712597460818,43.0,He called the others and they came to look.,2474.0
1640,152,1712597472389,29.0,They talked about what to do.,11571.0
1640,153,1712597481030,82.0,One of the men - my Stuart didn't say which - said they should start back at once.,8641.0
1640,154,1712597487005,86.0,"The others stirred the sand with their shoes, said they didn't feel inclined that way.",5975.0
1640,155,1712597493793,82.0,"They pleaded fatigue, the late hour, the fact that the girl wasn't going anywhere.",6788.0
1640,156,1712597496815,47.0,In the end they went ahead and set up the camp.,3022.0
1640,157,1712597498648,42.0,They built a fire and drank their whiskey.,1833.0
1640,158,1712597500525,50.0,"When the moon came up, they talked about the girl.",1877.0
1640,159,1712597503169,59.0,Someone said they should -keep the body from drifting away.,2644.0
1640,160,1712597507378,55.0,They took their flashlights and went back to the river.,4209.0
1640,161,1712597509821,66.0,One of the men - it might have been Stuart - waded in and got her.,2443.0
1640,162,1712597512385,53.0,He took her by the fingers and pulled her into shore.,2563.0
1640,163,1712597519083,87.0,He got some nylon cord and tied it to her wrist and then looped the rest around a tree.,6698.0
1640,164,1712597523198,99.0,"The next morning they cooked breakfast, drank coffee, and drank whiskey, and then split up to fish.",4115.0
1640,165,1712597533262,182.0,"That night they cooked fish, cooked potatoes, drank coffee, drank whiskey, then took their cooking things and eating things back down to the river and washed them where the girl was.",10063.0
1640,166,1712597534842,32.0,They played some cards later on.,1580.0
1640,167,1712597540348,55.0,Maybe they played until they couldn't see them anymore.,5506.0
1640,168,1712597541992,28.0,Vern Williams went to sleep.,1644.0
1640,169,1712597543150,28.0,But the others told stories.,1158.0
1640,170,1712597548401,100.0,Gordon Johnson said the trout they'd caught were hard because of the terrible coldness of the water.,5251.0
1640,171,1712597554010,154.0,"The next morning they got up late, drank whiskey, fished a little, took down their tents, rolled their sleeping bags, gathered their stuff, and hiked out.",5608.0
1640,172,1712597556262,41.0,They drove until they got to a telephone.,2252.0
1640,173,1712597559649,86.0,It was Stuart who made the call while the others stood around in the sun and listened.,3387.0
1640,174,1712597560932,32.0,He gave the sheriff their names.,1283.0
1640,175,1712597562346,25.0,They had nothing to hide.,1414.0
1640,176,1712597563565,21.0,They weren't ashamed.,1219.0
1640,177,1712597569051,100.0,They said they'd wait until someone could come for better directions and take down their statements.,5486.0
1640,178,1712597571294,3.0,***,2243.0
1640,179,1712597572798,30.0,I was asleep when he got home.,1504.0
1640,180,1712597574517,46.0,But I woke up when I heard him in the kitchen.,1719.0
1640,181,1712597576436,64.0,I found him leaning against the refrigerator with a can of beer.,1919.0
1640,182,1712597580132,68.0,He put his heavy arms around me and rubbed his big hands on my back.,3695.0
1640,183,1712597584193,85.0,In bed he put his hands on me again and then waited as if thinking of something else.,4061.0
1640,184,1712597586245,28.0,I turned and opened my legs.,2052.0
1640,185,1712597591451,36.0,"Afterwards, I think he stayed awake.",5206.0
1640,186,1712597594028,53.0,He was up that morning before I could get out of bed.,2577.0
1640,187,1712597597081,54.0,"To see if there was something in the paper, I suppose.",3053.0
1640,188,1712597599158,46.0,The telephone began ringing right after eight.,2077.0
1640,189,1712597600788,13.0,"""Go to hell!""",1630.0
1640,190,1712597602028,18.0,I heard him shout.,1240.0
1640,191,1712597606533,31.0,The telephone rang right again.,4505.0
1640,192,1712597608739,59.0,"""I have nothing to add to what I already told the sheriff!""",2206.0
1640,193,1712597609790,29.0,He slammed the receiver down.,1051.0
1640,194,1712597610983,27.0,"""What is going on?"" I said.",1193.0
1640,195,1712597613253,49.0,It was then that he told me what I just told you.,2269.0
1640,196,1712597615312,3.0,***,2059.0
1640,197,1712597618086,44.0,I sweep up the broken dishes and go outside.,2774.0
1640,198,1712597622291,85.0,"He is lying on his back on the grass now, the newspaper and can of beer within reach.",4205.0
1640,199,1712597624467,41.0,"""Stuart, could we go for a drive?"" I say.",2176.0
1640,200,1712597625955,30.0,He rolls over and looks at me.,1488.0
1640,201,1712597628101,37.0,"""We'll pick up some beer,"" he says...",2145.0
1640,202,1712597631275,62.0,He gets to his feet and touches me on the hip as he goes past.,3174.0
1640,203,1712597632850,28.0,"""Give me a minute,"" he says.",1575.0
1640,204,1712597635324,39.0,We drive through town without speaking.,2474.0
1640,205,1712597637251,39.0,He stops at a roadside market for beer.,1927.0
1640,206,1712597639546,54.0,I notice a great stack of papers just inside the door.,2295.0
1640,207,1712597643944,89.0,On the top step a fat woman in a print dress holds out a licorice stick to a little girl.,4398.0
1640,208,1712597647497,66.0,"Later on, we cross Everson Creek and turn into the picnic grounds.",3553.0
1640,209,1712597651112,79.0,The creek runs under the bridge and into a large pond a few hundred yards away.,3615.0
1640,210,1712597653902,28.0,I can see the men out there.,2790.0
1640,211,1712597655360,33.0,I can see them out there fishing.,1458.0
1640,212,1712597663816,31.0,So much water so close to home.,8456.0
1640,213,1712597668073,43.0,"I say, ""Why did you have to go miles away?""",4257.0
1640,214,1712597669555,25.0,"""Don't rile me,"" he says.",1482.0
1640,215,1712597672446,29.0,We sit on a bench in the sun.,2891.0
1640,216,1712597673551,25.0,He opens us cans of beer.,1105.0
1640,217,1712597674771,25.0,"He says, ""Relax, Claire.""",1220.0
1640,218,1712597677170,30.0,"""They said they were innocent.",2399.0
1640,219,1712597682014,27.0,"They said they were crazy.""",4843.0
1640,220,1712597683813,15.0,"He says, ""Who?""",1799.0
1640,221,1712597685178,38.0,"He says, ""What are you talking about?""",1364.0
1640,222,1712597686670,21.0,"""The Maddox brothers.",1492.0
1640,223,1712597692499,54.0,They killed a girl named Arlene Hubly where I grew up.,5829.0
1640,224,1712597696585,60.0,They cut off her head and threw her into the Cle Elum River.,4086.0
1640,225,1712597698294,31.0,"It happened when I was a girl.""",1709.0
1640,226,1712597700401,40.0,"""You're going to get me riled,"" he says.",2107.0
1640,227,1712597701906,20.0,I look at the creek.,1504.0
1640,228,1712597707983,79.0,"I'm right in it, eyes open, face down, staring at the moss on the bottom, dead.",6077.0
1640,229,1712597710295,62.0,"""I don't know what's wrong with you,"" he says on the way home.",2312.0
1640,230,1712597711919,45.0,"""You're getting me more riled by the minute.""",1624.0
1640,231,1712597713460,34.0,There is nothing I can say to him.,1541.0
1640,232,1712597714984,36.0,He tries to concentrate on the road.,1524.0
1640,233,1712597716982,47.0,But he keeps looking into the rear-view mirror.,1997.0
1640,234,1712597717974,9.0,He knows.,992.0
1640,235,1712597719783,3.0,***,1808.0
1640,236,1712597723032,52.0,Stuart believes he is letting me sleep this morning.,3249.0
1640,237,1712597725500,47.0,But I was awake long before the alarm went off.,2467.0
1640,238,1712597729461,74.0,"I was thinking, lying on the far side of the bed away from his hairy legs.",3961.0
1640,239,1712597733332,78.0,"He gets Dean off for school, and then he shaves, dresses, and leaves for work.",3870.0
1640,240,1712597734878,40.0,Twice he looks in and clears his throat.,1546.0
1640,241,1712597735972,26.0,But I keep my eyes closed.,1094.0
1640,242,1712597737384,38.0,In the kitchen I find a note from him.,1412.0
1640,243,1712597739963,19.0,"It's signed ""Love.""",2579.0
1640,244,1712597753389,74.0,I sit in the breakfast nook and drink coffee and leave a ring on the note.,13425.0
1640,245,1712597757488,67.0,I look at the newspaper and turn it this way and that on the table.,4099.0
1640,246,1712597762193,43.0,Then I skid it close and read what it says.,4705.0
1640,247,1712597764858,38.0,"The body has been identified, claimed.",2665.0
1640,248,1712597782296,155.0,"But it took some examining it, some putting things into it, some cutting, some weighing, some measuring, some putting things back again and sewing them in.",17438.0
1640,249,1712597784405,57.0,I sit for a long time holding the newspaper and thinking.,2109.0
1640,250,1712597790118,51.0,Then I call up to get a chair at the hairdresser's.,5713.0
1640,251,1712597791341,3.0,***,1222.0
1640,252,1712597795024,75.0,I sit under the dryer with a magazine on my lap and let Marnie do my nails.,3683.0
1640,253,1712597796649,42.0,"""I am going to a funeral tomorrow,"" I say.",1625.0
1640,254,1712597797748,38.0,"""I'm sorry to hear that,"" Marnie says.",1099.0
1640,255,1712597799372,25.0,"""It was a murder,"" I say.",1624.0
1640,256,1712597800483,37.0,"""That's the worst kind,"" Marnie says.",1111.0
1640,257,1712597801675,35.0,"""We weren't all that close,"" I say.",1192.0
1640,258,1712597803973,15.0,"""But you know?""",2298.0
1640,259,1712597806677,45.0,"""We'll get you fixed up for it,"" Marnie says.",2704.0
1640,260,1712597813307,72.0,"That night I make my bed on the sofa, and in the morning I get up first.",6630.0
1640,261,1712597815972,50.0,I put on coffee and fix breakfast while he shaves.,2665.0
1640,262,1712597819214,76.0,"He appears in the kitchen doorway, towel over his bare shoulder, appraising.",3242.0
1640,263,1712597820670,23.0,"""Here's coffee,"" I say.",1456.0
1640,264,1712597822056,31.0,"""Eggs'll be ready in a minute.”",1386.0
1640,265,1712597824081,37.0,"I wake Dean, and the three of us eat.",2025.0
1640,266,1712597829683,79.0,"Whenever Stuart looks at me, I ask Dean if he wants more milk, more toast, etc.",5602.0
1640,267,1712597832699,56.0,"""I'll call you today,"" Stuart says as he opens the door.",3016.0
1640,268,1712597834761,42.0,"I say, ""I don't think I'll be home today.""",2062.0
1640,269,1712597836215,21.0,"""All right,"" he says.",1454.0
1640,270,1712597836823,7.0,"""Sure.""",608.0
1640,271,1712597837661,18.0,I dress carefully.,838.0
1640,272,1712597839579,48.0,I try on a hat and look at myself in the mirror.,1918.0
1640,273,1712597841244,28.0,I write out a note for Dean.,1665.0
1640,274,1712597847331,69.0,"Honey, Mommy has things to do this afternoon, but will be back later.",6087.0
1640,275,1712597851479,61.0,You stay in or be in the backyard until one of us comes home.,4147.0
1640,276,1712597852428,11.0,"Love, Mommy",949.0
1640,277,1712597855709,48.0,I look at the word Love and then I underline it.,3281.0
1640,278,1712597859414,29.0,Then I see the word backyard.,3705.0
1640,279,1712597863462,22.0,Is it one word or two?,4048.0
1640,280,1712597864264,3.0,***,802.0
1640,281,1712597872150,121.0,"I drive through farm country, through fields of oats and sugar beets and past apple orchards, cattle grazing in pastures.",7886.0
1640,282,1712597875991,99.0,"Then everything changes, more like shacks than farmhouses and stands of timber instead of orchards.",3841.0
1640,283,1712597879635,78.0,"Then mountains, and on the right, far below, I sometimes see the Naches River.",3644.0
1640,284,1712597883468,64.0,A green pickup comes up behind me and stays behind me for miles.,3833.0
1640,285,1712597887594,55.0,"I keep slowing at the wrong times, hoping he will pass.",4126.0
1640,286,1712597888681,16.0,Then I speed up.,1087.0
1640,287,1712597892155,36.0,"But this is at the wrong times, too.",3474.0
1640,288,1712597894122,39.0,I grip the wheel until my fingers hurt.,1967.0
1640,289,1712597896228,37.0,On a long clear stretch he goes past.,2106.0
1640,290,1712597901341,73.0,"But he drives along beside for a bit, a crewcut man in a blue work shirt.",5113.0
1640,291,1712597902813,24.0,We look each other over.,1472.0
1640,292,1712597905526,53.0,"Then he waves, toots his horn, and pulls on up ahead.",2713.0
1640,293,1712597909064,29.0,I slow down and find a place.,3538.0
1640,294,1712597910511,35.0,I pull over and shut off the motor.,1447.0
1640,295,1712597913312,42.0,I can hear the river down below the trees.,2801.0
1640,296,1712597915075,35.0,Then I hear the pickup coming back.,1763.0
1640,297,1712597916894,41.0,I lock the doors and roll up the windows.,1818.0
1640,298,1712597918239,30.0,"""You all right?"" the man says.",1345.0
1640,299,1712597919356,21.0,He raps on the glass.,1117.0
1640,300,1712597920181,11.0,"""You okay?""",825.0
1640,301,1712597923053,64.0,He leans his arms on the door and brings his face to the window.,2871.0
1640,302,1712597924079,15.0,I stare at him.,1026.0
1640,303,1712597925666,30.0,I can't think what else to do.,1587.0
1640,304,1712597927277,34.0,"""Is everything all right in there?",1611.0
1640,305,1712597928612,31.0,"How come you're all locked up?""",1335.0
1640,306,1712597929563,16.0,I shake my head.,951.0
1640,307,1712597930611,24.0,"""Roll down your window.""",1048.0
1640,308,1712597933113,64.0,He shakes his head and looks at the highway and then back at me.,2502.0
1640,309,1712597934481,19.0,"""Roll it down now.""",1368.0
1640,310,1712597935874,32.0,"""Please,"" I say, ""I have to go.""",1393.0
1640,311,1712597937947,50.0,"""Open the door,"" he says as if he isn't listening.",2072.0
1640,312,1712597939599,33.0,"""You're going to choke in there.""",1652.0
1640,313,1712597942139,32.0,"He looks at my breasts, my legs.",2540.0
1640,314,1712597944031,34.0,I can tell that's what he's doing.,1892.0
1640,315,1712597945212,22.0,"""Hey, sugar,"" he says.",1181.0
1640,316,1712597946829,31.0,"""I'm just here to help is all.""",1617.0
1640,317,1712597948352,3.0,***,1523.0
1640,318,1712597951624,52.0,The casket is closed and covered with floral sprays.,3272.0
1640,319,1712597953824,45.0,The organ starts up the minute I take a seat.,2200.0
1640,320,1712597955836,40.0,People are coming in and finding chairs.,2012.0
1640,321,1712597960383,63.0,There's a boy in flared pants and a yellow short-sleeved shirt.,4547.0
1640,322,1712597965146,100.0,A door opens and the family comes in in a group and moves over to a curtained place off to one side.,4763.0
1640,323,1712597967046,39.0,Chairs creak as everybody gets settled.,1900.0
1640,324,1712597970902,83.0,"Directly, a nice blond man in a nice dark suit stands and asks us to bow our heads.",3856.0
1640,325,1712597975587,105.0,"He says a prayer for us, the living, and when he finishes, he says a prayer for the soul of the departed.",4685.0
1640,326,1712597977734,43.0,Along with the others I go past the casket.,2147.0
1640,327,1712597980823,66.0,Then I move out onto the front steps and into the afternoon light.,3089.0
1640,328,1712597983744,66.0,There's a woman who limps as she goes down the stairs ahead of me.,2921.0
1640,329,1712597985521,33.0,On the sidewalk she looks around.,1777.0
1640,330,1712597989983,31.0,"""Well, they got him,"" she says.",4462.0
1640,331,1712597992467,27.0,"""If that's any consolation.",2484.0
1640,332,1712597993763,31.0,They arrested him this morning.,1295.0
1640,333,1712597995028,38.0,I heard it on the radio before I come.,1264.0
1640,334,1712597996670,26.0,"A boy right here in town.""",1642.0
1640,335,1712597999220,42.0,We move a few steps down the hot sidewalk.,2550.0
1640,336,1712598000488,25.0,People are starting cars.,1268.0
1640,337,1712598002753,49.0,I put out my hand and hold on to a parking meter.,2265.0
1640,338,1712598004380,36.0,Polished hoods and polished fenders.,1627.0
1640,339,1712598005342,14.0,My head swims.,961.0
1640,340,1712598010476,41.0,"I say, ""They have friends, these killers.",5134.0
1640,341,1712598011589,16.0,"You can't tell.""",1113.0
1640,342,1712598013962,70.0,"""I have known that child since she was a little girl,"" the woman says.",2373.0
1640,343,1712598018372,93.0,"""She used to come over and I'd bake cookies for her and let her eat them in front of the TV.""",4410.0
1640,344,1712598020726,3.0,***,2354.0
1640,345,1712598025764,76.0,"Back home, Stuart sits at the table with a drink of whiskey in front of him.",5038.0
1640,346,1712598028935,57.0,For a crazy instant I think something's happened to Dean.,3171.0
1640,347,1712598030064,14.0,"""Where is he?""",1129.0
1640,348,1712598031458,6.0,I say.,1394.0
1640,349,1712598032452,16.0,"""Where is Dean?""",994.0
1640,350,1712598033494,27.0,"""Outside,"" my husband says.",1042.0
1640,351,1712598035215,34.0,He drains his glass and stands up.,1721.0
1640,352,1712598038336,40.0,"He says, ""I think I know what you need.""",3121.0
1640,353,1712598043707,138.0,He reaches an arm around my waist and with his other hand he begins to unbutton my jacket and then he goes on to the buttons of my blouse.,5371.0
1640,354,1712598044828,30.0,"""First things first,"" he says.",1121.0
1640,355,1712598045857,23.0,He says something else.,1029.0
1640,356,1712598047247,27.0,But I don't need to listen.,1390.0
1640,357,1712598051495,46.0,I can't hear a thing with so much water going.,4248.0
1640,358,1712598053871,3.0,***,2376.0
1685,88,1712590127506,3.0,***,10110.0
1685,89,1712590130175,37.0,My husband eats with a good appetite.,2669.0
1685,90,1712590133837,37.0,But I don't think he's really hungry.,3662.0
1685,91,1712590138348,69.0,"He chews, arms on the table, and stares at something across the room.",4511.0
1685,92,1712590141517,30.0,He looks at me and looks away.,3169.0
1685,93,1712590143553,33.0,He wipes his mouth on the napkin.,2036.0
1685,94,1712590145339,30.0,"He shrugs, and goes on eating.",1786.0
1685,95,1712590147501,42.0,"""What are you staring at me for?"" he says.",2162.0
1685,96,1712590150236,45.0,"""What is it?"" he says and lays down his fork.",2735.0
1685,97,1712590152291,42.0,"""Was I staring?"" I say, and shake my head.",2055.0
1685,98,1712590153371,20.0,The telephone rings.,1080.0
1685,99,1712590154583,27.0,"""Don't answer it,"" he says.",1212.0
1685,100,1712590156429,33.0,"""It might be your mother,"" I say.",1846.0
1685,101,1712590157769,25.0,"""Watch and see,"" he says.",1340.0
1685,102,1712590159365,34.0,I pick up the receiver and listen.,1596.0
1685,103,1712590160778,24.0,My husband stops eating.,1413.0
1685,104,1712590162943,46.0,"""What did I tell you?"" he says when I hang up.",2165.0
1685,105,1712590164421,23.0,He starts to eat again.,1478.0
1685,106,1712590165741,36.0,Then throws his napkin on his plate.,1320.0
1685,107,1712590167639,63.0,"He says, ""Goddamn it, why can't people mind their own business?",1898.0
1685,108,1712590169209,41.0,Tell me what I did wrong and I'll listen!,1570.0
1685,109,1712590170603,28.0,I wasn't the only man there.,1394.0
1685,110,1712590172803,37.0,We talked it over and we all decided.,2200.0
1685,111,1712590174835,29.0,We couldn't just turn around.,2031.0
1685,112,1712590176477,32.0,We were five miles from the car.,1641.0
1685,113,1712590178361,34.0,I won't have you passing judgment.,1884.0
1685,114,1712590179935,13.0,"Do you hear?""",1574.0
1685,115,1712590181409,18.0,"""You know,"" I say.",1474.0
1685,116,1712590183555,33.0,"He says, ""What do I know, Claire?",2146.0
1685,117,1712590184705,34.0,Tell me what I'm supposed to know.,1149.0
1685,118,1712590186823,40.0,"I don't know anything except one thing?""",2118.0
1685,119,1712590190185,48.0,He gives me what he thinks is a meaningful look.,3362.0
1685,120,1712590192149,24.0,"""She was dead,"" he says.",1964.0
1685,121,1712590194282,33.0,"""And I'm as sorry as anyone else.",2133.0
1685,122,1712590196129,18.0,"But she was dead.""",1847.0
1685,123,1712590197574,26.0,"""That's the point,"" I say.",1444.0
1685,124,1712590198837,20.0,He raises his hands.,1263.0
1685,125,1712590200271,40.0,He pushes his chair away from the table.,1434.0
1685,126,1712590202059,72.0,He takes out his cigarettes and goes out to the back with a can of beer.,1788.0
1685,127,1712590203969,64.0,I see him sit in the lawn chair and pick up the newspaper again.,1910.0
1685,128,1712590205655,39.0,His name is in there on the first page.,1686.0
1685,129,1712590206898,36.0,Along with the names of his friends.,1242.0
1685,130,1712590208151,40.0,I close my eyes and hold on to the sink.,1253.0
1685,131,1712590211475,74.0,Then I rake my arm across the drainboard and send the dishes to the floor.,3324.0
1685,132,1712590212701,16.0,He doesn't move.,1226.0
1685,133,1712590214015,18.0,I know he's heard.,1314.0
1685,134,1712590215293,40.0,He lifts his head as if still listening.,1278.0
1685,135,1712590218232,30.0,But he doesn't move otherwise.,2939.0
1685,136,1712590219563,23.0,He doesn't turn around.,1331.0
1685,137,1712590220768,3.0,***,1204.0
1685,138,1712590228731,88.0,"He and Gordon Johnson and Mel Dorn and Vern Williams, they play poker and bowl and fish.",7963.0
1685,139,1712590233447,85.0,They fish every spring and early summer before visiting relatives can get in the way.,4716.0
1685,140,1712590238469,65.0,"They are decent men, family men, men who take care of their jobs.",5022.0
1685,141,1712590242361,65.0,"They have sons and daughters who go to school with our son, Dean.",3892.0
1685,142,1712590245677,55.0,Last Friday these family men left for the Naches River.,3316.0
1685,143,1712590252041,76.0,They parked the car in the mountains and hiked to where they wanted to fish.,6364.0
1685,144,1712590255393,76.0,"They carried their bedrolls, their food, their playing cards, their whiskey.",3352.0
1685,145,1712590261276,42.0,They saw the girl before they set up camp.,5881.0
1685,146,1712590262558,19.0,Mel Dorn found her.,1281.0
1685,147,1712590263897,25.0,No clothes on her at all.,1339.0
1685,148,1712590266276,64.0,She was wedged into some branches that stuck out over the water.,2379.0
1685,149,1712590267847,43.0,He called the others and they came to look.,1571.0
1685,150,1712590269437,29.0,They talked about what to do.,1589.0
1685,151,1712590272011,82.0,One of the men - my Stuart didn't say which - said they should start back at once.,2574.0
1685,152,1712590274605,86.0,"The others stirred the sand with their shoes, said they didn't feel inclined that way.",2594.0
1685,153,1712590276988,82.0,"They pleaded fatigue, the late hour, the fact that the girl wasn't going anywhere.",2383.0
1685,154,1712590279819,47.0,In the end they went ahead and set up the camp.,2831.0
1685,155,1712590282595,42.0,They built a fire and drank their whiskey.,2776.0
1685,156,1712590286128,50.0,"When the moon came up, they talked about the girl.",3533.0
1685,157,1712590288901,59.0,Someone said they should -keep the body from drifting away.,2773.0
1685,158,1712590290909,55.0,They took their flashlights and went back to the river.,2008.0
1685,159,1712590293711,66.0,One of the men - it might have been Stuart - waded in and got her.,2802.0
1685,160,1712590300929,53.0,He took her by the fingers and pulled her into shore.,7218.0
1685,161,1712590302843,87.0,He got some nylon cord and tied it to her wrist and then looped the rest around a tree.,1914.0
1685,162,1712590305703,99.0,"The next morning they cooked breakfast, drank coffee, and drank whiskey, and then split up to fish.",2860.0
1685,163,1712590339497,182.0,"That night they cooked fish, cooked potatoes, drank coffee, drank whiskey, then took their cooking things and eating things back down to the river and washed them where the girl was.",33794.0
1685,164,1712590341135,32.0,They played some cards later on.,1638.0
1685,165,1712590344089,55.0,Maybe they played until they couldn't see them anymore.,2954.0
1685,166,1712590344809,28.0,Vern Williams went to sleep.,720.0
1685,167,1712590345781,28.0,But the others told stories.,972.0
1685,168,1712590348575,100.0,Gordon Johnson said the trout they'd caught were hard because of the terrible coldness of the water.,2794.0
1685,169,1712590352157,154.0,"The next morning they got up late, drank whiskey, fished a little, took down their tents, rolled their sleeping bags, gathered their stuff, and hiked out.",3582.0
1685,170,1712590353433,41.0,They drove until they got to a telephone.,1276.0
1685,171,1712590356241,86.0,It was Stuart who made the call while the others stood around in the sun and listened.,2808.0
1685,172,1712590357628,32.0,He gave the sheriff their names.,1387.0
1685,173,1712590359107,25.0,They had nothing to hide.,1478.0
1685,174,1712590360075,21.0,They weren't ashamed.,968.0
1685,175,1712590362066,100.0,They said they'd wait until someone could come for better directions and take down their statements.,1991.0
1685,176,1712590363347,3.0,***,1281.0
1685,177,1712590365071,30.0,I was asleep when he got home.,1723.0
1685,178,1712590366068,46.0,But I woke up when I heard him in the kitchen.,997.0
1685,179,1712590367251,64.0,I found him leaning against the refrigerator with a can of beer.,1182.0
1685,180,1712590368674,68.0,He put his heavy arms around me and rubbed his big hands on my back.,1423.0
1685,181,1712590377779,85.0,In bed he put his hands on me again and then waited as if thinking of something else.,9105.0
1685,182,1712590379519,28.0,I turned and opened my legs.,1740.0
1685,183,1712590382007,36.0,"Afterwards, I think he stayed awake.",2488.0
1685,184,1712590383953,53.0,He was up that morning before I could get out of bed.,1946.0
1685,185,1712590385649,54.0,"To see if there was something in the paper, I suppose.",1696.0
1685,186,1712590387441,46.0,The telephone began ringing right after eight.,1792.0
1685,187,1712590388311,13.0,"""Go to hell!""",870.0
1685,188,1712590390133,18.0,I heard him shout.,1822.0
1685,189,1712590391018,31.0,The telephone rang right again.,885.0
1685,190,1712590394575,59.0,"""I have nothing to add to what I already told the sheriff!""",3557.0
1685,191,1712590396963,29.0,He slammed the receiver down.,2388.0
1685,192,1712590399589,27.0,"""What is going on?"" I said.",2626.0
1685,193,1712590402103,49.0,It was then that he told me what I just told you.,2514.0
1685,194,1712590403447,3.0,***,1344.0
1685,195,1712590405269,44.0,I sweep up the broken dishes and go outside.,1822.0
1685,196,1712590407737,85.0,"He is lying on his back on the grass now, the newspaper and can of beer within reach.",2468.0
1685,197,1712590410249,41.0,"""Stuart, could we go for a drive?"" I say.",2512.0
1685,198,1712590415341,30.0,He rolls over and looks at me.,5092.0
1685,199,1712590423088,37.0,"""We'll pick up some beer,"" he says...",7747.0
1685,200,1712590425400,62.0,He gets to his feet and touches me on the hip as he goes past.,2312.0
1685,201,1712590426943,28.0,"""Give me a minute,"" he says.",1543.0
1685,202,1712590430078,39.0,We drive through town without speaking.,3134.0
1685,203,1712590434000,39.0,He stops at a roadside market for beer.,3922.0
1685,204,1712590442685,54.0,I notice a great stack of papers just inside the door.,8685.0
1685,205,1712590445762,89.0,On the top step a fat woman in a print dress holds out a licorice stick to a little girl.,3077.0
1685,206,1712590448988,66.0,"Later on, we cross Everson Creek and turn into the picnic grounds.",3226.0
1685,207,1712590462992,79.0,The creek runs under the bridge and into a large pond a few hundred yards away.,14004.0
1685,208,1712590472322,28.0,I can see the men out there.,9330.0
1685,209,1712590473196,33.0,I can see them out there fishing.,874.0
1685,210,1712590474224,31.0,So much water so close to home.,1028.0
1685,211,1712590476189,43.0,"I say, ""Why did you have to go miles away?""",1965.0
1685,212,1712590477093,25.0,"""Don't rile me,"" he says.",904.0
1685,213,1712590481197,29.0,We sit on a bench in the sun.,4104.0
1685,214,1712590483271,25.0,He opens us cans of beer.,2074.0
1685,215,1712590484969,25.0,"He says, ""Relax, Claire.""",1697.0
1685,216,1712590486098,30.0,"""They said they were innocent.",1128.0
1685,217,1712590487293,27.0,"They said they were crazy.""",1195.0
1685,218,1712590487972,15.0,"He says, ""Who?""",679.0
1685,219,1712590489579,38.0,"He says, ""What are you talking about?""",1607.0
1685,220,1712590490371,21.0,"""The Maddox brothers.",792.0
1685,221,1712590492167,54.0,They killed a girl named Arlene Hubly where I grew up.,1796.0
1685,222,1712590493966,60.0,They cut off her head and threw her into the Cle Elum River.,1799.0
1685,223,1712590495392,31.0,"It happened when I was a girl.""",1426.0
1685,224,1712590496803,40.0,"""You're going to get me riled,"" he says.",1411.0
1685,225,1712590497999,20.0,I look at the creek.,1195.0
1685,226,1712590500372,79.0,"I'm right in it, eyes open, face down, staring at the moss on the bottom, dead.",2373.0
1685,227,1712590503617,62.0,"""I don't know what's wrong with you,"" he says on the way home.",3245.0
1685,228,1712590504958,45.0,"""You're getting me more riled by the minute.""",1341.0
1685,229,1712590507404,34.0,There is nothing I can say to him.,2446.0
1685,230,1712590508363,36.0,He tries to concentrate on the road.,959.0
1685,231,1712590509653,47.0,But he keeps looking into the rear-view mirror.,1290.0
1685,232,1712590510540,9.0,He knows.,887.0
1685,233,1712590511465,3.0,***,925.0
1685,234,1712590513338,52.0,Stuart believes he is letting me sleep this morning.,1873.0
1685,235,1712590514375,47.0,But I was awake long before the alarm went off.,1037.0
1685,236,1712590516666,74.0,"I was thinking, lying on the far side of the bed away from his hairy legs.",2291.0
1685,237,1712590518118,78.0,"He gets Dean off for school, and then he shaves, dresses, and leaves for work.",1452.0
1685,238,1712590519270,40.0,Twice he looks in and clears his throat.,1152.0
1685,239,1712590520362,26.0,But I keep my eyes closed.,1092.0
1685,240,1712590521482,38.0,In the kitchen I find a note from him.,1120.0
1685,241,1712590522420,19.0,"It's signed ""Love.""",938.0
1685,242,1712590523829,74.0,I sit in the breakfast nook and drink coffee and leave a ring on the note.,1409.0
1685,243,1712590524899,67.0,I look at the newspaper and turn it this way and that on the table.,1070.0
1685,244,1712590525896,43.0,Then I skid it close and read what it says.,997.0
1685,245,1712590526934,38.0,"The body has been identified, claimed.",1038.0
1685,246,1712590530026,155.0,"But it took some examining it, some putting things into it, some cutting, some weighing, some measuring, some putting things back again and sewing them in.",3092.0
1685,247,1712590531254,57.0,I sit for a long time holding the newspaper and thinking.,1228.0
1685,248,1712590532398,51.0,Then I call up to get a chair at the hairdresser's.,1144.0
1685,249,1712590532919,3.0,***,521.0
1685,250,1712590536709,75.0,I sit under the dryer with a magazine on my lap and let Marnie do my nails.,3790.0
1685,251,1712590538973,42.0,"""I am going to a funeral tomorrow,"" I say.",2264.0
1685,252,1712590540573,38.0,"""I'm sorry to hear that,"" Marnie says.",1600.0
1685,253,1712590541693,25.0,"""It was a murder,"" I say.",1120.0
1685,254,1712590543375,37.0,"""That's the worst kind,"" Marnie says.",1682.0
1685,255,1712590544980,35.0,"""We weren't all that close,"" I say.",1605.0
1685,256,1712590545923,15.0,"""But you know?""",943.0
1685,257,1712590547377,45.0,"""We'll get you fixed up for it,"" Marnie says.",1454.0
1685,258,1712590550149,72.0,"That night I make my bed on the sofa, and in the morning I get up first.",2772.0
1685,259,1712590557509,50.0,I put on coffee and fix breakfast while he shaves.,7360.0
1685,260,1712590563634,76.0,"He appears in the kitchen doorway, towel over his bare shoulder, appraising.",6125.0
1685,261,1712590565345,23.0,"""Here's coffee,"" I say.",1711.0
1685,262,1712590567635,31.0,"""Eggs'll be ready in a minute.”",2290.0
1685,263,1712590569663,37.0,"I wake Dean, and the three of us eat.",2028.0
1685,264,1712590572613,79.0,"Whenever Stuart looks at me, I ask Dean if he wants more milk, more toast, etc.",2950.0
1685,265,1712590575063,56.0,"""I'll call you today,"" Stuart says as he opens the door.",2449.0
1685,266,1712590577157,42.0,"I say, ""I don't think I'll be home today.""",2094.0
1685,267,1712590578291,21.0,"""All right,"" he says.",1134.0
1685,268,1712590579133,7.0,"""Sure.""",842.0
1685,269,1712590580083,18.0,I dress carefully.,950.0
1685,270,1712590581469,48.0,I try on a hat and look at myself in the mirror.,1386.0
1685,271,1712590586398,28.0,I write out a note for Dean.,4929.0
1685,272,1712590597789,69.0,"Honey, Mommy has things to do this afternoon, but will be back later.",11391.0
1685,273,1712590605069,61.0,You stay in or be in the backyard until one of us comes home.,7280.0
1685,274,1712590605681,11.0,"Love, Mommy",612.0
1685,275,1712590607181,48.0,I look at the word Love and then I underline it.,1500.0
1685,276,1712590607919,29.0,Then I see the word backyard.,738.0
1685,277,1712590608561,22.0,Is it one word or two?,642.0
1685,278,1712590609649,3.0,***,1088.0
1685,279,1712590614227,121.0,"I drive through farm country, through fields of oats and sugar beets and past apple orchards, cattle grazing in pastures.",4578.0
1685,280,1712590629001,99.0,"Then everything changes, more like shacks than farmhouses and stands of timber instead of orchards.",14774.0
1685,281,1712590632543,78.0,"Then mountains, and on the right, far below, I sometimes see the Naches River.",3542.0
1685,282,1712590633929,64.0,A green pickup comes up behind me and stays behind me for miles.,1386.0
1685,283,1712590636611,55.0,"I keep slowing at the wrong times, hoping he will pass.",2682.0
1685,284,1712590637435,16.0,Then I speed up.,824.0
1685,285,1712590638119,36.0,"But this is at the wrong times, too.",684.0
1685,286,1712590639049,39.0,I grip the wheel until my fingers hurt.,930.0
1685,287,1712590639887,37.0,On a long clear stretch he goes past.,838.0
1685,288,1712590641193,73.0,"But he drives along beside for a bit, a crewcut man in a blue work shirt.",1306.0
1685,289,1712590642043,24.0,We look each other over.,850.0
1685,290,1712590643501,53.0,"Then he waves, toots his horn, and pulls on up ahead.",1458.0
1685,291,1712590644293,29.0,I slow down and find a place.,792.0
1685,292,1712590645115,35.0,I pull over and shut off the motor.,822.0
1685,293,1712590647707,42.0,I can hear the river down below the trees.,2592.0
1685,294,1712590650861,35.0,Then I hear the pickup coming back.,3154.0
1685,295,1712590651475,41.0,I lock the doors and roll up the windows.,614.0
1685,296,1712590652007,30.0,"""You all right?"" the man says.",532.0
1685,297,1712590652585,21.0,He raps on the glass.,578.0
1685,298,1712590653151,11.0,"""You okay?""",566.0
1685,299,1712590654075,64.0,He leans his arms on the door and brings his face to the window.,924.0
1685,300,1712590654611,15.0,I stare at him.,536.0
1685,301,1712590655233,30.0,I can't think what else to do.,622.0
1685,302,1712590655959,34.0,"""Is everything all right in there?",726.0
1685,303,1712590656769,31.0,"How come you're all locked up?""",810.0
1685,304,1712590657619,16.0,I shake my head.,850.0
1685,305,1712590658323,24.0,"""Roll down your window.""",704.0
1685,306,1712590660283,64.0,He shakes his head and looks at the highway and then back at me.,1960.0
1685,307,1712590660777,19.0,"""Roll it down now.""",494.0
1685,308,1712590661729,32.0,"""Please,"" I say, ""I have to go.""",952.0
1685,309,1712590662819,50.0,"""Open the door,"" he says as if he isn't listening.",1090.0
1685,310,1712590663705,33.0,"""You're going to choke in there.""",885.0
1685,311,1712590664631,32.0,"He looks at my breasts, my legs.",926.0
1685,312,1712590665543,34.0,I can tell that's what he's doing.,912.0
1685,313,1712590666282,22.0,"""Hey, sugar,"" he says.",739.0
1685,314,1712590667053,31.0,"""I'm just here to help is all.""",771.0
1685,315,1712590667791,3.0,***,738.0
1685,316,1712590669482,52.0,The casket is closed and covered with floral sprays.,1691.0
1685,317,1712590670960,45.0,The organ starts up the minute I take a seat.,1477.0
1685,318,1712590672024,40.0,People are coming in and finding chairs.,1064.0
1685,319,1712590675189,63.0,There's a boy in flared pants and a yellow short-sleeved shirt.,3165.0
1685,320,1712590678043,100.0,A door opens and the family comes in in a group and moves over to a curtained place off to one side.,2853.0
1685,321,1712590682906,39.0,Chairs creak as everybody gets settled.,4862.0
1685,322,1712590685442,83.0,"Directly, a nice blond man in a nice dark suit stands and asks us to bow our heads.",2536.0
1685,323,1712590687493,105.0,"He says a prayer for us, the living, and when he finishes, he says a prayer for the soul of the departed.",2051.0
1685,324,1712590688598,43.0,Along with the others I go past the casket.,1103.0
1685,325,1712590690287,66.0,Then I move out onto the front steps and into the afternoon light.,1689.0
1685,326,1712590692724,66.0,There's a woman who limps as she goes down the stairs ahead of me.,2436.0
1685,327,1712590693189,33.0,On the sidewalk she looks around.,465.0
1685,328,1712590694116,31.0,"""Well, they got him,"" she says.",926.0
1685,329,1712590694598,27.0,"""If that's any consolation.",481.0
1685,330,1712590695327,31.0,They arrested him this morning.,729.0
1685,331,1712590696011,38.0,I heard it on the radio before I come.,684.0
1685,332,1712590696976,26.0,"A boy right here in town.""",965.0
1685,333,1712590697711,42.0,We move a few steps down the hot sidewalk.,735.0
1685,334,1712590699589,25.0,People are starting cars.,1878.0
1685,335,1712590701067,49.0,I put out my hand and hold on to a parking meter.,1477.0
1685,336,1712590702017,36.0,Polished hoods and polished fenders.,950.0
1685,337,1712590702595,14.0,My head swims.,578.0
1685,338,1712590704880,41.0,"I say, ""They have friends, these killers.",2285.0
1685,339,1712590705655,16.0,"You can't tell.""",775.0
1685,340,1712590707868,70.0,"""I have known that child since she was a little girl,"" the woman says.",2213.0
1685,341,1712590709386,93.0,"""She used to come over and I'd bake cookies for her and let her eat them in front of the TV.""",1518.0
1685,342,1712590709852,3.0,***,466.0
1685,343,1712590712094,76.0,"Back home, Stuart sits at the table with a drink of whiskey in front of him.",2242.0
1685,344,1712590713186,57.0,For a crazy instant I think something's happened to Dean.,1091.0
1685,345,1712590713837,14.0,"""Where is he?""",651.0
1685,346,1712590714339,6.0,I say.,502.0
1685,347,1712590714841,16.0,"""Where is Dean?""",502.0
1685,348,1712590716176,27.0,"""Outside,"" my husband says.",1334.0
1685,349,1712590717018,34.0,He drains his glass and stands up.,842.0
1685,350,1712590717941,40.0,"He says, ""I think I know what you need.""",923.0
1685,351,1712590720407,138.0,He reaches an arm around my waist and with his other hand he begins to unbutton my jacket and then he goes on to the buttons of my blouse.,2466.0
1685,352,1712590721033,30.0,"""First things first,"" he says.",626.0
1685,353,1712590721667,23.0,He says something else.,634.0
1685,354,1712590722255,27.0,But I don't need to listen.,588.0
1685,355,1712590722989,46.0,I can't hear a thing with so much water going.,734.0
1685,356,1712590723547,3.0,***,558.0
1689,88,1712590869084,3.0,***,3597.0
1689,89,1712590873455,37.0,My husband eats with a good appetite.,4371.0
1689,90,1712590876401,37.0,But I don't think he's really hungry.,2946.0
1689,91,1712590882452,69.0,"He chews, arms on the table, and stares at something across the room.",6051.0
1689,92,1712590885499,30.0,He looks at me and looks away.,3046.0
1689,93,1712590888714,33.0,He wipes his mouth on the napkin.,3214.0
1689,94,1712590891811,30.0,"He shrugs, and goes on eating.",3097.0
1689,95,1712590895506,42.0,"""What are you staring at me for?"" he says.",3694.0
1689,96,1712590899398,45.0,"""What is it?"" he says and lays down his fork.",3891.0
1689,97,1712590904957,42.0,"""Was I staring?"" I say, and shake my head.",5559.0
1689,98,1712590906861,20.0,The telephone rings.,1904.0
1689,99,1712590909344,27.0,"""Don't answer it,"" he says.",2482.0
1689,100,1712590911912,33.0,"""It might be your mother,"" I say.",2568.0
1689,101,1712590914096,25.0,"""Watch and see,"" he says.",2182.0
1689,102,1712590916749,34.0,I pick up the receiver and listen.,2653.0
1689,103,1712590920409,24.0,My husband stops eating.,3659.0
1689,104,1712590923640,46.0,"""What did I tell you?"" he says when I hang up.",3230.0
1689,105,1712590925093,23.0,He starts to eat again.,1453.0
1689,106,1712590928062,36.0,Then throws his napkin on his plate.,2969.0
1689,107,1712590931211,63.0,"He says, ""Goddamn it, why can't people mind their own business?",3149.0
1689,108,1712590934465,41.0,Tell me what I did wrong and I'll listen!,3254.0
1689,109,1712590937594,28.0,I wasn't the only man there.,3129.0
1689,110,1712590940674,37.0,We talked it over and we all decided.,3080.0
1689,111,1712590942513,29.0,We couldn't just turn around.,1838.0
1689,112,1712590945519,32.0,We were five miles from the car.,3006.0
1689,113,1712590947975,34.0,I won't have you passing judgment.,2455.0
1689,114,1712590949784,13.0,"Do you hear?""",1808.0
1689,115,1712590952150,18.0,"""You know,"" I say.",2366.0
1689,116,1712590956029,33.0,"He says, ""What do I know, Claire?",3879.0
1689,117,1712590958424,34.0,Tell me what I'm supposed to know.,2394.0
1689,118,1712590961555,40.0,"I don't know anything except one thing?""",3131.0
1689,119,1712590964957,48.0,He gives me what he thinks is a meaningful look.,3401.0
1689,120,1712590967157,24.0,"""She was dead,"" he says.",2200.0
1689,121,1712590969523,33.0,"""And I'm as sorry as anyone else.",2365.0
1689,122,1712590971661,18.0,"But she was dead.""",2138.0
1689,123,1712590973691,26.0,"""That's the point,"" I say.",2030.0
1689,124,1712590975904,20.0,He raises his hands.,2213.0
1689,125,1712590979080,40.0,He pushes his chair away from the table.,3176.0
1689,126,1712590983775,72.0,He takes out his cigarettes and goes out to the back with a can of beer.,4695.0
1689,127,1712590990602,64.0,I see him sit in the lawn chair and pick up the newspaper again.,6826.0
1689,128,1712590994022,39.0,His name is in there on the first page.,3420.0
1689,129,1712590995550,36.0,Along with the names of his friends.,1527.0
1689,130,1712590997866,40.0,I close my eyes and hold on to the sink.,2316.0
1689,131,1712591001064,74.0,Then I rake my arm across the drainboard and send the dishes to the floor.,3197.0
1689,132,1712591002517,16.0,He doesn't move.,1452.0
1689,133,1712591003586,18.0,I know he's heard.,1069.0
1689,134,1712591006890,40.0,He lifts his head as if still listening.,3304.0
1689,135,1712591024603,30.0,But he doesn't move otherwise.,17712.0
1689,136,1712591025984,23.0,He doesn't turn around.,1380.0
1689,137,1712591027774,3.0,***,1790.0
1689,138,1712591033648,88.0,"He and Gordon Johnson and Mel Dorn and Vern Williams, they play poker and bowl and fish.",5874.0
1689,139,1712591040890,85.0,They fish every spring and early summer before visiting relatives can get in the way.,7241.0
1689,140,1712591048939,65.0,"They are decent men, family men, men who take care of their jobs.",8049.0
1689,141,1712591081724,65.0,"They have sons and daughters who go to school with our son, Dean.",32784.0
1689,142,1712591084864,55.0,Last Friday these family men left for the Naches River.,3139.0
1689,143,1712591088035,76.0,They parked the car in the mountains and hiked to where they wanted to fish.,3171.0
1689,144,1712591092313,76.0,"They carried their bedrolls, their food, their playing cards, their whiskey.",4277.0
1689,145,1712591095473,42.0,They saw the girl before they set up camp.,3159.0
1689,146,1712591097465,19.0,Mel Dorn found her.,1992.0
1689,147,1712591099122,25.0,No clothes on her at all.,1657.0
1689,148,1712591104581,64.0,She was wedged into some branches that stuck out over the water.,5458.0
1689,149,1712591106746,43.0,He called the others and they came to look.,2165.0
1689,150,1712591108422,29.0,They talked about what to do.,1675.0
1689,151,1712591113294,82.0,One of the men - my Stuart didn't say which - said they should start back at once.,4871.0
1689,152,1712591118790,86.0,"The others stirred the sand with their shoes, said they didn't feel inclined that way.",5496.0
1689,153,1712591123843,82.0,"They pleaded fatigue, the late hour, the fact that the girl wasn't going anywhere.",5053.0
1689,154,1712591126278,47.0,In the end they went ahead and set up the camp.,2435.0
1689,155,1712591127638,42.0,They built a fire and drank their whiskey.,1360.0
1689,156,1712591129532,50.0,"When the moon came up, they talked about the girl.",1893.0
1689,157,1712591134333,59.0,Someone said they should -keep the body from drifting away.,4801.0
1689,158,1712591136262,55.0,They took their flashlights and went back to the river.,1929.0
1689,159,1712591139187,66.0,One of the men - it might have been Stuart - waded in and got her.,2924.0
1689,160,1712591141151,53.0,He took her by the fingers and pulled her into shore.,1964.0
1689,161,1712591147106,87.0,He got some nylon cord and tied it to her wrist and then looped the rest around a tree.,5954.0
1689,162,1712591151036,99.0,"The next morning they cooked breakfast, drank coffee, and drank whiskey, and then split up to fish.",3929.0
1689,163,1712591160634,182.0,"That night they cooked fish, cooked potatoes, drank coffee, drank whiskey, then took their cooking things and eating things back down to the river and washed them where the girl was.",9598.0
1689,164,1712591162351,32.0,They played some cards later on.,1717.0
1689,165,1712591165544,55.0,Maybe they played until they couldn't see them anymore.,3193.0
1689,166,1712591167106,28.0,Vern Williams went to sleep.,1561.0
1689,167,1712591168526,28.0,But the others told stories.,1419.0
1689,168,1712591175753,100.0,Gordon Johnson said the trout they'd caught were hard because of the terrible coldness of the water.,7227.0
1689,169,1712591181792,154.0,"The next morning they got up late, drank whiskey, fished a little, took down their tents, rolled their sleeping bags, gathered their stuff, and hiked out.",6039.0
1689,170,1712591184415,41.0,They drove until they got to a telephone.,2623.0
1689,171,1712591188340,86.0,It was Stuart who made the call while the others stood around in the sun and listened.,3925.0
1689,172,1712591189652,32.0,He gave the sheriff their names.,1311.0
1689,173,1712591191111,25.0,They had nothing to hide.,1458.0
1689,174,1712591192221,21.0,They weren't ashamed.,1110.0
1689,175,1712591196843,100.0,They said they'd wait until someone could come for better directions and take down their statements.,4621.0
1689,176,1712591197845,3.0,***,1002.0
1689,177,1712591199715,30.0,I was asleep when he got home.,1869.0
1689,178,1712591202584,46.0,But I woke up when I heard him in the kitchen.,2867.0
1689,179,1712591204775,64.0,I found him leaning against the refrigerator with a can of beer.,2191.0
1689,180,1712591208367,68.0,He put his heavy arms around me and rubbed his big hands on my back.,3592.0
1689,181,1712591213723,85.0,In bed he put his hands on me again and then waited as if thinking of something else.,5356.0
1689,182,1712591215333,28.0,I turned and opened my legs.,1610.0
1689,183,1712591217429,36.0,"Afterwards, I think he stayed awake.",2095.0
1689,184,1712591221319,53.0,He was up that morning before I could get out of bed.,3889.0
1689,185,1712591224587,54.0,"To see if there was something in the paper, I suppose.",3267.0
1689,186,1712591227489,46.0,The telephone began ringing right after eight.,2901.0
1689,187,1712591229613,13.0,"""Go to hell!""",2123.0
1689,188,1712591231214,18.0,I heard him shout.,1601.0
1689,189,1712591233764,31.0,The telephone rang right again.,2550.0
1689,190,1712591237032,59.0,"""I have nothing to add to what I already told the sheriff!""",3268.0
1689,191,1712591238549,29.0,He slammed the receiver down.,1516.0
1689,192,1712591240654,27.0,"""What is going on?"" I said.",2104.0
1689,193,1712591243761,49.0,It was then that he told me what I just told you.,3107.0
1689,194,1712591244869,3.0,***,1107.0
1689,195,1712591247302,44.0,I sweep up the broken dishes and go outside.,2432.0
1689,196,1712591250434,85.0,"He is lying on his back on the grass now, the newspaper and can of beer within reach.",3132.0
1689,197,1712591253787,41.0,"""Stuart, could we go for a drive?"" I say.",3352.0
1689,198,1712591255705,30.0,He rolls over and looks at me.,1918.0
1689,199,1712591257726,37.0,"""We'll pick up some beer,"" he says...",2021.0
1689,200,1712591260698,62.0,He gets to his feet and touches me on the hip as he goes past.,2972.0
1689,201,1712591261922,28.0,"""Give me a minute,"" he says.",1224.0
1689,202,1712591263717,39.0,We drive through town without speaking.,1794.0
1689,203,1712591265878,39.0,He stops at a roadside market for beer.,2160.0
1689,204,1712591268970,54.0,I notice a great stack of papers just inside the door.,3091.0
1689,205,1712591276311,89.0,On the top step a fat woman in a print dress holds out a licorice stick to a little girl.,7340.0
1689,206,1712591288990,66.0,"Later on, we cross Everson Creek and turn into the picnic grounds.",12678.0
1689,207,1712591311056,79.0,The creek runs under the bridge and into a large pond a few hundred yards away.,22066.0
1689,208,1712591312957,28.0,I can see the men out there.,1901.0
1689,209,1712591314481,33.0,I can see them out there fishing.,1523.0
1689,210,1712591316290,31.0,So much water so close to home.,1807.0
1689,211,1712591318001,43.0,"I say, ""Why did you have to go miles away?""",1711.0
1689,212,1712591319843,25.0,"""Don't rile me,"" he says.",1841.0
1689,213,1712591321461,29.0,We sit on a bench in the sun.,1617.0
1689,214,1712591322723,25.0,He opens us cans of beer.,1262.0
1689,215,1712591324488,25.0,"He says, ""Relax, Claire.""",1765.0
1689,216,1712591329369,30.0,"""They said they were innocent.",4879.0
1689,217,1712591333505,27.0,"They said they were crazy.""",4136.0
1689,218,1712591334343,15.0,"He says, ""Who?""",837.0
1689,219,1712591336000,38.0,"He says, ""What are you talking about?""",1657.0
1689,220,1712591337346,21.0,"""The Maddox brothers.",1346.0
1689,221,1712591340036,54.0,They killed a girl named Arlene Hubly where I grew up.,2689.0
1689,222,1712591343965,60.0,They cut off her head and threw her into the Cle Elum River.,3929.0
1689,223,1712591345141,31.0,"It happened when I was a girl.""",1176.0
1689,224,1712591348340,40.0,"""You're going to get me riled,"" he says.",3199.0
1689,225,1712591352668,20.0,I look at the creek.,4328.0
1689,226,1712591358347,79.0,"I'm right in it, eyes open, face down, staring at the moss on the bottom, dead.",5678.0
1689,227,1712591360746,62.0,"""I don't know what's wrong with you,"" he says on the way home.",2399.0
1689,228,1712591362604,45.0,"""You're getting me more riled by the minute.""",1857.0
1689,229,1712591364091,34.0,There is nothing I can say to him.,1486.0
1689,230,1712591365581,36.0,He tries to concentrate on the road.,1489.0
1689,231,1712591367739,47.0,But he keeps looking into the rear-view mirror.,2157.0
1689,232,1712591368767,9.0,He knows.,1028.0
1689,233,1712591369847,3.0,***,1079.0
1689,234,1712591374742,52.0,Stuart believes he is letting me sleep this morning.,4895.0
1689,235,1712591377833,47.0,But I was awake long before the alarm went off.,3091.0
1689,236,1712591382862,74.0,"I was thinking, lying on the far side of the bed away from his hairy legs.",5027.0
1689,237,1712591387483,78.0,"He gets Dean off for school, and then he shaves, dresses, and leaves for work.",4621.0
1689,238,1712591389439,40.0,Twice he looks in and clears his throat.,1956.0
1689,239,1712591390853,26.0,But I keep my eyes closed.,1414.0
1689,240,1712591393066,38.0,In the kitchen I find a note from him.,2213.0
1689,241,1712591394042,19.0,"It's signed ""Love.""",975.0
1689,242,1712591397862,74.0,I sit in the breakfast nook and drink coffee and leave a ring on the note.,3818.0
1689,243,1712591400795,67.0,I look at the newspaper and turn it this way and that on the table.,2933.0
1689,244,1712591405316,43.0,Then I skid it close and read what it says.,4521.0
1689,245,1712591407145,38.0,"The body has been identified, claimed.",1829.0
1689,246,1712591414928,155.0,"But it took some examining it, some putting things into it, some cutting, some weighing, some measuring, some putting things back again and sewing them in.",7782.0
1689,247,1712591417287,57.0,I sit for a long time holding the newspaper and thinking.,2359.0
1689,248,1712591422543,51.0,Then I call up to get a chair at the hairdresser's.,5255.0
1689,249,1712591423681,3.0,***,1137.0
1689,250,1712591431022,75.0,I sit under the dryer with a magazine on my lap and let Marnie do my nails.,7341.0
1689,251,1712591433069,42.0,"""I am going to a funeral tomorrow,"" I say.",2046.0
1689,252,1712591434148,38.0,"""I'm sorry to hear that,"" Marnie says.",1078.0
1689,253,1712591435231,25.0,"""It was a murder,"" I say.",1082.0
1689,254,1712591436260,37.0,"""That's the worst kind,"" Marnie says.",1029.0
1689,255,1712591437510,35.0,"""We weren't all that close,"" I say.",1250.0
1689,256,1712591438926,15.0,"""But you know?""",1415.0
1689,257,1712591441951,45.0,"""We'll get you fixed up for it,"" Marnie says.",3024.0
1689,258,1712591447248,72.0,"That night I make my bed on the sofa, and in the morning I get up first.",5297.0
1689,259,1712591449684,50.0,I put on coffee and fix breakfast while he shaves.,2435.0
1689,260,1712591455915,76.0,"He appears in the kitchen doorway, towel over his bare shoulder, appraising.",6230.0
1689,261,1712591456958,23.0,"""Here's coffee,"" I say.",1042.0
1689,262,1712591458221,31.0,"""Eggs'll be ready in a minute.”",1262.0
1689,263,1712591459798,37.0,"I wake Dean, and the three of us eat.",1577.0
1689,264,1712591464082,79.0,"Whenever Stuart looks at me, I ask Dean if he wants more milk, more toast, etc.",4283.0
1689,265,1712591467876,56.0,"""I'll call you today,"" Stuart says as he opens the door.",3793.0
1689,266,1712591469590,42.0,"I say, ""I don't think I'll be home today.""",1714.0
1689,267,1712591470973,21.0,"""All right,"" he says.",1383.0
1689,268,1712591472173,7.0,"""Sure.""",1200.0
1689,269,1712591473680,18.0,I dress carefully.,1506.0
1689,270,1712591482923,48.0,I try on a hat and look at myself in the mirror.,9241.0
1689,271,1712591484061,28.0,I write out a note for Dean.,1138.0
1689,272,1712591487521,69.0,"Honey, Mommy has things to do this afternoon, but will be back later.",3459.0
1689,273,1712591490012,61.0,You stay in or be in the backyard until one of us comes home.,2490.0
1689,274,1712591490859,11.0,"Love, Mommy",847.0
1689,275,1712591492781,48.0,I look at the word Love and then I underline it.,1921.0
1689,276,1712591494515,29.0,Then I see the word backyard.,1733.0
1689,277,1712591495992,22.0,Is it one word or two?,1477.0
1689,278,1712591496486,3.0,***,494.0
1689,279,1712591504059,121.0,"I drive through farm country, through fields of oats and sugar beets and past apple orchards, cattle grazing in pastures.",7573.0
1689,280,1712591509187,99.0,"Then everything changes, more like shacks than farmhouses and stands of timber instead of orchards.",5128.0
1689,281,1712591513315,78.0,"Then mountains, and on the right, far below, I sometimes see the Naches River.",4126.0
1689,282,1712591531123,64.0,A green pickup comes up behind me and stays behind me for miles.,17808.0
1689,283,1712591534759,55.0,"I keep slowing at the wrong times, hoping he will pass.",3635.0
1689,284,1712591536092,16.0,Then I speed up.,1333.0
1689,285,1712591539860,36.0,"But this is at the wrong times, too.",3768.0
1689,286,1712591542323,39.0,I grip the wheel until my fingers hurt.,2462.0
1689,287,1712591548216,37.0,On a long clear stretch he goes past.,5892.0
1689,288,1712591554760,73.0,"But he drives along beside for a bit, a crewcut man in a blue work shirt.",6544.0
1689,289,1712591555617,24.0,We look each other over.,856.0
1689,290,1712591558541,53.0,"Then he waves, toots his horn, and pulls on up ahead.",2923.0
1689,291,1712591560219,29.0,I slow down and find a place.,1678.0
1689,292,1712591561478,35.0,I pull over and shut off the motor.,1258.0
1689,293,1712591568797,42.0,I can hear the river down below the trees.,7317.0
1689,294,1712591569789,35.0,Then I hear the pickup coming back.,992.0
1689,295,1712591571656,41.0,I lock the doors and roll up the windows.,1866.0
1689,296,1712591573121,30.0,"""You all right?"" the man says.",1465.0
1689,297,1712591574356,21.0,He raps on the glass.,1235.0
1689,298,1712591575570,11.0,"""You okay?""",1213.0
1689,299,1712591578975,64.0,He leans his arms on the door and brings his face to the window.,3405.0
1689,300,1712591580327,15.0,I stare at him.,1352.0
1689,301,1712591583782,30.0,I can't think what else to do.,3455.0
1689,302,1712591585289,34.0,"""Is everything all right in there?",1506.0
1689,303,1712591587336,31.0,"How come you're all locked up?""",2047.0
1689,304,1712591587955,16.0,I shake my head.,619.0
1689,305,1712591589045,24.0,"""Roll down your window.""",1090.0
1689,306,1712591591424,64.0,He shakes his head and looks at the highway and then back at me.,2379.0
1689,307,1712591592616,19.0,"""Roll it down now.""",1192.0
1689,308,1712591593998,32.0,"""Please,"" I say, ""I have to go.""",1382.0
1689,309,1712591596108,50.0,"""Open the door,"" he says as if he isn't listening.",2110.0
1689,310,1712591604518,33.0,"""You're going to choke in there.""",8409.0
1689,311,1712591607024,32.0,"He looks at my breasts, my legs.",2506.0
1689,312,1712591608811,34.0,I can tell that's what he's doing.,1786.0
1689,313,1712591609775,22.0,"""Hey, sugar,"" he says.",964.0
1689,314,1712591627417,31.0,"""I'm just here to help is all.""",17642.0
1689,315,1712591628347,3.0,***,930.0
1689,316,1712591630077,52.0,The casket is closed and covered with floral sprays.,1730.0
1689,317,1712591632419,45.0,The organ starts up the minute I take a seat.,2342.0
1689,318,1712591633749,40.0,People are coming in and finding chairs.,1329.0
1689,319,1712591636255,63.0,There's a boy in flared pants and a yellow short-sleeved shirt.,2505.0
1689,320,1712591642124,100.0,A door opens and the family comes in in a group and moves over to a curtained place off to one side.,5869.0
1689,321,1712591644391,39.0,Chairs creak as everybody gets settled.,2266.0
1689,322,1712591664773,83.0,"Directly, a nice blond man in a nice dark suit stands and asks us to bow our heads.",20382.0
1689,323,1712591668498,105.0,"He says a prayer for us, the living, and when he finishes, he says a prayer for the soul of the departed.",3725.0
1689,324,1712591669912,43.0,Along with the others I go past the casket.,1414.0
1689,325,1712591672053,66.0,Then I move out onto the front steps and into the afternoon light.,2140.0
1689,326,1712591675208,66.0,There's a woman who limps as she goes down the stairs ahead of me.,3155.0
1689,327,1712591677280,33.0,On the sidewalk she looks around.,2072.0
1689,328,1712591681024,31.0,"""Well, they got him,"" she says.",3744.0
1689,329,1712591706179,27.0,"""If that's any consolation.",25154.0
1689,330,1712591707550,31.0,They arrested him this morning.,1371.0
1689,331,1712591709554,38.0,I heard it on the radio before I come.,2004.0
1689,332,1712591711252,26.0,"A boy right here in town.""",1698.0
1689,333,1712591713989,42.0,We move a few steps down the hot sidewalk.,2737.0
1689,334,1712591714901,25.0,People are starting cars.,911.0
1689,335,1712591717077,49.0,I put out my hand and hold on to a parking meter.,2176.0
1689,336,1712591719761,36.0,Polished hoods and polished fenders.,2684.0
1689,337,1712591720849,14.0,My head swims.,1087.0
1689,338,1712591723411,41.0,"I say, ""They have friends, these killers.",2562.0
1689,339,1712591725314,16.0,"You can't tell.""",1903.0
1689,340,1712591736921,70.0,"""I have known that child since she was a little girl,"" the woman says.",11605.0
1689,341,1712591740563,93.0,"""She used to come over and I'd bake cookies for her and let her eat them in front of the TV.""",3642.0
1689,342,1712591741464,3.0,***,900.0
1689,343,1712591744770,76.0,"Back home, Stuart sits at the table with a drink of whiskey in front of him.",3304.0
1689,344,1712591747202,57.0,For a crazy instant I think something's happened to Dean.,2432.0
1689,345,1712591748119,14.0,"""Where is he?""",917.0
1689,346,1712591748658,6.0,I say.,538.0
1689,347,1712591749456,16.0,"""Where is Dean?""",797.0
1689,348,1712591750955,27.0,"""Outside,"" my husband says.",1499.0
1689,349,1712591752916,34.0,He drains his glass and stands up.,1960.0
1689,350,1712591757613,40.0,"He says, ""I think I know what you need.""",4697.0
1689,351,1712591764491,138.0,He reaches an arm around my waist and with his other hand he begins to unbutton my jacket and then he goes on to the buttons of my blouse.,6878.0
1689,352,1712591765727,30.0,"""First things first,"" he says.",1235.0
1689,353,1712591767351,23.0,He says something else.,1623.0
1689,354,1712591768307,27.0,But I don't need to listen.,954.0
1689,355,1712591770068,46.0,I can't hear a thing with so much water going.,1761.0
1689,356,1712591770650,3.0,***,581.0
1625,114,1712614412786,3.0,***,51732.0
1625,115,1712614428689,37.0,My husband eats with a good appetite.,15903.0
1625,116,1712614432727,37.0,But I don't think he's really hungry.,4038.0
1625,117,1712614442760,69.0,"He chews, arms on the table, and stares at something across the room.",10033.0
1625,118,1712614445278,30.0,He looks at me and looks away.,2518.0
1625,119,1712614447661,33.0,He wipes his mouth on the napkin.,2383.0
1625,120,1712614450295,30.0,"He shrugs, and goes on eating.",2634.0
1625,121,1712614453988,42.0,"""What are you staring at me for?"" he says.",3693.0
1625,122,1712614457493,45.0,"""What is it?"" he says and lays down his fork.",3505.0
1625,123,1712614462558,42.0,"""Was I staring?"" I say, and shake my head.",5065.0
1625,124,1712614464661,20.0,The telephone rings.,2103.0
1625,125,1712614466742,27.0,"""Don't answer it,"" he says.",2081.0
1625,126,1712614470078,33.0,"""It might be your mother,"" I say.",3336.0
1625,127,1712614471700,25.0,"""Watch and see,"" he says.",1622.0
1625,128,1712614473507,34.0,I pick up the receiver and listen.,1807.0
1625,129,1712614475285,24.0,My husband stops eating.,1778.0
1625,130,1712614478581,46.0,"""What did I tell you?"" he says when I hang up.",3296.0
1625,131,1712614479971,23.0,He starts to eat again.,1389.0
1625,132,1712614481593,36.0,Then throws his napkin on his plate.,1622.0
1625,133,1712614484871,63.0,"He says, ""Goddamn it, why can't people mind their own business?",3278.0
1625,134,1712614487562,41.0,Tell me what I did wrong and I'll listen!,2691.0
1625,135,1712614490638,28.0,I wasn't the only man there.,3076.0
1625,136,1712614495132,37.0,We talked it over and we all decided.,4494.0
1625,137,1712614498971,29.0,We couldn't just turn around.,3839.0
1625,138,1712614501181,32.0,We were five miles from the car.,2210.0
1625,139,1712614504599,34.0,I won't have you passing judgment.,3418.0
1625,140,1712614506225,13.0,"Do you hear?""",1626.0
1625,141,1712614508792,18.0,"""You know,"" I say.",2567.0
1625,142,1712614516950,33.0,"He says, ""What do I know, Claire?",8158.0
1625,143,1712614518719,34.0,Tell me what I'm supposed to know.,1769.0
1625,144,1712614521125,40.0,"I don't know anything except one thing?""",2406.0
1625,145,1712614526003,48.0,He gives me what he thinks is a meaningful look.,4878.0
1625,146,1712614530085,24.0,"""She was dead,"" he says.",4082.0
1625,147,1712614535306,33.0,"""And I'm as sorry as anyone else.",5221.0
1625,148,1712614537011,18.0,"But she was dead.""",1705.0
1625,149,1712614539350,26.0,"""That's the point,"" I say.",2339.0
1625,150,1712614540796,20.0,He raises his hands.,1446.0
1625,151,1712614546012,40.0,He pushes his chair away from the table.,5215.0
1625,152,1712614554487,72.0,He takes out his cigarettes and goes out to the back with a can of beer.,8475.0
1625,153,1712614558448,64.0,I see him sit in the lawn chair and pick up the newspaper again.,3961.0
1625,154,1712614561601,39.0,His name is in there on the first page.,3153.0
1625,155,1712614565082,36.0,Along with the names of his friends.,3481.0
1625,156,1712614568200,40.0,I close my eyes and hold on to the sink.,3118.0
1625,157,1712614577923,74.0,Then I rake my arm across the drainboard and send the dishes to the floor.,9723.0
1625,158,1712614580195,16.0,He doesn't move.,2271.0
1625,159,1712614584173,18.0,I know he's heard.,3978.0
1625,160,1712614588261,40.0,He lifts his head as if still listening.,4088.0
1625,161,1712614591285,30.0,But he doesn't move otherwise.,3024.0
1625,162,1712614593969,23.0,He doesn't turn around.,2684.0
1625,163,1712614601946,3.0,***,7977.0
1625,164,1712614610658,88.0,"He and Gordon Johnson and Mel Dorn and Vern Williams, they play poker and bowl and fish.",8712.0
1625,165,1712614624234,85.0,They fish every spring and early summer before visiting relatives can get in the way.,13576.0
1625,166,1712614628287,65.0,"They are decent men, family men, men who take care of their jobs.",4053.0
1625,167,1712614632016,65.0,"They have sons and daughters who go to school with our son, Dean.",3729.0
1625,168,1712614635689,55.0,Last Friday these family men left for the Naches River.,3673.0
1625,169,1712614639561,76.0,They parked the car in the mountains and hiked to where they wanted to fish.,3872.0
1625,170,1712614644983,76.0,"They carried their bedrolls, their food, their playing cards, their whiskey.",5422.0
1625,171,1712614650155,42.0,They saw the girl before they set up camp.,5172.0
1625,172,1712614653517,19.0,Mel Dorn found her.,3361.0
1625,173,1712614655848,25.0,No clothes on her at all.,2331.0
1625,174,1712614659793,64.0,She was wedged into some branches that stuck out over the water.,3945.0
1625,175,1712614662012,43.0,He called the others and they came to look.,2219.0
1625,176,1712614664493,29.0,They talked about what to do.,2481.0
1625,177,1712614673465,82.0,One of the men - my Stuart didn't say which - said they should start back at once.,8972.0
1625,178,1712614679441,86.0,"The others stirred the sand with their shoes, said they didn't feel inclined that way.",5976.0
1625,179,1712614690247,82.0,"They pleaded fatigue, the late hour, the fact that the girl wasn't going anywhere.",10806.0
1625,180,1712614698945,47.0,In the end they went ahead and set up the camp.,8698.0
1625,181,1712614701218,42.0,They built a fire and drank their whiskey.,2271.0
1625,182,1712614703650,50.0,"When the moon came up, they talked about the girl.",2432.0
1625,183,1712614707539,59.0,Someone said they should -keep the body from drifting away.,3889.0
1625,184,1712614710022,55.0,They took their flashlights and went back to the river.,2482.0
1625,185,1712614713638,66.0,One of the men - it might have been Stuart - waded in and got her.,3616.0
1625,186,1712614716676,53.0,He took her by the fingers and pulled her into shore.,3038.0
1625,187,1712614724217,87.0,He got some nylon cord and tied it to her wrist and then looped the rest around a tree.,7541.0
1625,188,1712614729519,99.0,"The next morning they cooked breakfast, drank coffee, and drank whiskey, and then split up to fish.",5302.0
1625,189,1712614742697,182.0,"That night they cooked fish, cooked potatoes, drank coffee, drank whiskey, then took their cooking things and eating things back down to the river and washed them where the girl was.",13178.0
1625,190,1712614745005,32.0,They played some cards later on.,2308.0
1625,191,1712614748127,55.0,Maybe they played until they couldn't see them anymore.,3122.0
1625,192,1712614750954,28.0,Vern Williams went to sleep.,2827.0
1625,193,1712614752598,28.0,But the others told stories.,1644.0
1625,194,1712614759880,100.0,Gordon Johnson said the trout they'd caught were hard because of the terrible coldness of the water.,7282.0
1625,195,1712614769336,154.0,"The next morning they got up late, drank whiskey, fished a little, took down their tents, rolled their sleeping bags, gathered their stuff, and hiked out.",9456.0
1625,196,1712614771612,41.0,They drove until they got to a telephone.,2276.0
1625,197,1712614775540,86.0,It was Stuart who made the call while the others stood around in the sun and listened.,3928.0
1625,198,1712614777764,32.0,He gave the sheriff their names.,2224.0
1625,199,1712614779830,25.0,They had nothing to hide.,2066.0
1625,200,1712614781310,21.0,They weren't ashamed.,1479.0
1625,201,1712614788869,100.0,They said they'd wait until someone could come for better directions and take down their statements.,7559.0
1625,202,1712614796762,3.0,***,7893.0
1625,203,1712614800836,30.0,I was asleep when he got home.,4074.0
1625,204,1712614803393,46.0,But I woke up when I heard him in the kitchen.,2557.0
1625,205,1712614807233,64.0,I found him leaning against the refrigerator with a can of beer.,3839.0
1625,206,1712614810715,68.0,He put his heavy arms around me and rubbed his big hands on my back.,3482.0
1625,207,1712614819245,85.0,In bed he put his hands on me again and then waited as if thinking of something else.,8530.0
1625,208,1712614821188,28.0,I turned and opened my legs.,1943.0
1625,209,1712614826606,36.0,"Afterwards, I think he stayed awake.",5418.0
1625,210,1712614830333,53.0,He was up that morning before I could get out of bed.,3727.0
1625,211,1712614834422,54.0,"To see if there was something in the paper, I suppose.",4089.0
1625,212,1712614837773,46.0,The telephone began ringing right after eight.,3351.0
1625,213,1712614840191,13.0,"""Go to hell!""",2418.0
1625,214,1712614842168,18.0,I heard him shout.,1977.0
1625,215,1712614844729,31.0,The telephone rang right again.,2561.0
1625,216,1712614848740,59.0,"""I have nothing to add to what I already told the sheriff!""",4011.0
1625,217,1712614850655,29.0,He slammed the receiver down.,1915.0
1625,218,1712614852342,27.0,"""What is going on?"" I said.",1687.0
1625,219,1712614856094,49.0,It was then that he told me what I just told you.,3752.0
1625,220,1712614858627,3.0,***,2533.0
1625,221,1712614862004,44.0,I sweep up the broken dishes and go outside.,3377.0
1625,222,1712614869693,85.0,"He is lying on his back on the grass now, the newspaper and can of beer within reach.",7689.0
1625,223,1712614873284,41.0,"""Stuart, could we go for a drive?"" I say.",3591.0
1625,224,1712614876234,30.0,He rolls over and looks at me.,2950.0
1625,225,1712614881570,37.0,"""We'll pick up some beer,"" he says...",5327.0
1625,226,1712614887453,62.0,He gets to his feet and touches me on the hip as he goes past.,5875.0
1625,227,1712614889981,28.0,"""Give me a minute,"" he says.",2527.0
1625,228,1712614893320,39.0,We drive through town without speaking.,3339.0
1625,229,1712614895721,39.0,He stops at a roadside market for beer.,2399.0
1625,230,1712614899590,54.0,I notice a great stack of papers just inside the door.,3869.0
1625,231,1712614913829,89.0,On the top step a fat woman in a print dress holds out a licorice stick to a little girl.,14239.0
1625,232,1712614919050,66.0,"Later on, we cross Everson Creek and turn into the picnic grounds.",5221.0
1625,233,1712614924739,79.0,The creek runs under the bridge and into a large pond a few hundred yards away.,5689.0
1625,234,1712614926828,28.0,I can see the men out there.,2089.0
1625,235,1712614929110,33.0,I can see them out there fishing.,2282.0
1625,236,1712614931244,31.0,So much water so close to home.,2133.0
1625,237,1712614935080,43.0,"I say, ""Why did you have to go miles away?""",3836.0
1625,238,1712614937650,25.0,"""Don't rile me,"" he says.",2570.0
1625,239,1712614941543,29.0,We sit on a bench in the sun.,3892.0
1625,240,1712614948495,25.0,He opens us cans of beer.,6951.0
1625,241,1712614950385,25.0,"He says, ""Relax, Claire.""",1890.0
1625,242,1712614955628,30.0,"""They said they were innocent.",5243.0
1625,243,1712614959986,27.0,"They said they were crazy.""",4358.0
1625,244,1712614962973,15.0,"He says, ""Who?""",2987.0
1625,245,1712614967102,38.0,"He says, ""What are you talking about?""",4129.0
1625,246,1712614969401,21.0,"""The Maddox brothers.",2299.0
1625,247,1712614975703,54.0,They killed a girl named Arlene Hubly where I grew up.,6302.0
1625,248,1712614980451,60.0,They cut off her head and threw her into the Cle Elum River.,4748.0
1625,249,1712614982665,31.0,"It happened when I was a girl.""",2214.0
1625,250,1712614985663,40.0,"""You're going to get me riled,"" he says.",2998.0
1625,251,1712614988230,20.0,I look at the creek.,2567.0
1625,252,1712614999889,79.0,"I'm right in it, eyes open, face down, staring at the moss on the bottom, dead.",11659.0
1625,253,1712615003921,62.0,"""I don't know what's wrong with you,"" he says on the way home.",4032.0
1625,254,1712615006414,45.0,"""You're getting me more riled by the minute.""",2493.0
1625,255,1712615008270,34.0,There is nothing I can say to him.,1856.0
1625,256,1712615010430,36.0,He tries to concentrate on the road.,2160.0
1625,257,1712615013086,47.0,But he keeps looking into the rear-view mirror.,2656.0
1625,258,1712615014668,9.0,He knows.,1581.0
1625,259,1712615016074,3.0,***,1406.0
1625,260,1712615019856,52.0,Stuart believes he is letting me sleep this morning.,3782.0
1625,261,1712615023294,47.0,But I was awake long before the alarm went off.,3438.0
1625,262,1712615033029,74.0,"I was thinking, lying on the far side of the bed away from his hairy legs.",9735.0
1625,263,1712615037854,78.0,"He gets Dean off for school, and then he shaves, dresses, and leaves for work.",4825.0
1625,264,1712615041127,40.0,Twice he looks in and clears his throat.,3273.0
1625,265,1712615042685,26.0,But I keep my eyes closed.,1558.0
1625,266,1712615044328,38.0,In the kitchen I find a note from him.,1642.0
1625,267,1712615045998,19.0,"It's signed ""Love.""",1670.0
1625,268,1712615058127,74.0,I sit in the breakfast nook and drink coffee and leave a ring on the note.,12129.0
1625,269,1712615067714,67.0,I look at the newspaper and turn it this way and that on the table.,9587.0
1625,270,1712615072451,43.0,Then I skid it close and read what it says.,4737.0
1625,271,1712615074658,38.0,"The body has been identified, claimed.",2206.0
1625,272,1712615083648,155.0,"But it took some examining it, some putting things into it, some cutting, some weighing, some measuring, some putting things back again and sewing them in.",8990.0
1625,273,1712615086207,57.0,I sit for a long time holding the newspaper and thinking.,2559.0
1625,274,1712615091677,51.0,Then I call up to get a chair at the hairdresser's.,5470.0
1625,275,1712615093446,3.0,***,1768.0
1625,276,1712615099025,75.0,I sit under the dryer with a magazine on my lap and let Marnie do my nails.,5579.0
1625,277,1712615102916,42.0,"""I am going to a funeral tomorrow,"" I say.",3890.0
1625,278,1712615104708,38.0,"""I'm sorry to hear that,"" Marnie says.",1792.0
1625,279,1712615106920,25.0,"""It was a murder,"" I say.",2212.0
1625,280,1712615109827,37.0,"""That's the worst kind,"" Marnie says.",2907.0
1625,281,1712615112889,35.0,"""We weren't all that close,"" I say.",3062.0
1625,282,1712615114429,15.0,"""But you know?""",1540.0
1625,283,1712615117402,45.0,"""We'll get you fixed up for it,"" Marnie says.",2973.0
1625,284,1712615126567,72.0,"That night I make my bed on the sofa, and in the morning I get up first.",9165.0
1625,285,1712615129373,50.0,I put on coffee and fix breakfast while he shaves.,2806.0
1625,286,1712615133004,76.0,"He appears in the kitchen doorway, towel over his bare shoulder, appraising.",3631.0
1625,287,1712615137650,23.0,"""Here's coffee,"" I say.",4645.0
1625,288,1712615139470,31.0,"""Eggs'll be ready in a minute.”",1820.0
1625,289,1712615141929,37.0,"I wake Dean, and the three of us eat.",2459.0
1625,290,1712615151593,79.0,"Whenever Stuart looks at me, I ask Dean if he wants more milk, more toast, etc.",9663.0
1625,291,1712615158405,56.0,"""I'll call you today,"" Stuart says as he opens the door.",6812.0
1625,292,1712615161845,42.0,"I say, ""I don't think I'll be home today.""",3440.0
1625,293,1712615163232,21.0,"""All right,"" he says.",1387.0
1625,294,1712615164344,7.0,"""Sure.""",1112.0
1625,295,1712615165384,18.0,I dress carefully.,1040.0
1625,296,1712615168106,48.0,I try on a hat and look at myself in the mirror.,2722.0
1625,297,1712615170529,28.0,I write out a note for Dean.,2423.0
1625,298,1712615174002,69.0,"Honey, Mommy has things to do this afternoon, but will be back later.",3472.0
1625,299,1712615177895,61.0,You stay in or be in the backyard until one of us comes home.,3893.0
1625,300,1712615178993,11.0,"Love, Mommy",1098.0
1625,301,1712615181990,48.0,I look at the word Love and then I underline it.,2996.0
1625,302,1712615184497,29.0,Then I see the word backyard.,2507.0
1625,303,1712615191665,22.0,Is it one word or two?,7168.0
1625,304,1712615194117,3.0,***,2452.0
1625,305,1712615202922,121.0,"I drive through farm country, through fields of oats and sugar beets and past apple orchards, cattle grazing in pastures.",8805.0
1625,306,1712615211006,99.0,"Then everything changes, more like shacks than farmhouses and stands of timber instead of orchards.",8084.0
1625,307,1712615215581,78.0,"Then mountains, and on the right, far below, I sometimes see the Naches River.",4575.0
1625,308,1712615221037,64.0,A green pickup comes up behind me and stays behind me for miles.,5456.0
1625,309,1712615226084,55.0,"I keep slowing at the wrong times, hoping he will pass.",5047.0
1625,310,1712615227234,16.0,Then I speed up.,1150.0
1625,311,1712615229855,36.0,"But this is at the wrong times, too.",2621.0
1625,312,1712615232899,39.0,I grip the wheel until my fingers hurt.,3044.0
1625,313,1712615235201,37.0,On a long clear stretch he goes past.,2302.0
1625,314,1712615242121,73.0,"But he drives along beside for a bit, a crewcut man in a blue work shirt.",6920.0
1625,315,1712615244088,24.0,We look each other over.,1967.0
1625,316,1712615247788,53.0,"Then he waves, toots his horn, and pulls on up ahead.",3700.0
1625,317,1712615250024,29.0,I slow down and find a place.,2236.0
1625,318,1712615251833,35.0,I pull over and shut off the motor.,1809.0
1625,319,1712615254764,42.0,I can hear the river down below the trees.,2931.0
1625,320,1712615257092,35.0,Then I hear the pickup coming back.,2328.0
1625,321,1712615259917,41.0,I lock the doors and roll up the windows.,2824.0
1625,322,1712615261277,30.0,"""You all right?"" the man says.",1360.0
1625,323,1712615263850,21.0,He raps on the glass.,2573.0
1625,324,1712615264965,11.0,"""You okay?""",1115.0
1625,325,1712615269325,64.0,He leans his arms on the door and brings his face to the window.,4360.0
1625,326,1712615270419,15.0,I stare at him.,1094.0
1625,327,1712615273964,30.0,I can't think what else to do.,3545.0
1625,328,1712615275660,34.0,"""Is everything all right in there?",1696.0
1625,329,1712615277914,31.0,"How come you're all locked up?""",2254.0
1625,330,1712615279121,16.0,I shake my head.,1207.0
1625,331,1712615281038,24.0,"""Roll down your window.""",1916.0
1625,332,1712615289641,64.0,He shakes his head and looks at the highway and then back at me.,8603.0
1625,333,1712615290813,19.0,"""Roll it down now.""",1172.0
1625,334,1712615293875,32.0,"""Please,"" I say, ""I have to go.""",3062.0
1625,335,1712615297199,50.0,"""Open the door,"" he says as if he isn't listening.",3324.0
1625,336,1712615299185,33.0,"""You're going to choke in there.""",1985.0
1625,337,1712615302042,32.0,"He looks at my breasts, my legs.",2857.0
1625,338,1712615304354,34.0,I can tell that's what he's doing.,2312.0
1625,339,1712615305831,22.0,"""Hey, sugar,"" he says.",1477.0
1625,340,1712615307683,31.0,"""I'm just here to help is all.""",1852.0
1625,341,1712615309090,3.0,***,1407.0
1625,342,1712615313731,52.0,The casket is closed and covered with floral sprays.,4641.0
1625,343,1712615318950,45.0,The organ starts up the minute I take a seat.,5219.0
1625,344,1712615320683,40.0,People are coming in and finding chairs.,1733.0
1625,345,1712615325974,63.0,There's a boy in flared pants and a yellow short-sleeved shirt.,5290.0
1625,346,1712615334381,100.0,A door opens and the family comes in in a group and moves over to a curtained place off to one side.,8407.0
1625,347,1712615336727,39.0,Chairs creak as everybody gets settled.,2346.0
1625,348,1712615343391,83.0,"Directly, a nice blond man in a nice dark suit stands and asks us to bow our heads.",6662.0
1625,349,1712615349590,105.0,"He says a prayer for us, the living, and when he finishes, he says a prayer for the soul of the departed.",6199.0
1625,350,1712615351830,43.0,Along with the others I go past the casket.,2239.0
1625,351,1712615354240,66.0,Then I move out onto the front steps and into the afternoon light.,2410.0
1625,352,1712615358872,66.0,There's a woman who limps as she goes down the stairs ahead of me.,4632.0
1625,353,1712615360349,33.0,On the sidewalk she looks around.,1477.0
1625,354,1712615362760,31.0,"""Well, they got him,"" she says.",2411.0
1625,355,1712615364399,27.0,"""If that's any consolation.",1639.0
1625,356,1712615365582,31.0,They arrested him this morning.,1183.0
1625,357,1712615367167,38.0,I heard it on the radio before I come.,1585.0
1625,358,1712615368685,26.0,"A boy right here in town.""",1518.0
1625,359,1712615371624,42.0,We move a few steps down the hot sidewalk.,2939.0
1625,360,1712615373286,25.0,People are starting cars.,1662.0
1625,361,1712615376995,49.0,I put out my hand and hold on to a parking meter.,3709.0
1625,362,1712615381280,36.0,Polished hoods and polished fenders.,4284.0
1625,363,1712615382391,14.0,My head swims.,1111.0
1625,364,1712615385467,41.0,"I say, ""They have friends, these killers.",3076.0
1625,365,1712615387483,16.0,"You can't tell.""",2016.0
1625,366,1712615392994,70.0,"""I have known that child since she was a little girl,"" the woman says.",5511.0
1625,367,1712615398447,93.0,"""She used to come over and I'd bake cookies for her and let her eat them in front of the TV.""",5453.0
1625,368,1712615401194,3.0,***,2746.0
1625,369,1712615404882,76.0,"Back home, Stuart sits at the table with a drink of whiskey in front of him.",3688.0
1625,370,1712615408461,57.0,For a crazy instant I think something's happened to Dean.,3579.0
1625,371,1712615409400,14.0,"""Where is he?""",939.0
1625,372,1712615411348,6.0,I say.,1948.0
1625,373,1712615412988,16.0,"""Where is Dean?""",1640.0
1625,374,1712615414505,27.0,"""Outside,"" my husband says.",1517.0
1625,375,1712615417871,34.0,He drains his glass and stands up.,3366.0
1625,376,1712615422836,40.0,"He says, ""I think I know what you need.""",4965.0
1625,377,1712615431894,138.0,He reaches an arm around my waist and with his other hand he begins to unbutton my jacket and then he goes on to the buttons of my blouse.,9058.0
1625,378,1712615433978,30.0,"""First things first,"" he says.",2084.0
1625,379,1712615435513,23.0,He says something else.,1534.0
1625,380,1712615436472,27.0,But I don't need to listen.,959.0
1625,381,1712615439061,46.0,I can't hear a thing with so much water going.,2588.0
1625,382,1712615440986,3.0,***,1925.0
1705,95,1712598816835,3.0,***,11422.0
1705,96,1712598819834,37.0,My husband eats with a good appetite.,2999.0
1705,97,1712598822218,37.0,But I don't think he's really hungry.,2384.0
1705,98,1712598825962,69.0,"He chews, arms on the table, and stares at something across the room.",3743.0
1705,99,1712598827987,30.0,He looks at me and looks away.,2024.0
1705,100,1712598829218,33.0,He wipes his mouth on the napkin.,1231.0
1705,101,1712598830298,30.0,"He shrugs, and goes on eating.",1079.0
1705,102,1712598832730,42.0,"""What are you staring at me for?"" he says.",2431.0
1705,103,1712598835162,45.0,"""What is it?"" he says and lays down his fork.",2431.0
1705,104,1712598836874,42.0,"""Was I staring?"" I say, and shake my head.",1711.0
1705,105,1712598837866,20.0,The telephone rings.,992.0
1705,106,1712598838898,27.0,"""Don't answer it,"" he says.",1032.0
1705,107,1712598840114,33.0,"""It might be your mother,"" I say.",1215.0
1705,108,1712598841730,25.0,"""Watch and see,"" he says.",1615.0
1705,109,1712598843138,34.0,I pick up the receiver and listen.,1408.0
1705,110,1712598845674,24.0,My husband stops eating.,2535.0
1705,111,1712598848258,46.0,"""What did I tell you?"" he says when I hang up.",2583.0
1705,112,1712598849475,23.0,He starts to eat again.,1216.0
1705,113,1712598851482,36.0,Then throws his napkin on his plate.,2007.0
1705,114,1712598853786,63.0,"He says, ""Goddamn it, why can't people mind their own business?",2304.0
1705,115,1712598855874,41.0,Tell me what I did wrong and I'll listen!,2088.0
1705,116,1712598859410,28.0,I wasn't the only man there.,3535.0
1705,117,1712598862131,37.0,We talked it over and we all decided.,2721.0
1705,118,1712598864818,29.0,We couldn't just turn around.,2687.0
1705,119,1712598867386,32.0,We were five miles from the car.,2567.0
1705,120,1712598869370,34.0,I won't have you passing judgment.,1983.0
1705,121,1712598870578,13.0,"Do you hear?""",1208.0
1705,122,1712598872234,18.0,"""You know,"" I say.",1656.0
1705,123,1712598875746,33.0,"He says, ""What do I know, Claire?",3511.0
1705,124,1712598878220,34.0,Tell me what I'm supposed to know.,2474.0
1705,125,1712598881802,40.0,"I don't know anything except one thing?""",3575.0
1705,126,1712598883715,48.0,He gives me what he thinks is a meaningful look.,1912.0
1705,127,1712598885346,24.0,"""She was dead,"" he says.",1631.0
1705,128,1712598888034,33.0,"""And I'm as sorry as anyone else.",2688.0
1705,129,1712598889570,18.0,"But she was dead.""",1536.0
1705,130,1712598891074,26.0,"""That's the point,"" I say.",1504.0
1705,131,1712598893401,20.0,He raises his hands.,2327.0
1705,132,1712598895307,40.0,He pushes his chair away from the table.,1905.0
1705,133,1712598898418,72.0,He takes out his cigarettes and goes out to the back with a can of beer.,3111.0
1705,134,1712598901906,64.0,I see him sit in the lawn chair and pick up the newspaper again.,3487.0
1705,135,1712598904378,39.0,His name is in there on the first page.,2471.0
1705,136,1712598905890,36.0,Along with the names of his friends.,1512.0
1705,137,1712598907578,40.0,I close my eyes and hold on to the sink.,1687.0
1705,138,1712598912490,74.0,Then I rake my arm across the drainboard and send the dishes to the floor.,4912.0
1705,139,1712598913650,16.0,He doesn't move.,1159.0
1705,140,1712598916275,18.0,I know he's heard.,2624.0
1705,141,1712598918722,40.0,He lifts his head as if still listening.,2447.0
1705,142,1712598920050,30.0,But he doesn't move otherwise.,1327.0
1705,143,1712598921242,23.0,He doesn't turn around.,1191.0
1705,144,1712598923410,3.0,***,2168.0
1705,145,1712598929955,88.0,"He and Gordon Johnson and Mel Dorn and Vern Williams, they play poker and bowl and fish.",6545.0
1705,146,1712598933370,85.0,They fish every spring and early summer before visiting relatives can get in the way.,3415.0
1705,147,1712598936082,65.0,"They are decent men, family men, men who take care of their jobs.",2711.0
1705,148,1712598938714,65.0,"They have sons and daughters who go to school with our son, Dean.",2631.0
1705,149,1712598940922,55.0,Last Friday these family men left for the Naches River.,2208.0
1705,150,1712598944050,76.0,They parked the car in the mountains and hiked to where they wanted to fish.,3127.0
1705,151,1712598947338,76.0,"They carried their bedrolls, their food, their playing cards, their whiskey.",3288.0
1705,152,1712598950555,42.0,They saw the girl before they set up camp.,3215.0
1705,153,1712598951739,19.0,Mel Dorn found her.,1184.0
1705,154,1712598952786,25.0,No clothes on her at all.,1046.0
1705,155,1712598955506,64.0,She was wedged into some branches that stuck out over the water.,2719.0
1705,156,1712598957010,43.0,He called the others and they came to look.,1504.0
1705,157,1712598958378,29.0,They talked about what to do.,1368.0
1705,158,1712598961178,82.0,One of the men - my Stuart didn't say which - said they should start back at once.,2800.0
1705,159,1712598966195,86.0,"The others stirred the sand with their shoes, said they didn't feel inclined that way.",5017.0
1705,160,1712598971586,82.0,"They pleaded fatigue, the late hour, the fact that the girl wasn't going anywhere.",5391.0
1705,161,1712598973930,47.0,In the end they went ahead and set up the camp.,2343.0
1705,162,1712598975650,42.0,They built a fire and drank their whiskey.,1720.0
1705,163,1712598977018,50.0,"When the moon came up, they talked about the girl.",1368.0
1705,164,1712598979074,59.0,Someone said they should -keep the body from drifting away.,2055.0
1705,165,1712598980914,55.0,They took their flashlights and went back to the river.,1840.0
1705,166,1712598984194,66.0,One of the men - it might have been Stuart - waded in and got her.,3280.0
1705,167,1712598986722,53.0,He took her by the fingers and pulled her into shore.,2527.0
1705,168,1712598990691,87.0,He got some nylon cord and tied it to her wrist and then looped the rest around a tree.,3967.0
1705,169,1712598994618,99.0,"The next morning they cooked breakfast, drank coffee, and drank whiskey, and then split up to fish.",3927.0
1705,170,1712599001499,182.0,"That night they cooked fish, cooked potatoes, drank coffee, drank whiskey, then took their cooking things and eating things back down to the river and washed them where the girl was.",6880.0
1705,171,1712599002634,32.0,They played some cards later on.,1135.0
1705,172,1712599006058,55.0,Maybe they played until they couldn't see them anymore.,3423.0
1705,173,1712599007090,28.0,Vern Williams went to sleep.,1031.0
1705,174,1712599008330,28.0,But the others told stories.,1239.0
1705,175,1712599012058,100.0,Gordon Johnson said the trout they'd caught were hard because of the terrible coldness of the water.,3728.0
1705,176,1712599021178,154.0,"The next morning they got up late, drank whiskey, fished a little, took down their tents, rolled their sleeping bags, gathered their stuff, and hiked out.",9119.0
1705,177,1712599022427,41.0,They drove until they got to a telephone.,1248.0
1705,178,1712599024890,86.0,It was Stuart who made the call while the others stood around in the sun and listened.,2463.0
1705,179,1712599025962,32.0,He gave the sheriff their names.,1071.0
1705,180,1712599026858,25.0,They had nothing to hide.,896.0
1705,181,1712599027586,21.0,They weren't ashamed.,728.0
1705,182,1712599034194,100.0,They said they'd wait until someone could come for better directions and take down their statements.,6608.0
1705,183,1712599035082,3.0,***,888.0
1705,184,1712599036258,30.0,I was asleep when he got home.,1175.0
1705,185,1712599038546,46.0,But I woke up when I heard him in the kitchen.,2287.0
1705,186,1712599040466,64.0,I found him leaning against the refrigerator with a can of beer.,1919.0
1705,187,1712599044618,68.0,He put his heavy arms around me and rubbed his big hands on my back.,4151.0
1705,188,1712599051801,85.0,In bed he put his hands on me again and then waited as if thinking of something else.,7182.0
1705,189,1712599052922,28.0,I turned and opened my legs.,1120.0
1705,190,1712599056723,36.0,"Afterwards, I think he stayed awake.",3800.0
1705,191,1712599058418,53.0,He was up that morning before I could get out of bed.,1695.0
1705,192,1712599060634,54.0,"To see if there was something in the paper, I suppose.",2215.0
1705,193,1712599062362,46.0,The telephone began ringing right after eight.,1728.0
1705,194,1712599063442,13.0,"""Go to hell!""",1080.0
1705,195,1712599064602,18.0,I heard him shout.,1160.0
1705,196,1712599066354,31.0,The telephone rang right again.,1752.0
1705,197,1712599069122,59.0,"""I have nothing to add to what I already told the sheriff!""",2768.0
1705,198,1712599070058,29.0,He slammed the receiver down.,936.0
1705,199,1712599070930,27.0,"""What is going on?"" I said.",871.0
1705,200,1712599073538,49.0,It was then that he told me what I just told you.,2607.0
1705,201,1712599074498,3.0,***,959.0
1705,202,1712599076466,44.0,I sweep up the broken dishes and go outside.,1967.0
1705,203,1712599079571,85.0,"He is lying on his back on the grass now, the newspaper and can of beer within reach.",3104.0
1705,204,1712599080946,41.0,"""Stuart, could we go for a drive?"" I say.",1375.0
1705,205,1712599081810,30.0,He rolls over and looks at me.,864.0
1705,206,1712599083466,37.0,"""We'll pick up some beer,"" he says...",1656.0
1705,207,1712599086210,62.0,He gets to his feet and touches me on the hip as he goes past.,2744.0
1705,208,1712599087627,28.0,"""Give me a minute,"" he says.",1415.0
1705,209,1712599089290,39.0,We drive through town without speaking.,1663.0
1705,210,1712599090635,39.0,He stops at a roadside market for beer.,1344.0
1705,211,1712599093610,54.0,I notice a great stack of papers just inside the door.,2975.0
1705,212,1712599098418,89.0,On the top step a fat woman in a print dress holds out a licorice stick to a little girl.,4807.0
1705,213,1712599101058,66.0,"Later on, we cross Everson Creek and turn into the picnic grounds.",2640.0
1705,214,1712599104363,79.0,The creek runs under the bridge and into a large pond a few hundred yards away.,3304.0
1705,215,1712599105562,28.0,I can see the men out there.,1199.0
1705,216,1712599106482,33.0,I can see them out there fishing.,919.0
1705,217,1712599108034,31.0,So much water so close to home.,1551.0
1705,218,1712599110330,43.0,"I say, ""Why did you have to go miles away?""",2295.0
1705,219,1712599111235,25.0,"""Don't rile me,"" he says.",904.0
1705,220,1712599113018,29.0,We sit on a bench in the sun.,1783.0
1705,221,1712599115042,25.0,He opens us cans of beer.,2023.0
1705,222,1712599116514,25.0,"He says, ""Relax, Claire.""",1471.0
1705,223,1712599118706,30.0,"""They said they were innocent.",2192.0
1705,224,1712599120778,27.0,"They said they were crazy.""",2071.0
1705,225,1712599123587,15.0,"He says, ""Who?""",2809.0
1705,226,1712599124842,38.0,"He says, ""What are you talking about?""",1255.0
1705,227,1712599126002,21.0,"""The Maddox brothers.",1159.0
1705,228,1712599129954,54.0,They killed a girl named Arlene Hubly where I grew up.,3951.0
1705,229,1712599133306,60.0,They cut off her head and threw her into the Cle Elum River.,3351.0
1705,230,1712599134642,31.0,"It happened when I was a girl.""",1336.0
1705,231,1712599136090,40.0,"""You're going to get me riled,"" he says.",1447.0
1705,232,1712599137282,20.0,I look at the creek.,1192.0
1705,233,1712599144451,79.0,"I'm right in it, eyes open, face down, staring at the moss on the bottom, dead.",7168.0
1705,234,1712599146331,62.0,"""I don't know what's wrong with you,"" he says on the way home.",1880.0
1705,235,1712599148098,45.0,"""You're getting me more riled by the minute.""",1767.0
1705,236,1712599149122,34.0,There is nothing I can say to him.,1023.0
1705,237,1712599151538,36.0,He tries to concentrate on the road.,2415.0
1705,238,1712599153482,47.0,But he keeps looking into the rear-view mirror.,1944.0
1705,239,1712599154346,9.0,He knows.,864.0
1705,240,1712599155514,3.0,***,1167.0
1705,241,1712599158715,52.0,Stuart believes he is letting me sleep this morning.,3201.0
1705,242,1712599160394,47.0,But I was awake long before the alarm went off.,1679.0
1705,243,1712599163163,74.0,"I was thinking, lying on the far side of the bed away from his hairy legs.",2768.0
1705,244,1712599166442,78.0,"He gets Dean off for school, and then he shaves, dresses, and leaves for work.",3279.0
1705,245,1712599168202,40.0,Twice he looks in and clears his throat.,1760.0
1705,246,1712599169330,26.0,But I keep my eyes closed.,1128.0
1705,247,1712599170858,38.0,In the kitchen I find a note from him.,1527.0
1705,248,1712599171898,19.0,"It's signed ""Love.""",1040.0
1705,249,1712599179042,74.0,I sit in the breakfast nook and drink coffee and leave a ring on the note.,7144.0
1705,250,1712599181883,67.0,I look at the newspaper and turn it this way and that on the table.,2839.0
1705,251,1712599185490,43.0,Then I skid it close and read what it says.,3607.0
1705,252,1712599186818,38.0,"The body has been identified, claimed.",1328.0
1705,253,1712599194699,155.0,"But it took some examining it, some putting things into it, some cutting, some weighing, some measuring, some putting things back again and sewing them in.",7881.0
1705,254,1712599196426,57.0,I sit for a long time holding the newspaper and thinking.,1727.0
1705,255,1712599200410,51.0,Then I call up to get a chair at the hairdresser's.,3983.0
1705,256,1712599201402,3.0,***,991.0
1705,257,1712599204530,75.0,I sit under the dryer with a magazine on my lap and let Marnie do my nails.,3127.0
1705,258,1712599208938,42.0,"""I am going to a funeral tomorrow,"" I say.",4408.0
1705,259,1712599210091,38.0,"""I'm sorry to hear that,"" Marnie says.",1152.0
1705,260,1712599211050,25.0,"""It was a murder,"" I say.",958.0
1705,261,1712599212002,37.0,"""That's the worst kind,"" Marnie says.",951.0
1705,262,1712599213522,35.0,"""We weren't all that close,"" I say.",1519.0
1705,263,1712599214722,15.0,"""But you know?""",1199.0
1705,264,1712599218114,45.0,"""We'll get you fixed up for it,"" Marnie says.",3391.0
1705,265,1712599221842,72.0,"That night I make my bed on the sofa, and in the morning I get up first.",3728.0
1705,266,1712599223002,50.0,I put on coffee and fix breakfast while he shaves.,1159.0
1705,267,1712599225170,76.0,"He appears in the kitchen doorway, towel over his bare shoulder, appraising.",2168.0
1705,268,1712599226297,23.0,"""Here's coffee,"" I say.",1127.0
1705,269,1712599228234,31.0,"""Eggs'll be ready in a minute.”",1936.0
1705,270,1712599229378,37.0,"I wake Dean, and the three of us eat.",1143.0
1705,271,1712599232323,79.0,"Whenever Stuart looks at me, I ask Dean if he wants more milk, more toast, etc.",2944.0
1705,272,1712599234546,56.0,"""I'll call you today,"" Stuart says as he opens the door.",2223.0
1705,273,1712599236434,42.0,"I say, ""I don't think I'll be home today.""",1887.0
1705,274,1712599237186,21.0,"""All right,"" he says.",752.0
1705,275,1712599238058,7.0,"""Sure.""",872.0
1705,276,1712599238962,18.0,I dress carefully.,904.0
1705,277,1712599241259,48.0,I try on a hat and look at myself in the mirror.,2297.0
1705,278,1712599242298,28.0,I write out a note for Dean.,1039.0
1705,279,1712599247419,69.0,"Honey, Mommy has things to do this afternoon, but will be back later.",5120.0
1705,280,1712599250330,61.0,You stay in or be in the backyard until one of us comes home.,2911.0
1705,281,1712599251306,11.0,"Love, Mommy",975.0
1705,282,1712599252770,48.0,I look at the word Love and then I underline it.,1463.0
1705,283,1712599254338,29.0,Then I see the word backyard.,1567.0
1705,284,1712599257050,22.0,Is it one word or two?,2712.0
1705,285,1712599257738,3.0,***,688.0
1705,286,1712599262835,121.0,"I drive through farm country, through fields of oats and sugar beets and past apple orchards, cattle grazing in pastures.",5095.0
1705,287,1712599267963,99.0,"Then everything changes, more like shacks than farmhouses and stands of timber instead of orchards.",5128.0
1705,288,1712599272498,78.0,"Then mountains, and on the right, far below, I sometimes see the Naches River.",4535.0
1705,289,1712599278426,64.0,A green pickup comes up behind me and stays behind me for miles.,5927.0
1705,290,1712599281026,55.0,"I keep slowing at the wrong times, hoping he will pass.",2599.0
1705,291,1712599282170,16.0,Then I speed up.,1143.0
1705,292,1712599284410,36.0,"But this is at the wrong times, too.",2239.0
1705,293,1712599285626,39.0,I grip the wheel until my fingers hurt.,1215.0
1705,294,1712599287834,37.0,On a long clear stretch he goes past.,2207.0
1705,295,1712599291338,73.0,"But he drives along beside for a bit, a crewcut man in a blue work shirt.",3503.0
1705,296,1712599292306,24.0,We look each other over.,967.0
1705,297,1712599295074,53.0,"Then he waves, toots his horn, and pulls on up ahead.",2768.0
1705,298,1712599296603,29.0,I slow down and find a place.,1528.0
1705,299,1712599297658,35.0,I pull over and shut off the motor.,1055.0
1705,300,1712599299146,42.0,I can hear the river down below the trees.,1487.0
1705,301,1712599300714,35.0,Then I hear the pickup coming back.,1567.0
1705,302,1712599303115,41.0,I lock the doors and roll up the windows.,2400.0
1705,303,1712599304226,30.0,"""You all right?"" the man says.",1111.0
1705,304,1712599305170,21.0,He raps on the glass.,943.0
1705,305,1712599305930,11.0,"""You okay?""",759.0
1705,306,1712599309186,64.0,He leans his arms on the door and brings his face to the window.,3255.0
1705,307,1712599310042,15.0,I stare at him.,856.0
1705,308,1712599311026,30.0,I can't think what else to do.,984.0
1705,309,1712599312394,34.0,"""Is everything all right in there?",1368.0
1705,310,1712599314050,31.0,"How come you're all locked up?""",1656.0
1705,311,1712599314810,16.0,I shake my head.,759.0
1705,312,1712599315722,24.0,"""Roll down your window.""",911.0
1705,313,1712599317914,64.0,He shakes his head and looks at the highway and then back at me.,2191.0
1705,314,1712599320034,19.0,"""Roll it down now.""",2119.0
1705,315,1712599321562,32.0,"""Please,"" I say, ""I have to go.""",1527.0
1705,316,1712599323298,50.0,"""Open the door,"" he says as if he isn't listening.",1735.0
1705,317,1712599325738,33.0,"""You're going to choke in there.""",2439.0
1705,318,1712599327586,32.0,"He looks at my breasts, my legs.",1847.0
1705,319,1712599329066,34.0,I can tell that's what he's doing.,1480.0
1705,320,1712599330162,22.0,"""Hey, sugar,"" he says.",1096.0
1705,321,1712599331770,31.0,"""I'm just here to help is all.""",1608.0
1705,322,1712599332603,3.0,***,831.0
1705,323,1712599334866,52.0,The casket is closed and covered with floral sprays.,2263.0
1705,324,1712599336629,45.0,The organ starts up the minute I take a seat.,1762.0
1705,325,1712599338338,40.0,People are coming in and finding chairs.,1708.0
1705,326,1712599341114,63.0,There's a boy in flared pants and a yellow short-sleeved shirt.,2775.0
1705,327,1712599346266,100.0,A door opens and the family comes in in a group and moves over to a curtained place off to one side.,5152.0
1705,328,1712599348210,39.0,Chairs creak as everybody gets settled.,1944.0
1705,329,1712599351274,83.0,"Directly, a nice blond man in a nice dark suit stands and asks us to bow our heads.",3063.0
1705,330,1712599354746,105.0,"He says a prayer for us, the living, and when he finishes, he says a prayer for the soul of the departed.",3471.0
1705,331,1712599355946,43.0,Along with the others I go past the casket.,1199.0
1705,332,1712599359570,66.0,Then I move out onto the front steps and into the afternoon light.,3623.0
1705,333,1712599361826,66.0,There's a woman who limps as she goes down the stairs ahead of me.,2255.0
1705,334,1712599362818,33.0,On the sidewalk she looks around.,992.0
1705,335,1712599364482,31.0,"""Well, they got him,"" she says.",1664.0
1705,336,1712599366314,27.0,"""If that's any consolation.",1831.0
1705,337,1712599367322,31.0,They arrested him this morning.,1008.0
1705,338,1712599368952,38.0,I heard it on the radio before I come.,1629.0
1705,339,1712599370243,26.0,"A boy right here in town.""",1291.0
1705,340,1712599372010,42.0,We move a few steps down the hot sidewalk.,1766.0
1705,341,1712599372906,25.0,People are starting cars.,895.0
1705,342,1712599375914,49.0,I put out my hand and hold on to a parking meter.,3007.0
1705,343,1712599377554,36.0,Polished hoods and polished fenders.,1640.0
1705,344,1712599378338,14.0,My head swims.,784.0
1705,345,1712599382082,41.0,"I say, ""They have friends, these killers.",3744.0
1705,346,1712599383146,16.0,"You can't tell.""",1063.0
1705,347,1712599385523,70.0,"""I have known that child since she was a little girl,"" the woman says.",2377.0
1705,348,1712599390146,93.0,"""She used to come over and I'd bake cookies for her and let her eat them in front of the TV.""",4623.0
1705,349,1712599390858,3.0,***,711.0
1705,350,1712599393011,76.0,"Back home, Stuart sits at the table with a drink of whiskey in front of him.",2151.0
1705,351,1712599396018,57.0,For a crazy instant I think something's happened to Dean.,3007.0
1705,352,1712599396842,14.0,"""Where is he?""",824.0
1705,353,1712599398098,6.0,I say.,1256.0
1705,354,1712599399154,16.0,"""Where is Dean?""",1056.0
1705,355,1712599399970,27.0,"""Outside,"" my husband says.",816.0
1705,356,1712599401146,34.0,He drains his glass and stands up.,1176.0
1705,357,1712599404035,40.0,"He says, ""I think I know what you need.""",2888.0
1705,358,1712599408946,138.0,He reaches an arm around my waist and with his other hand he begins to unbutton my jacket and then he goes on to the buttons of my blouse.,4911.0
1705,359,1712599410314,30.0,"""First things first,"" he says.",1367.0
1705,360,1712599412026,23.0,He says something else.,1711.0
1705,361,1712599412746,27.0,But I don't need to listen.,720.0
1705,362,1712599415490,46.0,I can't hear a thing with so much water going.,2744.0
1705,363,1712599416418,3.0,***,927.0
1711,136,1712590386138,3.0,***,18643.0
1711,137,1712590388825,37.0,My husband eats with a good appetite.,2687.0
1711,138,1712590390953,37.0,But I don't think he's really hungry.,2128.0
1711,139,1712590394363,69.0,"He chews, arms on the table, and stares at something across the room.",3410.0
1711,140,1712590396227,30.0,He looks at me and looks away.,1864.0
1711,141,1712590398378,33.0,He wipes his mouth on the napkin.,2151.0
1711,142,1712590400152,30.0,"He shrugs, and goes on eating.",1774.0
1711,143,1712590402004,42.0,"""What are you staring at me for?"" he says.",1852.0
1711,144,1712590403904,45.0,"""What is it?"" he says and lays down his fork.",1900.0
1711,145,1712590405889,42.0,"""Was I staring?"" I say, and shake my head.",1985.0
1711,146,1712590407071,20.0,The telephone rings.,1181.0
1711,147,1712590408117,27.0,"""Don't answer it,"" he says.",1046.0
1711,148,1712590409370,33.0,"""It might be your mother,"" I say.",1253.0
1711,149,1712590410835,25.0,"""Watch and see,"" he says.",1465.0
1711,150,1712590412242,34.0,I pick up the receiver and listen.,1407.0
1711,151,1712590413433,24.0,My husband stops eating.,1191.0
1711,152,1712590415282,46.0,"""What did I tell you?"" he says when I hang up.",1849.0
1711,153,1712590416344,23.0,He starts to eat again.,1062.0
1711,154,1712590418225,36.0,Then throws his napkin on his plate.,1881.0
1711,155,1712590420635,63.0,"He says, ""Goddamn it, why can't people mind their own business?",2410.0
1711,156,1712590422700,41.0,Tell me what I did wrong and I'll listen!,2065.0
1711,157,1712590425137,28.0,I wasn't the only man there.,2437.0
1711,158,1712590427201,37.0,We talked it over and we all decided.,2064.0
1711,159,1712590429179,29.0,We couldn't just turn around.,1978.0
1711,160,1712590430761,32.0,We were five miles from the car.,1581.0
1711,161,1712590433272,34.0,I won't have you passing judgment.,2511.0
1711,162,1712590434223,13.0,"Do you hear?""",951.0
1711,163,1712590435535,18.0,"""You know,"" I say.",1312.0
1711,164,1712590437749,33.0,"He says, ""What do I know, Claire?",2213.0
1711,165,1712590439136,34.0,Tell me what I'm supposed to know.,1387.0
1711,166,1712590440870,40.0,"I don't know anything except one thing?""",1733.0
1711,167,1712590443068,48.0,He gives me what he thinks is a meaningful look.,2198.0
1711,168,1712590444372,24.0,"""She was dead,"" he says.",1304.0
1711,169,1712590446421,33.0,"""And I'm as sorry as anyone else.",2048.0
1711,170,1712590447628,18.0,"But she was dead.""",1207.0
1711,171,1712590448777,26.0,"""That's the point,"" I say.",1149.0
1711,172,1712590449706,20.0,He raises his hands.,929.0
1711,173,1712590451487,40.0,He pushes his chair away from the table.,1781.0
1711,174,1712590455951,72.0,He takes out his cigarettes and goes out to the back with a can of beer.,4464.0
1711,175,1712590458428,64.0,I see him sit in the lawn chair and pick up the newspaper again.,2477.0
1711,176,1712590460226,39.0,His name is in there on the first page.,1798.0
1711,177,1712590461726,36.0,Along with the names of his friends.,1500.0
1711,178,1712590464135,40.0,I close my eyes and hold on to the sink.,2409.0
1711,179,1712590467278,74.0,Then I rake my arm across the drainboard and send the dishes to the floor.,3143.0
1711,180,1712590468380,16.0,He doesn't move.,1102.0
1711,181,1712590469535,18.0,I know he's heard.,1155.0
1711,182,1712590471207,40.0,He lifts his head as if still listening.,1672.0
1711,183,1712590472711,30.0,But he doesn't move otherwise.,1504.0
1711,184,1712590474234,23.0,He doesn't turn around.,1522.0
1711,185,1712590475007,3.0,***,773.0
1711,186,1712590479962,88.0,"He and Gordon Johnson and Mel Dorn and Vern Williams, they play poker and bowl and fish.",4955.0
1711,187,1712590526150,85.0,They fish every spring and early summer before visiting relatives can get in the way.,46188.0
1711,188,1712590530806,65.0,"They are decent men, family men, men who take care of their jobs.",4656.0
1711,189,1712590548912,65.0,"They have sons and daughters who go to school with our son, Dean.",18106.0
1711,190,1712590552164,55.0,Last Friday these family men left for the Naches River.,3252.0
1711,191,1712590555675,76.0,They parked the car in the mountains and hiked to where they wanted to fish.,3511.0
1711,192,1712590558812,76.0,"They carried their bedrolls, their food, their playing cards, their whiskey.",3137.0
1711,193,1712590566136,42.0,They saw the girl before they set up camp.,7324.0
1711,194,1712590570316,19.0,Mel Dorn found her.,4180.0
1711,195,1712590576051,25.0,No clothes on her at all.,5734.0
1711,196,1712590589617,64.0,She was wedged into some branches that stuck out over the water.,13566.0
1711,197,1712590593177,43.0,He called the others and they came to look.,3560.0
1711,198,1712590595693,29.0,They talked about what to do.,2516.0
1711,199,1712590628987,82.0,One of the men - my Stuart didn't say which - said they should start back at once.,33294.0
1711,200,1712590632495,86.0,"The others stirred the sand with their shoes, said they didn't feel inclined that way.",3508.0
1711,201,1712590637551,82.0,"They pleaded fatigue, the late hour, the fact that the girl wasn't going anywhere.",5056.0
1711,202,1712590639552,47.0,In the end they went ahead and set up the camp.,2001.0
1711,203,1712590641096,42.0,They built a fire and drank their whiskey.,1544.0
1711,204,1712590643312,50.0,"When the moon came up, they talked about the girl.",2216.0
1711,205,1712590645730,59.0,Someone said they should -keep the body from drifting away.,2418.0
1711,206,1712590647589,55.0,They took their flashlights and went back to the river.,1859.0
1711,207,1712590650503,66.0,One of the men - it might have been Stuart - waded in and got her.,2913.0
1711,208,1712590653804,53.0,He took her by the fingers and pulled her into shore.,3301.0
1711,209,1712590660667,87.0,He got some nylon cord and tied it to her wrist and then looped the rest around a tree.,6863.0
1711,210,1712590665515,99.0,"The next morning they cooked breakfast, drank coffee, and drank whiskey, and then split up to fish.",4848.0
1711,211,1712590677899,182.0,"That night they cooked fish, cooked potatoes, drank coffee, drank whiskey, then took their cooking things and eating things back down to the river and washed them where the girl was.",12384.0
1711,212,1712590679846,32.0,They played some cards later on.,1946.0
1711,213,1712590681636,55.0,Maybe they played until they couldn't see them anymore.,1790.0
1711,214,1712590718192,28.0,Vern Williams went to sleep.,36555.0
1711,215,1712590719984,28.0,But the others told stories.,1791.0
1711,216,1712590725008,100.0,Gordon Johnson said the trout they'd caught were hard because of the terrible coldness of the water.,5024.0
1711,217,1712590731760,154.0,"The next morning they got up late, drank whiskey, fished a little, took down their tents, rolled their sleeping bags, gathered their stuff, and hiked out.",6752.0
1711,218,1712590733968,41.0,They drove until they got to a telephone.,2208.0
1711,219,1712590739635,86.0,It was Stuart who made the call while the others stood around in the sun and listened.,5667.0
1711,220,1712590741021,32.0,He gave the sheriff their names.,1386.0
1711,221,1712590742338,25.0,They had nothing to hide.,1317.0
1711,222,1712590743715,21.0,They weren't ashamed.,1377.0
1711,223,1712590748096,100.0,They said they'd wait until someone could come for better directions and take down their statements.,4381.0
1711,224,1712590748998,3.0,***,902.0
1711,225,1712590750072,30.0,I was asleep when he got home.,1074.0
1711,226,1712590751499,46.0,But I woke up when I heard him in the kitchen.,1427.0
1711,227,1712590753189,64.0,I found him leaning against the refrigerator with a can of beer.,1690.0
1711,228,1712590757564,68.0,He put his heavy arms around me and rubbed his big hands on my back.,4375.0
1711,229,1712590761847,85.0,In bed he put his hands on me again and then waited as if thinking of something else.,4282.0
1711,230,1712590767300,28.0,I turned and opened my legs.,5453.0
1711,231,1712590771320,36.0,"Afterwards, I think he stayed awake.",4020.0
1711,232,1712590775301,53.0,He was up that morning before I could get out of bed.,3980.0
1711,233,1712590777830,54.0,"To see if there was something in the paper, I suppose.",2529.0
1711,234,1712590780734,46.0,The telephone began ringing right after eight.,2904.0
1711,235,1712590781733,13.0,"""Go to hell!""",998.0
1711,236,1712590782739,18.0,I heard him shout.,1006.0
1711,237,1712590783920,31.0,The telephone rang right again.,1181.0
1711,238,1712590786108,59.0,"""I have nothing to add to what I already told the sheriff!""",2188.0
1711,239,1712590787142,29.0,He slammed the receiver down.,1033.0
1711,240,1712590788158,27.0,"""What is going on?"" I said.",1016.0
1711,241,1712590791873,49.0,It was then that he told me what I just told you.,3715.0
1711,242,1712590792480,3.0,***,607.0
1711,243,1712590794170,44.0,I sweep up the broken dishes and go outside.,1690.0
1711,244,1712590796954,85.0,"He is lying on his back on the grass now, the newspaper and can of beer within reach.",2784.0
1711,245,1712590798496,41.0,"""Stuart, could we go for a drive?"" I say.",1541.0
1711,246,1712590799771,30.0,He rolls over and looks at me.,1275.0
1711,247,1712590801069,37.0,"""We'll pick up some beer,"" he says...",1297.0
1711,248,1712590803293,62.0,He gets to his feet and touches me on the hip as he goes past.,2224.0
1711,249,1712590804477,28.0,"""Give me a minute,"" he says.",1184.0
1711,250,1712590806199,39.0,We drive through town without speaking.,1722.0
1711,251,1712590807641,39.0,He stops at a roadside market for beer.,1442.0
1711,252,1712590810060,54.0,I notice a great stack of papers just inside the door.,2418.0
1711,253,1712590815361,89.0,On the top step a fat woman in a print dress holds out a licorice stick to a little girl.,5301.0
1711,254,1712590818905,66.0,"Later on, we cross Everson Creek and turn into the picnic grounds.",3544.0
1711,255,1712590823117,79.0,The creek runs under the bridge and into a large pond a few hundred yards away.,4212.0
1711,256,1712590824506,28.0,I can see the men out there.,1389.0
1711,257,1712590826885,33.0,I can see them out there fishing.,2378.0
1711,258,1712590828425,31.0,So much water so close to home.,1540.0
1711,259,1712590831263,43.0,"I say, ""Why did you have to go miles away?""",2838.0
1711,260,1712590832779,25.0,"""Don't rile me,"" he says.",1515.0
1711,261,1712590834955,29.0,We sit on a bench in the sun.,2176.0
1711,262,1712590837365,25.0,He opens us cans of beer.,2410.0
1711,263,1712590838523,25.0,"He says, ""Relax, Claire.""",1158.0
1711,264,1712590851798,30.0,"""They said they were innocent.",13275.0
1711,265,1712590858476,27.0,"They said they were crazy.""",6678.0
1711,266,1712590860063,15.0,"He says, ""Who?""",1587.0
1711,267,1712590861386,38.0,"He says, ""What are you talking about?""",1323.0
1711,268,1712590862431,21.0,"""The Maddox brothers.",1045.0
1711,269,1712590865893,54.0,They killed a girl named Arlene Hubly where I grew up.,3462.0
1711,270,1712590869372,60.0,They cut off her head and threw her into the Cle Elum River.,3479.0
1711,271,1712590870925,31.0,"It happened when I was a girl.""",1553.0
1711,272,1712590872415,40.0,"""You're going to get me riled,"" he says.",1489.0
1711,273,1712590873473,20.0,I look at the creek.,1058.0
1711,274,1712590877169,79.0,"I'm right in it, eyes open, face down, staring at the moss on the bottom, dead.",3696.0
1711,275,1712590879358,62.0,"""I don't know what's wrong with you,"" he says on the way home.",2188.0
1711,276,1712590881006,45.0,"""You're getting me more riled by the minute.""",1648.0
1711,277,1712590882413,34.0,There is nothing I can say to him.,1406.0
1711,278,1712590884418,36.0,He tries to concentrate on the road.,2005.0
1711,279,1712590887782,47.0,But he keeps looking into the rear-view mirror.,3364.0
1711,280,1712590888538,9.0,He knows.,756.0
1711,281,1712590889212,3.0,***,673.0
1711,282,1712590891629,52.0,Stuart believes he is letting me sleep this morning.,2417.0
1711,283,1712590893634,47.0,But I was awake long before the alarm went off.,2005.0
1711,284,1712590897157,74.0,"I was thinking, lying on the far side of the bed away from his hairy legs.",3523.0
1711,285,1712590901841,78.0,"He gets Dean off for school, and then he shaves, dresses, and leaves for work.",4684.0
1711,286,1712590903232,40.0,Twice he looks in and clears his throat.,1391.0
1711,287,1712590904808,26.0,But I keep my eyes closed.,1576.0
1711,288,1712590906746,38.0,In the kitchen I find a note from him.,1938.0
1711,289,1712590907937,19.0,"It's signed ""Love.""",1191.0
1711,290,1712590911456,74.0,I sit in the breakfast nook and drink coffee and leave a ring on the note.,3519.0
1711,291,1712590914207,67.0,I look at the newspaper and turn it this way and that on the table.,2751.0
1711,292,1712590922845,43.0,Then I skid it close and read what it says.,8638.0
1711,293,1712590925905,38.0,"The body has been identified, claimed.",3060.0
1711,294,1712590937657,155.0,"But it took some examining it, some putting things into it, some cutting, some weighing, some measuring, some putting things back again and sewing them in.",11752.0
1711,295,1712590939603,57.0,I sit for a long time holding the newspaper and thinking.,1946.0
1711,296,1712590942407,51.0,Then I call up to get a chair at the hairdresser's.,2804.0
1711,297,1712590943082,3.0,***,675.0
1711,298,1712590948607,75.0,I sit under the dryer with a magazine on my lap and let Marnie do my nails.,5524.0
1711,299,1712590952146,42.0,"""I am going to a funeral tomorrow,"" I say.",3539.0
1711,300,1712590953977,38.0,"""I'm sorry to hear that,"" Marnie says.",1831.0
1711,301,1712590955510,25.0,"""It was a murder,"" I say.",1533.0
1711,302,1712590957263,37.0,"""That's the worst kind,"" Marnie says.",1753.0
1711,303,1712590958615,35.0,"""We weren't all that close,"" I say.",1352.0
1711,304,1712590959538,15.0,"""But you know?""",923.0
1711,305,1712590961404,45.0,"""We'll get you fixed up for it,"" Marnie says.",1866.0
1711,306,1712590964043,72.0,"That night I make my bed on the sofa, and in the morning I get up first.",2639.0
1711,307,1712590965862,50.0,I put on coffee and fix breakfast while he shaves.,1818.0
1711,308,1712590969265,76.0,"He appears in the kitchen doorway, towel over his bare shoulder, appraising.",3403.0
1711,309,1712590970216,23.0,"""Here's coffee,"" I say.",951.0
1711,310,1712590972551,31.0,"""Eggs'll be ready in a minute.”",2335.0
1711,311,1712590974458,37.0,"I wake Dean, and the three of us eat.",1907.0
1711,312,1712590977261,79.0,"Whenever Stuart looks at me, I ask Dean if he wants more milk, more toast, etc.",2803.0
1711,313,1712590979669,56.0,"""I'll call you today,"" Stuart says as he opens the door.",2408.0
1711,314,1712590981307,42.0,"I say, ""I don't think I'll be home today.""",1638.0
1711,315,1712590982252,21.0,"""All right,"" he says.",945.0
1711,316,1712590982884,7.0,"""Sure.""",632.0
1711,317,1712590983516,18.0,I dress carefully.,632.0
1711,318,1712590985891,48.0,I try on a hat and look at myself in the mirror.,2375.0
1711,319,1712590988258,28.0,I write out a note for Dean.,2367.0
1711,320,1712590991450,69.0,"Honey, Mommy has things to do this afternoon, but will be back later.",3192.0
1711,321,1712590994726,61.0,You stay in or be in the backyard until one of us comes home.,3276.0
1711,322,1712590995449,11.0,"Love, Mommy",722.0
1711,323,1712590997318,48.0,I look at the word Love and then I underline it.,1868.0
1711,324,1712590998710,29.0,Then I see the word backyard.,1392.0
1711,325,1712591000255,22.0,Is it one word or two?,1545.0
1711,326,1712591000838,3.0,***,583.0
1711,327,1712591005919,121.0,"I drive through farm country, through fields of oats and sugar beets and past apple orchards, cattle grazing in pastures.",5081.0
1711,328,1712591008589,99.0,"Then everything changes, more like shacks than farmhouses and stands of timber instead of orchards.",2670.0
1711,329,1712591013912,78.0,"Then mountains, and on the right, far below, I sometimes see the Naches River.",5323.0
1711,330,1712591016441,64.0,A green pickup comes up behind me and stays behind me for miles.,2528.0
1711,331,1712591019062,55.0,"I keep slowing at the wrong times, hoping he will pass.",2621.0
1711,332,1712591019936,16.0,Then I speed up.,874.0
1711,333,1712591021933,36.0,"But this is at the wrong times, too.",1997.0
1711,334,1712591023535,39.0,I grip the wheel until my fingers hurt.,1602.0
1711,335,1712591025141,37.0,On a long clear stretch he goes past.,1606.0
1711,336,1712591028972,73.0,"But he drives along beside for a bit, a crewcut man in a blue work shirt.",3831.0
1711,337,1712591030234,24.0,We look each other over.,1261.0
1711,338,1712591032297,53.0,"Then he waves, toots his horn, and pulls on up ahead.",2062.0
1711,339,1712591033720,29.0,I slow down and find a place.,1423.0
1711,340,1712591035426,35.0,I pull over and shut off the motor.,1706.0
1711,341,1712591037442,42.0,I can hear the river down below the trees.,2016.0
1711,342,1712591038907,35.0,Then I hear the pickup coming back.,1465.0
1711,343,1712591040448,41.0,I lock the doors and roll up the windows.,1541.0
1711,344,1712591041518,30.0,"""You all right?"" the man says.",1070.0
1711,345,1712591042550,21.0,He raps on the glass.,1032.0
1711,346,1712591043300,11.0,"""You okay?""",750.0
1711,347,1712591045390,64.0,He leans his arms on the door and brings his face to the window.,2090.0
1711,348,1712591046160,15.0,I stare at him.,770.0
1711,349,1712591047125,30.0,I can't think what else to do.,965.0
1711,350,1712591048092,34.0,"""Is everything all right in there?",967.0
1711,351,1712591050038,31.0,"How come you're all locked up?""",1946.0
1711,352,1712591050793,16.0,I shake my head.,755.0
1711,353,1712591051536,24.0,"""Roll down your window.""",743.0
1711,354,1712591053894,64.0,He shakes his head and looks at the highway and then back at me.,2358.0
1711,355,1712591054794,19.0,"""Roll it down now.""",900.0
1711,356,1712591056284,32.0,"""Please,"" I say, ""I have to go.""",1490.0
1711,357,1712591057904,50.0,"""Open the door,"" he says as if he isn't listening.",1620.0
1711,358,1712591059822,33.0,"""You're going to choke in there.""",1918.0
1711,359,1712591060938,32.0,"He looks at my breasts, my legs.",1116.0
1711,360,1712591062463,34.0,I can tell that's what he's doing.,1525.0
1711,361,1712591063470,22.0,"""Hey, sugar,"" he says.",1007.0
1711,362,1712591064761,31.0,"""I'm just here to help is all.""",1291.0
1711,363,1712591065299,3.0,***,538.0
1711,364,1712591067070,52.0,The casket is closed and covered with floral sprays.,1771.0
1711,365,1712591068942,45.0,The organ starts up the minute I take a seat.,1872.0
1711,366,1712591070697,40.0,People are coming in and finding chairs.,1755.0
1711,367,1712591073117,63.0,There's a boy in flared pants and a yellow short-sleeved shirt.,2420.0
1711,368,1712591076478,100.0,A door opens and the family comes in in a group and moves over to a curtained place off to one side.,3361.0
1711,369,1712591078193,39.0,Chairs creak as everybody gets settled.,1715.0
1711,370,1712591082372,83.0,"Directly, a nice blond man in a nice dark suit stands and asks us to bow our heads.",4179.0
1711,371,1712591087768,105.0,"He says a prayer for us, the living, and when he finishes, he says a prayer for the soul of the departed.",5396.0
1711,372,1712591089556,43.0,Along with the others I go past the casket.,1788.0
1711,373,1712591092468,66.0,Then I move out onto the front steps and into the afternoon light.,2912.0
1711,374,1712591096307,66.0,There's a woman who limps as she goes down the stairs ahead of me.,3838.0
1711,375,1712591099096,33.0,On the sidewalk she looks around.,2789.0
1711,376,1712591101322,31.0,"""Well, they got him,"" she says.",2226.0
1711,377,1712591102879,27.0,"""If that's any consolation.",1557.0
1711,378,1712591104330,31.0,They arrested him this morning.,1450.0
1711,379,1712591106760,38.0,I heard it on the radio before I come.,2430.0
1711,380,1712591108245,26.0,"A boy right here in town.""",1485.0
1711,381,1712591109233,42.0,We move a few steps down the hot sidewalk.,987.0
1711,382,1712591112707,25.0,People are starting cars.,3474.0
1711,383,1712591120141,49.0,I put out my hand and hold on to a parking meter.,7434.0
1711,384,1712591129047,36.0,Polished hoods and polished fenders.,8906.0
1711,385,1712591130648,14.0,My head swims.,1601.0
1711,386,1712591132007,41.0,"I say, ""They have friends, these killers.",1358.0
1711,387,1712591132822,16.0,"You can't tell.""",815.0
1711,388,1712591135281,70.0,"""I have known that child since she was a little girl,"" the woman says.",2459.0
1711,389,1712591138970,93.0,"""She used to come over and I'd bake cookies for her and let her eat them in front of the TV.""",3689.0
1711,390,1712591139579,3.0,***,609.0
1711,391,1712591143116,76.0,"Back home, Stuart sits at the table with a drink of whiskey in front of him.",3537.0
1711,392,1712591145424,57.0,For a crazy instant I think something's happened to Dean.,2308.0
1711,393,1712591146264,14.0,"""Where is he?""",840.0
1711,394,1712591146830,6.0,I say.,566.0
1711,395,1712591147377,16.0,"""Where is Dean?""",547.0
1711,396,1712591148176,27.0,"""Outside,"" my husband says.",799.0
1711,397,1712591149498,34.0,He drains his glass and stands up.,1322.0
1711,398,1712591151953,40.0,"He says, ""I think I know what you need.""",2455.0
1711,399,1712591159307,138.0,He reaches an arm around my waist and with his other hand he begins to unbutton my jacket and then he goes on to the buttons of my blouse.,7354.0
1711,400,1712591160392,30.0,"""First things first,"" he says.",1085.0
1711,401,1712591161349,23.0,He says something else.,957.0
1711,402,1712591162655,27.0,But I don't need to listen.,1306.0
1711,403,1712591164818,46.0,I can't hear a thing with so much water going.,2163.0
1711,404,1712591165430,3.0,***,612.0
1663,61,1712620272473,3.0,***,9877.0
1663,62,1712620280155,37.0,My husband eats with a good appetite.,7682.0
1663,63,1712620285489,37.0,But I don't think he's really hungry.,5334.0
1663,64,1712620289817,69.0,"He chews, arms on the table, and stares at something across the room.",4327.0
1663,65,1712620291409,30.0,He looks at me and looks away.,1592.0
1663,66,1712620293132,33.0,He wipes his mouth on the napkin.,1723.0
1663,67,1712620295226,30.0,"He shrugs, and goes on eating.",2094.0
1663,68,1712620297183,42.0,"""What are you staring at me for?"" he says.",1957.0
1663,69,1712620299655,45.0,"""What is it?"" he says and lays down his fork.",2472.0
1663,70,1712620302043,42.0,"""Was I staring?"" I say, and shake my head.",2388.0
1663,71,1712620303403,20.0,The telephone rings.,1360.0
1663,72,1712620305313,27.0,"""Don't answer it,"" he says.",1910.0
1663,73,1712620307484,33.0,"""It might be your mother,"" I say.",2171.0
1663,74,1712620308922,25.0,"""Watch and see,"" he says.",1438.0
1663,75,1712620311618,34.0,I pick up the receiver and listen.,2696.0
1663,76,1712620312865,24.0,My husband stops eating.,1247.0
1663,77,1712620315289,46.0,"""What did I tell you?"" he says when I hang up.",2423.0
1663,78,1712620316462,23.0,He starts to eat again.,1173.0
1663,79,1712620318022,36.0,Then throws his napkin on his plate.,1560.0
1663,80,1712620322545,63.0,"He says, ""Goddamn it, why can't people mind their own business?",4523.0
1663,81,1712620324017,41.0,Tell me what I did wrong and I'll listen!,1472.0
1663,82,1712620325415,28.0,I wasn't the only man there.,1398.0
1663,83,1712620327372,37.0,We talked it over and we all decided.,1957.0
1663,84,1712620329167,29.0,We couldn't just turn around.,1795.0
1663,85,1712620330534,32.0,We were five miles from the car.,1367.0
1663,86,1712620333765,34.0,I won't have you passing judgment.,3231.0
1663,87,1712620335159,13.0,"Do you hear?""",1394.0
1663,88,1712620336286,18.0,"""You know,"" I say.",1126.0
1663,89,1712620337676,33.0,"He says, ""What do I know, Claire?",1390.0
1663,90,1712620339135,34.0,Tell me what I'm supposed to know.,1458.0
1663,91,1712620341007,40.0,"I don't know anything except one thing?""",1872.0
1663,92,1712620343061,48.0,He gives me what he thinks is a meaningful look.,2054.0
1663,93,1712620347241,24.0,"""She was dead,"" he says.",4180.0
1663,94,1712620349214,33.0,"""And I'm as sorry as anyone else.",1973.0
1663,95,1712620350351,18.0,"But she was dead.""",1137.0
1663,96,1712620351393,26.0,"""That's the point,"" I say.",1042.0
1663,97,1712620352665,20.0,He raises his hands.,1272.0
1663,98,1712620354683,40.0,He pushes his chair away from the table.,2017.0
1663,99,1712620358640,72.0,He takes out his cigarettes and goes out to the back with a can of beer.,3957.0
1663,100,1712620362320,64.0,I see him sit in the lawn chair and pick up the newspaper again.,3680.0
1663,101,1712620363872,39.0,His name is in there on the first page.,1552.0
1663,102,1712620365503,36.0,Along with the names of his friends.,1631.0
1663,103,1712620367081,40.0,I close my eyes and hold on to the sink.,1578.0
1663,104,1712620371657,74.0,Then I rake my arm across the drainboard and send the dishes to the floor.,4576.0
1663,105,1712620372654,16.0,He doesn't move.,997.0
1663,106,1712620373578,18.0,I know he's heard.,924.0
1663,107,1712620375606,40.0,He lifts his head as if still listening.,2027.0
1663,108,1712620378224,30.0,But he doesn't move otherwise.,2618.0
1663,109,1712620379064,23.0,He doesn't turn around.,840.0
1663,110,1712620380168,3.0,***,1104.0
1663,111,1712620387948,88.0,"He and Gordon Johnson and Mel Dorn and Vern Williams, they play poker and bowl and fish.",7780.0
1663,112,1712620390951,85.0,They fish every spring and early summer before visiting relatives can get in the way.,3003.0
1663,113,1712620393951,65.0,"They are decent men, family men, men who take care of their jobs.",3000.0
1663,114,1712620397597,65.0,"They have sons and daughters who go to school with our son, Dean.",3646.0
1663,115,1712620401898,55.0,Last Friday these family men left for the Naches River.,4301.0
1663,116,1712620407369,76.0,They parked the car in the mountains and hiked to where they wanted to fish.,5471.0
1663,117,1712620412148,76.0,"They carried their bedrolls, their food, their playing cards, their whiskey.",4779.0
1663,118,1712620413529,42.0,They saw the girl before they set up camp.,1381.0
1663,119,1712620415018,19.0,Mel Dorn found her.,1489.0
1663,120,1712620416874,25.0,No clothes on her at all.,1856.0
1663,121,1712620419313,64.0,She was wedged into some branches that stuck out over the water.,2439.0
1663,122,1712620421603,43.0,He called the others and they came to look.,2290.0
1663,123,1712620423543,29.0,They talked about what to do.,1940.0
1663,124,1712620431403,82.0,One of the men - my Stuart didn't say which - said they should start back at once.,7860.0
1663,125,1712620437483,86.0,"The others stirred the sand with their shoes, said they didn't feel inclined that way.",6079.0
1663,126,1712620442593,82.0,"They pleaded fatigue, the late hour, the fact that the girl wasn't going anywhere.",5110.0
1663,127,1712620444961,47.0,In the end they went ahead and set up the camp.,2368.0
1663,128,1712620446837,42.0,They built a fire and drank their whiskey.,1876.0
1663,129,1712620448994,50.0,"When the moon came up, they talked about the girl.",2157.0
1663,130,1712620451835,59.0,Someone said they should -keep the body from drifting away.,2841.0
1663,131,1712620454221,55.0,They took their flashlights and went back to the river.,2386.0
1663,132,1712620458549,66.0,One of the men - it might have been Stuart - waded in and got her.,4328.0
1663,133,1712620462583,53.0,He took her by the fingers and pulled her into shore.,4034.0
1663,134,1712620469155,87.0,He got some nylon cord and tied it to her wrist and then looped the rest around a tree.,6571.0
1663,135,1712620474080,99.0,"The next morning they cooked breakfast, drank coffee, and drank whiskey, and then split up to fish.",4925.0
1663,136,1712620489445,182.0,"That night they cooked fish, cooked potatoes, drank coffee, drank whiskey, then took their cooking things and eating things back down to the river and washed them where the girl was.",15365.0
1663,137,1712620491520,32.0,They played some cards later on.,2075.0
1663,138,1712620496548,55.0,Maybe they played until they couldn't see them anymore.,5028.0
1663,139,1712620502051,28.0,Vern Williams went to sleep.,5503.0
1663,140,1712620503326,28.0,But the others told stories.,1275.0
1663,141,1712620507073,100.0,Gordon Johnson said the trout they'd caught were hard because of the terrible coldness of the water.,3747.0
1663,142,1712620512410,154.0,"The next morning they got up late, drank whiskey, fished a little, took down their tents, rolled their sleeping bags, gathered their stuff, and hiked out.",5337.0
1663,143,1712620514468,41.0,They drove until they got to a telephone.,2057.0
1663,144,1712620518325,86.0,It was Stuart who made the call while the others stood around in the sun and listened.,3857.0
1663,145,1712620519918,32.0,He gave the sheriff their names.,1593.0
1663,146,1712620521036,25.0,They had nothing to hide.,1117.0
1663,147,1712620523306,21.0,They weren't ashamed.,2270.0
1663,148,1712620526511,100.0,They said they'd wait until someone could come for better directions and take down their statements.,3205.0
1663,149,1712620528202,3.0,***,1691.0
1663,150,1712620529909,30.0,I was asleep when he got home.,1707.0
1663,151,1712620531344,46.0,But I woke up when I heard him in the kitchen.,1434.0
1663,152,1712620533748,64.0,I found him leaning against the refrigerator with a can of beer.,2404.0
1663,153,1712620536663,68.0,He put his heavy arms around me and rubbed his big hands on my back.,2915.0
1663,154,1712620541714,85.0,In bed he put his hands on me again and then waited as if thinking of something else.,5051.0
1663,155,1712620543646,28.0,I turned and opened my legs.,1932.0
1663,156,1712620545179,36.0,"Afterwards, I think he stayed awake.",1533.0
1663,157,1712620548423,53.0,He was up that morning before I could get out of bed.,3244.0
1663,158,1712620551015,54.0,"To see if there was something in the paper, I suppose.",2592.0
1663,159,1712620553177,46.0,The telephone began ringing right after eight.,2162.0
1663,160,1712620554401,13.0,"""Go to hell!""",1224.0
1663,161,1712620555294,18.0,I heard him shout.,893.0
1663,162,1712620557151,31.0,The telephone rang right again.,1857.0
1663,163,1712620561471,59.0,"""I have nothing to add to what I already told the sheriff!""",4320.0
1663,164,1712620566290,29.0,He slammed the receiver down.,4819.0
1663,165,1712620567503,27.0,"""What is going on?"" I said.",1213.0
1663,166,1712620572474,49.0,It was then that he told me what I just told you.,4971.0
1663,167,1712620573519,3.0,***,1045.0
1663,168,1712620586926,44.0,I sweep up the broken dishes and go outside.,13407.0
1663,169,1712620589911,85.0,"He is lying on his back on the grass now, the newspaper and can of beer within reach.",2985.0
1663,170,1712620591843,41.0,"""Stuart, could we go for a drive?"" I say.",1932.0
1663,171,1712620594165,30.0,He rolls over and looks at me.,2322.0
1663,172,1712620595698,37.0,"""We'll pick up some beer,"" he says...",1533.0
1663,173,1712620599396,62.0,He gets to his feet and touches me on the hip as he goes past.,3698.0
1663,174,1712620600964,28.0,"""Give me a minute,"" he says.",1567.0
1663,175,1712620604094,39.0,We drive through town without speaking.,3130.0
1663,176,1712620606595,39.0,He stops at a roadside market for beer.,2501.0
1663,177,1712620611142,54.0,I notice a great stack of papers just inside the door.,4547.0
1663,178,1712620620300,89.0,On the top step a fat woman in a print dress holds out a licorice stick to a little girl.,9158.0
1663,179,1712620624612,66.0,"Later on, we cross Everson Creek and turn into the picnic grounds.",4312.0
1663,180,1712620627541,79.0,The creek runs under the bridge and into a large pond a few hundred yards away.,2929.0
1663,181,1712620629537,28.0,I can see the men out there.,1996.0
1663,182,1712620631412,33.0,I can see them out there fishing.,1875.0
1663,183,1712620632940,31.0,So much water so close to home.,1528.0
1663,184,1712620634965,43.0,"I say, ""Why did you have to go miles away?""",2025.0
1663,185,1712620635917,25.0,"""Don't rile me,"" he says.",952.0
1663,186,1712620640049,29.0,We sit on a bench in the sun.,4131.0
1663,187,1712620642544,25.0,He opens us cans of beer.,2495.0
1663,188,1712620644453,25.0,"He says, ""Relax, Claire.""",1909.0
1663,189,1712620645948,30.0,"""They said they were innocent.",1495.0
1663,190,1712620647045,27.0,"They said they were crazy.""",1097.0
1663,191,1712620647795,15.0,"He says, ""Who?""",750.0
1663,192,1712620648993,38.0,"He says, ""What are you talking about?""",1198.0
1663,193,1712620650321,21.0,"""The Maddox brothers.",1328.0
1663,194,1712620652823,54.0,They killed a girl named Arlene Hubly where I grew up.,2502.0
1663,195,1712620655302,60.0,They cut off her head and threw her into the Cle Elum River.,2478.0
1663,196,1712620656507,31.0,"It happened when I was a girl.""",1205.0
1663,197,1712620658665,40.0,"""You're going to get me riled,"" he says.",2158.0
1663,198,1712620662654,20.0,I look at the creek.,3989.0
1663,199,1712620668045,79.0,"I'm right in it, eyes open, face down, staring at the moss on the bottom, dead.",5391.0
1663,200,1712620670856,62.0,"""I don't know what's wrong with you,"" he says on the way home.",2811.0
1663,201,1712620673320,45.0,"""You're getting me more riled by the minute.""",2464.0
1663,202,1712620674820,34.0,There is nothing I can say to him.,1500.0
1663,203,1712620676317,36.0,He tries to concentrate on the road.,1497.0
1663,204,1712620678814,47.0,But he keeps looking into the rear-view mirror.,2497.0
1663,205,1712620679519,9.0,He knows.,705.0
1663,206,1712620680018,3.0,***,498.0
1663,207,1712620686580,52.0,Stuart believes he is letting me sleep this morning.,6562.0
1663,208,1712620688499,47.0,But I was awake long before the alarm went off.,1919.0
1663,209,1712620691832,74.0,"I was thinking, lying on the far side of the bed away from his hairy legs.",3333.0
1663,210,1712620697787,78.0,"He gets Dean off for school, and then he shaves, dresses, and leaves for work.",5955.0
1663,211,1712620699951,40.0,Twice he looks in and clears his throat.,2164.0
1663,212,1712620701094,26.0,But I keep my eyes closed.,1143.0
1663,213,1712620702677,38.0,In the kitchen I find a note from him.,1583.0
1663,214,1712620704214,19.0,"It's signed ""Love.""",1537.0
1663,215,1712620709345,74.0,I sit in the breakfast nook and drink coffee and leave a ring on the note.,5131.0
1663,216,1712620735343,67.0,I look at the newspaper and turn it this way and that on the table.,25998.0
1663,217,1712620738994,43.0,Then I skid it close and read what it says.,3651.0
1663,218,1712620741228,38.0,"The body has been identified, claimed.",2234.0
1663,219,1712620751747,155.0,"But it took some examining it, some putting things into it, some cutting, some weighing, some measuring, some putting things back again and sewing them in.",10519.0
1663,220,1712620754420,57.0,I sit for a long time holding the newspaper and thinking.,2673.0
1663,221,1712620754697,51.0,Then I call up to get a chair at the hairdresser's.,277.0
1663,222,1712620757445,3.0,***,2748.0
1663,223,1712620761705,75.0,I sit under the dryer with a magazine on my lap and let Marnie do my nails.,4260.0
1663,224,1712620763464,42.0,"""I am going to a funeral tomorrow,"" I say.",1758.0
1663,225,1712620765218,38.0,"""I'm sorry to hear that,"" Marnie says.",1754.0
1663,226,1712620766595,25.0,"""It was a murder,"" I say.",1377.0
1663,227,1712620768359,37.0,"""That's the worst kind,"" Marnie says.",1764.0
1663,228,1712620769640,35.0,"""We weren't all that close,"" I say.",1281.0
1663,229,1712620770632,15.0,"""But you know?""",992.0
1663,230,1712620772144,45.0,"""We'll get you fixed up for it,"" Marnie says.",1511.0
1663,231,1712620797551,72.0,"That night I make my bed on the sofa, and in the morning I get up first.",25407.0
1663,232,1712620799187,50.0,I put on coffee and fix breakfast while he shaves.,1636.0
1663,233,1712620802937,76.0,"He appears in the kitchen doorway, towel over his bare shoulder, appraising.",3750.0
1663,234,1712620804113,23.0,"""Here's coffee,"" I say.",1175.0
1663,235,1712620805441,31.0,"""Eggs'll be ready in a minute.”",1328.0
1663,236,1712620807511,37.0,"I wake Dean, and the three of us eat.",2070.0
1663,237,1712620809902,79.0,"Whenever Stuart looks at me, I ask Dean if he wants more milk, more toast, etc.",2391.0
1663,238,1712620847608,56.0,"""I'll call you today,"" Stuart says as he opens the door.",37706.0
1663,239,1712620850052,42.0,"I say, ""I don't think I'll be home today.""",2444.0
1663,240,1712620851231,21.0,"""All right,"" he says.",1179.0
1663,241,1712620851693,7.0,"""Sure.""",462.0
1663,242,1712620852293,18.0,I dress carefully.,600.0
1663,243,1712620853197,48.0,I try on a hat and look at myself in the mirror.,904.0
1663,244,1712620854643,28.0,I write out a note for Dean.,1446.0
1663,245,1712620854973,69.0,"Honey, Mommy has things to do this afternoon, but will be back later.",330.0
1663,246,1712620855926,61.0,You stay in or be in the backyard until one of us comes home.,953.0
1663,247,1712620856478,11.0,"Love, Mommy",552.0
1663,248,1712620857250,48.0,I look at the word Love and then I underline it.,772.0
1663,249,1712620857596,29.0,Then I see the word backyard.,346.0
1663,250,1712620858281,22.0,Is it one word or two?,684.0
1663,251,1712620859143,3.0,***,862.0
1663,252,1712620865130,121.0,"I drive through farm country, through fields of oats and sugar beets and past apple orchards, cattle grazing in pastures.",5987.0
1663,253,1712620869386,99.0,"Then everything changes, more like shacks than farmhouses and stands of timber instead of orchards.",4256.0
1663,254,1712620871834,78.0,"Then mountains, and on the right, far below, I sometimes see the Naches River.",2448.0
1663,255,1712620873214,64.0,A green pickup comes up behind me and stays behind me for miles.,1380.0
1663,256,1712620874225,55.0,"I keep slowing at the wrong times, hoping he will pass.",1011.0
1663,257,1712620875351,16.0,Then I speed up.,1125.0
1663,258,1712620877636,36.0,"But this is at the wrong times, too.",2285.0
1663,259,1712620878604,39.0,I grip the wheel until my fingers hurt.,968.0
1663,260,1712620880956,37.0,On a long clear stretch he goes past.,2352.0
1663,261,1712620885337,73.0,"But he drives along beside for a bit, a crewcut man in a blue work shirt.",4381.0
1663,262,1712620887671,24.0,We look each other over.,2334.0
1663,263,1712620892868,53.0,"Then he waves, toots his horn, and pulls on up ahead.",5197.0
1663,264,1712620894331,29.0,I slow down and find a place.,1463.0
1663,265,1712620898279,35.0,I pull over and shut off the motor.,3948.0
1663,266,1712620899929,42.0,I can hear the river down below the trees.,1650.0
1663,267,1712620902416,35.0,Then I hear the pickup coming back.,2487.0
1663,268,1712620903580,41.0,I lock the doors and roll up the windows.,1164.0
1663,269,1712620904879,30.0,"""You all right?"" the man says.",1299.0
1663,270,1712620905737,21.0,He raps on the glass.,858.0
1663,271,1712620906406,11.0,"""You okay?""",669.0
1663,272,1712620907174,64.0,He leans his arms on the door and brings his face to the window.,768.0
1663,273,1712620907681,15.0,I stare at him.,507.0
1663,274,1712620908705,30.0,I can't think what else to do.,1022.0
1663,275,1712620909534,34.0,"""Is everything all right in there?",829.0
1663,276,1712620910154,31.0,"How come you're all locked up?""",620.0
1663,277,1712620910699,16.0,I shake my head.,545.0
1663,278,1712620911821,24.0,"""Roll down your window.""",1122.0
1663,279,1712620914852,64.0,He shakes his head and looks at the highway and then back at me.,3031.0
1663,280,1712620929542,19.0,"""Roll it down now.""",14689.0
1663,281,1712620930856,32.0,"""Please,"" I say, ""I have to go.""",1314.0
1663,282,1712620931624,50.0,"""Open the door,"" he says as if he isn't listening.",767.0
1663,283,1712620932173,33.0,"""You're going to choke in there.""",549.0
1663,284,1712620932618,32.0,"He looks at my breasts, my legs.",445.0
1663,285,1712620932980,34.0,I can tell that's what he's doing.,362.0
1663,286,1712620933282,22.0,"""Hey, sugar,"" he says.",302.0
1663,287,1712620933838,31.0,"""I'm just here to help is all.""",556.0
1663,288,1712620934509,3.0,***,671.0
1663,289,1712620935304,52.0,The casket is closed and covered with floral sprays.,794.0
1663,290,1712620936053,45.0,The organ starts up the minute I take a seat.,749.0
1663,291,1712620937156,40.0,People are coming in and finding chairs.,1103.0
1663,292,1712620937608,63.0,There's a boy in flared pants and a yellow short-sleeved shirt.,452.0
1663,293,1712620938740,100.0,A door opens and the family comes in in a group and moves over to a curtained place off to one side.,1132.0
1663,294,1712620940232,39.0,Chairs creak as everybody gets settled.,1492.0
1663,295,1712620942655,83.0,"Directly, a nice blond man in a nice dark suit stands and asks us to bow our heads.",2423.0
1663,296,1712620945430,105.0,"He says a prayer for us, the living, and when he finishes, he says a prayer for the soul of the departed.",2775.0
1663,297,1712620946717,43.0,Along with the others I go past the casket.,1287.0
1663,298,1712620947273,66.0,Then I move out onto the front steps and into the afternoon light.,556.0
1663,299,1712620948809,66.0,There's a woman who limps as she goes down the stairs ahead of me.,1536.0
1663,300,1712620949273,33.0,On the sidewalk she looks around.,464.0
1663,301,1712620949904,31.0,"""Well, they got him,"" she says.",631.0
1663,302,1712620950931,27.0,"""If that's any consolation.",1027.0
1663,303,1712620952251,31.0,They arrested him this morning.,1320.0
1663,304,1712620955028,38.0,I heard it on the radio before I come.,2777.0
1663,305,1712620964256,26.0,"A boy right here in town.""",9228.0
1663,306,1712620967780,42.0,We move a few steps down the hot sidewalk.,3524.0
1663,307,1712620969823,25.0,People are starting cars.,2042.0
1663,308,1712620973214,49.0,I put out my hand and hold on to a parking meter.,3391.0
1663,309,1712620987294,36.0,Polished hoods and polished fenders.,14079.0
1663,310,1712620987933,14.0,My head swims.,639.0
1663,311,1712620988337,41.0,"I say, ""They have friends, these killers.",404.0
1663,312,1712620988745,16.0,"You can't tell.""",408.0
1663,313,1712620989608,70.0,"""I have known that child since she was a little girl,"" the woman says.",863.0
1663,314,1712620990324,93.0,"""She used to come over and I'd bake cookies for her and let her eat them in front of the TV.""",716.0
1663,315,1712620992054,3.0,***,1730.0
1663,316,1712620993311,76.0,"Back home, Stuart sits at the table with a drink of whiskey in front of him.",1257.0
1663,317,1712620994750,57.0,For a crazy instant I think something's happened to Dean.,1439.0
1663,318,1712620995828,14.0,"""Where is he?""",1078.0
1663,319,1712620996414,6.0,I say.,586.0
1663,320,1712620996848,16.0,"""Where is Dean?""",434.0
1663,321,1712620997338,27.0,"""Outside,"" my husband says.",490.0
1663,322,1712620998464,34.0,He drains his glass and stands up.,1126.0
1663,323,1712620999715,40.0,"He says, ""I think I know what you need.""",1251.0
1663,324,1712621000924,138.0,He reaches an arm around my waist and with his other hand he begins to unbutton my jacket and then he goes on to the buttons of my blouse.,1209.0
1663,325,1712621001614,30.0,"""First things first,"" he says.",690.0
1663,326,1712621002219,23.0,He says something else.,605.0
1663,327,1712621003925,27.0,But I don't need to listen.,1706.0
1663,328,1712621006076,46.0,I can't hear a thing with so much water going.,2151.0
1663,329,1712621006774,3.0,***,698.0
1612,134,1712597145379,3.0,***,1259.0
1612,135,1712597146427,37.0,My husband eats with a good appetite.,1048.0
1612,136,1712597147464,37.0,But I don't think he's really hungry.,1037.0
1612,137,1712597149322,69.0,"He chews, arms on the table, and stares at something across the room.",1858.0
1612,138,1712597150325,30.0,He looks at me and looks away.,1003.0
1612,139,1712597151275,33.0,He wipes his mouth on the napkin.,950.0
1612,140,1712597152117,30.0,"He shrugs, and goes on eating.",842.0
1612,141,1712597153487,42.0,"""What are you staring at me for?"" he says.",1370.0
1612,142,1712597155067,45.0,"""What is it?"" he says and lays down his fork.",1580.0
1612,143,1712597156105,42.0,"""Was I staring?"" I say, and shake my head.",1038.0
1612,144,1712597156869,20.0,The telephone rings.,764.0
1612,145,1712597157616,27.0,"""Don't answer it,"" he says.",747.0
1612,146,1712597158581,33.0,"""It might be your mother,"" I say.",964.0
1612,147,1712597159483,25.0,"""Watch and see,"" he says.",902.0
1612,148,1712597160283,34.0,I pick up the receiver and listen.,800.0
1612,149,1712597160980,24.0,My husband stops eating.,697.0
1612,150,1712597161950,46.0,"""What did I tell you?"" he says when I hang up.",970.0
1612,151,1712597162635,23.0,He starts to eat again.,685.0
1612,152,1712597163480,36.0,Then throws his napkin on his plate.,845.0
1612,153,1712597164685,63.0,"He says, ""Goddamn it, why can't people mind their own business?",1204.0
1612,154,1712597166291,41.0,Tell me what I did wrong and I'll listen!,1606.0
1612,155,1712597167046,28.0,I wasn't the only man there.,755.0
1612,156,1712597168224,37.0,We talked it over and we all decided.,1178.0
1612,157,1712597169282,29.0,We couldn't just turn around.,1058.0
1612,158,1712597170164,32.0,We were five miles from the car.,882.0
1612,159,1712597170960,34.0,I won't have you passing judgment.,796.0
1612,160,1712597171609,13.0,"Do you hear?""",649.0
1612,161,1712597172182,18.0,"""You know,"" I say.",573.0
1612,162,1712597173476,33.0,"He says, ""What do I know, Claire?",1294.0
1612,163,1712597174147,34.0,Tell me what I'm supposed to know.,671.0
1612,164,1712597175983,40.0,"I don't know anything except one thing?""",1836.0
1612,165,1712597176659,48.0,He gives me what he thinks is a meaningful look.,676.0
1612,166,1712597177399,24.0,"""She was dead,"" he says.",740.0
1612,167,1712597178189,33.0,"""And I'm as sorry as anyone else.",789.0
1612,168,1712597178779,18.0,"But she was dead.""",590.0
1612,169,1712597179519,26.0,"""That's the point,"" I say.",740.0
1612,170,1712597180228,20.0,He raises his hands.,709.0
1612,171,1712597180999,40.0,He pushes his chair away from the table.,771.0
1612,172,1712597182320,72.0,He takes out his cigarettes and goes out to the back with a can of beer.,1321.0
1612,173,1712597183391,64.0,I see him sit in the lawn chair and pick up the newspaper again.,1070.0
1612,174,1712597184625,39.0,His name is in there on the first page.,1234.0
1612,175,1712597185369,36.0,Along with the names of his friends.,744.0
1612,176,1712597186055,40.0,I close my eyes and hold on to the sink.,686.0
1612,177,1712597187510,74.0,Then I rake my arm across the drainboard and send the dishes to the floor.,1455.0
1612,178,1712597188154,16.0,He doesn't move.,643.0
1612,179,1712597188778,18.0,I know he's heard.,624.0
1612,180,1712597189438,40.0,He lifts his head as if still listening.,660.0
1612,181,1712597190295,30.0,But he doesn't move otherwise.,857.0
1612,182,1712597190934,23.0,He doesn't turn around.,639.0
1612,183,1712597191542,3.0,***,608.0
1612,184,1712597194710,88.0,"He and Gordon Johnson and Mel Dorn and Vern Williams, they play poker and bowl and fish.",3168.0
1612,185,1712597196205,85.0,They fish every spring and early summer before visiting relatives can get in the way.,1495.0
1612,186,1712597197461,65.0,"They are decent men, family men, men who take care of their jobs.",1255.0
1612,187,1712597198591,65.0,"They have sons and daughters who go to school with our son, Dean.",1130.0
1612,188,1712597199821,55.0,Last Friday these family men left for the Naches River.,1230.0
1612,189,1712597202375,76.0,They parked the car in the mountains and hiked to where they wanted to fish.,2554.0
1612,190,1712597204519,76.0,"They carried their bedrolls, their food, their playing cards, their whiskey.",2143.0
1612,191,1712597205553,42.0,They saw the girl before they set up camp.,1034.0
1612,192,1712597206241,19.0,Mel Dorn found her.,688.0
1612,193,1712597206895,25.0,No clothes on her at all.,654.0
1612,194,1712597207827,64.0,She was wedged into some branches that stuck out over the water.,932.0
1612,195,1712597208809,43.0,He called the others and they came to look.,982.0
1612,196,1712597210049,29.0,They talked about what to do.,1240.0
1612,197,1712597212310,82.0,One of the men - my Stuart didn't say which - said they should start back at once.,2260.0
1612,198,1712597213713,86.0,"The others stirred the sand with their shoes, said they didn't feel inclined that way.",1403.0
1612,199,1712597215562,82.0,"They pleaded fatigue, the late hour, the fact that the girl wasn't going anywhere.",1849.0
1612,200,1712597216688,47.0,In the end they went ahead and set up the camp.,1125.0
1612,201,1712597218467,42.0,They built a fire and drank their whiskey.,1779.0
1612,202,1712597219222,50.0,"When the moon came up, they talked about the girl.",755.0
1612,203,1712597220471,59.0,Someone said they should -keep the body from drifting away.,1249.0
1612,204,1712597221459,55.0,They took their flashlights and went back to the river.,988.0
1612,205,1712597222728,66.0,One of the men - it might have been Stuart - waded in and got her.,1269.0
1612,206,1712597223741,53.0,He took her by the fingers and pulled her into shore.,1013.0
1612,207,1712597225567,87.0,He got some nylon cord and tied it to her wrist and then looped the rest around a tree.,1826.0
1612,208,1712597227265,99.0,"The next morning they cooked breakfast, drank coffee, and drank whiskey, and then split up to fish.",1697.0
1612,209,1712597230853,182.0,"That night they cooked fish, cooked potatoes, drank coffee, drank whiskey, then took their cooking things and eating things back down to the river and washed them where the girl was.",3587.0
1612,210,1712597231473,32.0,They played some cards later on.,620.0
1612,211,1712597232812,55.0,Maybe they played until they couldn't see them anymore.,1339.0
1612,212,1712597233603,28.0,Vern Williams went to sleep.,790.0
1612,213,1712597234379,28.0,But the others told stories.,776.0
1612,214,1712597235915,100.0,Gordon Johnson said the trout they'd caught were hard because of the terrible coldness of the water.,1536.0
1612,215,1712597239227,154.0,"The next morning they got up late, drank whiskey, fished a little, took down their tents, rolled their sleeping bags, gathered their stuff, and hiked out.",3312.0
1612,216,1712597240150,41.0,They drove until they got to a telephone.,923.0
1612,217,1712597241367,86.0,It was Stuart who made the call while the others stood around in the sun and listened.,1217.0
1612,218,1712597241966,32.0,He gave the sheriff their names.,598.0
1612,219,1712597242526,25.0,They had nothing to hide.,560.0
1612,220,1712597243039,21.0,They weren't ashamed.,513.0
1612,221,1712597244656,100.0,They said they'd wait until someone could come for better directions and take down their statements.,1617.0
1612,222,1712597245155,3.0,***,499.0
1612,223,1712597245823,30.0,I was asleep when he got home.,668.0
1612,224,1712597246751,46.0,But I woke up when I heard him in the kitchen.,927.0
1612,225,1712597247602,64.0,I found him leaning against the refrigerator with a can of beer.,851.0
1612,226,1712597249263,68.0,He put his heavy arms around me and rubbed his big hands on my back.,1661.0
1612,227,1712597251639,85.0,In bed he put his hands on me again and then waited as if thinking of something else.,2376.0
1612,228,1712597252254,28.0,I turned and opened my legs.,614.0
1612,229,1712597253080,36.0,"Afterwards, I think he stayed awake.",826.0
1612,230,1712597254223,53.0,He was up that morning before I could get out of bed.,1143.0
1612,231,1712597255204,54.0,"To see if there was something in the paper, I suppose.",981.0
1612,232,1712597256076,46.0,The telephone began ringing right after eight.,872.0
1612,233,1712597256649,13.0,"""Go to hell!""",571.0
1612,234,1712597257148,18.0,I heard him shout.,499.0
1612,235,1712597257676,31.0,The telephone rang right again.,528.0
1612,236,1712597258511,59.0,"""I have nothing to add to what I already told the sheriff!""",835.0
1612,237,1712597259132,29.0,He slammed the receiver down.,621.0
1612,238,1712597259713,27.0,"""What is going on?"" I said.",581.0
1612,239,1712597260481,49.0,It was then that he told me what I just told you.,768.0
1612,240,1712597260961,3.0,***,480.0
1612,241,1712597261585,44.0,I sweep up the broken dishes and go outside.,624.0
1612,242,1712597262979,85.0,"He is lying on his back on the grass now, the newspaper and can of beer within reach.",1394.0
1612,243,1712597263930,41.0,"""Stuart, could we go for a drive?"" I say.",951.0
1612,244,1712597264496,30.0,He rolls over and looks at me.,566.0
1612,245,1712597265065,37.0,"""We'll pick up some beer,"" he says...",569.0
1612,246,1712597266584,62.0,He gets to his feet and touches me on the hip as he goes past.,1519.0
1612,247,1712597267220,28.0,"""Give me a minute,"" he says.",636.0
1612,248,1712597267777,39.0,We drive through town without speaking.,557.0
1612,249,1712597268865,39.0,He stops at a roadside market for beer.,1088.0
1612,250,1712597270170,54.0,I notice a great stack of papers just inside the door.,1305.0
1612,251,1712597271817,89.0,On the top step a fat woman in a print dress holds out a licorice stick to a little girl.,1647.0
1612,252,1712597273198,66.0,"Later on, we cross Everson Creek and turn into the picnic grounds.",1381.0
1612,253,1712597274076,79.0,The creek runs under the bridge and into a large pond a few hundred yards away.,878.0
1612,254,1712597274581,28.0,I can see the men out there.,504.0
1612,255,1712597275180,33.0,I can see them out there fishing.,599.0
1612,256,1712597275726,31.0,So much water so close to home.,546.0
1612,257,1712597276772,43.0,"I say, ""Why did you have to go miles away?""",1046.0
1612,258,1712597277350,25.0,"""Don't rile me,"" he says.",578.0
1612,259,1712597277839,29.0,We sit on a bench in the sun.,489.0
1612,260,1712597278392,25.0,He opens us cans of beer.,553.0
1612,261,1712597279007,25.0,"He says, ""Relax, Claire.""",615.0
1612,262,1712597279834,30.0,"""They said they were innocent.",827.0
1612,263,1712597280517,27.0,"They said they were crazy.""",683.0
1612,264,1712597281101,15.0,"He says, ""Who?""",583.0
1612,265,1712597281796,38.0,"He says, ""What are you talking about?""",695.0
1612,266,1712597282335,21.0,"""The Maddox brothers.",539.0
1612,267,1712597283353,54.0,They killed a girl named Arlene Hubly where I grew up.,1018.0
1612,268,1712597284537,60.0,They cut off her head and threw her into the Cle Elum River.,1184.0
1612,269,1712597285407,31.0,"It happened when I was a girl.""",869.0
1612,270,1712597286398,40.0,"""You're going to get me riled,"" he says.",990.0
1612,271,1712597286902,20.0,I look at the creek.,504.0
1612,272,1712597289848,79.0,"I'm right in it, eyes open, face down, staring at the moss on the bottom, dead.",2946.0
1612,273,1712597290895,62.0,"""I don't know what's wrong with you,"" he says on the way home.",1047.0
1612,274,1712597291701,45.0,"""You're getting me more riled by the minute.""",806.0
1612,275,1712597292344,34.0,There is nothing I can say to him.,643.0
1612,276,1712597292985,36.0,He tries to concentrate on the road.,641.0
1612,277,1712597293892,47.0,But he keeps looking into the rear-view mirror.,907.0
1612,278,1712597294405,9.0,He knows.,513.0
1612,279,1712597294990,3.0,***,585.0
1612,280,1712597296377,52.0,Stuart believes he is letting me sleep this morning.,1387.0
1612,281,1712597297328,47.0,But I was awake long before the alarm went off.,951.0
1612,282,1712597298527,74.0,"I was thinking, lying on the far side of the bed away from his hairy legs.",1199.0
1612,283,1712597300160,78.0,"He gets Dean off for school, and then he shaves, dresses, and leaves for work.",1633.0
1612,284,1712597301031,40.0,Twice he looks in and clears his throat.,871.0
1612,285,1712597301590,26.0,But I keep my eyes closed.,559.0
1612,286,1712597302119,38.0,In the kitchen I find a note from him.,529.0
1612,287,1712597302658,19.0,"It's signed ""Love.""",539.0
1612,288,1712597304023,74.0,I sit in the breakfast nook and drink coffee and leave a ring on the note.,1365.0
1612,289,1712597305085,67.0,I look at the newspaper and turn it this way and that on the table.,1062.0
1612,290,1712597305977,43.0,Then I skid it close and read what it says.,892.0
1612,291,1712597306631,38.0,"The body has been identified, claimed.",654.0
1612,292,1712597309409,155.0,"But it took some examining it, some putting things into it, some cutting, some weighing, some measuring, some putting things back again and sewing them in.",2778.0
1612,293,1712597310165,57.0,I sit for a long time holding the newspaper and thinking.,756.0
1612,294,1712597311214,51.0,Then I call up to get a chair at the hairdresser's.,1049.0
1612,295,1712597327844,3.0,***,16630.0
1612,296,1712597328988,75.0,I sit under the dryer with a magazine on my lap and let Marnie do my nails.,1144.0
1612,297,1712597329778,42.0,"""I am going to a funeral tomorrow,"" I say.",790.0
1612,298,1712597330429,38.0,"""I'm sorry to hear that,"" Marnie says.",651.0
1612,299,1712597331459,25.0,"""It was a murder,"" I say.",1030.0
1612,300,1712597332109,37.0,"""That's the worst kind,"" Marnie says.",649.0
1612,301,1712597332703,35.0,"""We weren't all that close,"" I say.",594.0
1612,302,1712597333212,15.0,"""But you know?""",509.0
1612,303,1712597334143,45.0,"""We'll get you fixed up for it,"" Marnie says.",931.0
1612,304,1712597335353,72.0,"That night I make my bed on the sofa, and in the morning I get up first.",1210.0
1612,305,1712597336178,50.0,I put on coffee and fix breakfast while he shaves.,825.0
1612,306,1712597337377,76.0,"He appears in the kitchen doorway, towel over his bare shoulder, appraising.",1199.0
1612,307,1712597337985,23.0,"""Here's coffee,"" I say.",608.0
1612,308,1712597338605,31.0,"""Eggs'll be ready in a minute.”",620.0
1612,309,1712597339311,37.0,"I wake Dean, and the three of us eat.",705.0
1612,310,1712597340674,79.0,"Whenever Stuart looks at me, I ask Dean if he wants more milk, more toast, etc.",1363.0
1612,311,1712597341877,56.0,"""I'll call you today,"" Stuart says as he opens the door.",1203.0
1612,312,1712597345241,42.0,"I say, ""I don't think I'll be home today.""",3363.0
1612,313,1712597346295,21.0,"""All right,"" he says.",1053.0
1612,314,1712597349703,7.0,"""Sure.""",3408.0
1612,315,1712597350448,18.0,I dress carefully.,745.0
1612,316,1712597351928,48.0,I try on a hat and look at myself in the mirror.,1480.0
1612,317,1712597352539,28.0,I write out a note for Dean.,611.0
1612,318,1712597356883,69.0,"Honey, Mommy has things to do this afternoon, but will be back later.",4344.0
1612,319,1712597364320,61.0,You stay in or be in the backyard until one of us comes home.,7437.0
1612,320,1712597365373,11.0,"Love, Mommy",1053.0
1612,321,1712597366229,48.0,I look at the word Love and then I underline it.,856.0
1612,322,1712597366928,29.0,Then I see the word backyard.,699.0
1612,323,1712597367476,22.0,Is it one word or two?,547.0
1612,324,1712597367987,3.0,***,511.0
1612,325,1712597369220,121.0,"I drive through farm country, through fields of oats and sugar beets and past apple orchards, cattle grazing in pastures.",1233.0
1612,326,1712597370021,99.0,"Then everything changes, more like shacks than farmhouses and stands of timber instead of orchards.",801.0
1612,327,1712597370856,78.0,"Then mountains, and on the right, far below, I sometimes see the Naches River.",835.0
1612,328,1712597371763,64.0,A green pickup comes up behind me and stays behind me for miles.,907.0
1612,329,1712597372664,55.0,"I keep slowing at the wrong times, hoping he will pass.",901.0
1612,330,1712597373233,16.0,Then I speed up.,568.0
1612,331,1712597373733,36.0,"But this is at the wrong times, too.",500.0
1612,332,1712597374347,39.0,I grip the wheel until my fingers hurt.,614.0
1612,333,1712597374985,37.0,On a long clear stretch he goes past.,638.0
1612,334,1712597376335,73.0,"But he drives along beside for a bit, a crewcut man in a blue work shirt.",1350.0
1612,335,1712597376888,24.0,We look each other over.,553.0
1612,336,1712597377709,53.0,"Then he waves, toots his horn, and pulls on up ahead.",820.0
1612,337,1712597378243,29.0,I slow down and find a place.,534.0
1612,338,1712597378756,35.0,I pull over and shut off the motor.,513.0
1612,339,1712597379395,42.0,I can hear the river down below the trees.,639.0
1612,340,1712597379934,35.0,Then I hear the pickup coming back.,539.0
1612,341,1712597380590,41.0,I lock the doors and roll up the windows.,656.0
1612,342,1712597381113,30.0,"""You all right?"" the man says.",523.0
1612,343,1712597381551,21.0,He raps on the glass.,438.0
1612,344,1712597382025,11.0,"""You okay?""",473.0
1612,345,1712597382664,64.0,He leans his arms on the door and brings his face to the window.,639.0
1612,346,1712597383149,15.0,I stare at him.,485.0
1612,347,1712597383593,30.0,I can't think what else to do.,444.0
1612,348,1712597384194,34.0,"""Is everything all right in there?",601.0
1612,349,1712597384637,31.0,"How come you're all locked up?""",442.0
1612,350,1712597385171,16.0,I shake my head.,534.0
1612,351,1712597385700,24.0,"""Roll down your window.""",528.0
1612,352,1712597386471,64.0,He shakes his head and looks at the highway and then back at me.,771.0
1612,353,1712597386969,19.0,"""Roll it down now.""",498.0
1612,354,1712597387454,32.0,"""Please,"" I say, ""I have to go.""",485.0
1612,355,1712597388234,50.0,"""Open the door,"" he says as if he isn't listening.",780.0
1612,356,1712597389038,33.0,"""You're going to choke in there.""",804.0
1612,357,1712597389724,32.0,"He looks at my breasts, my legs.",686.0
1612,358,1712597390599,34.0,I can tell that's what he's doing.,875.0
1612,359,1712597391093,22.0,"""Hey, sugar,"" he says.",493.0
1612,360,1712597391602,31.0,"""I'm just here to help is all.""",509.0
1612,361,1712597392070,3.0,***,468.0
1612,362,1712597392982,52.0,The casket is closed and covered with floral sprays.,912.0
1612,363,1712597393898,45.0,The organ starts up the minute I take a seat.,916.0
1612,364,1712597394548,40.0,People are coming in and finding chairs.,650.0
1612,365,1712597395400,63.0,There's a boy in flared pants and a yellow short-sleeved shirt.,852.0
1612,366,1712597396250,100.0,A door opens and the family comes in in a group and moves over to a curtained place off to one side.,850.0
1612,367,1712597397131,39.0,Chairs creak as everybody gets settled.,881.0
1612,368,1712597398204,83.0,"Directly, a nice blond man in a nice dark suit stands and asks us to bow our heads.",1073.0
1612,369,1712597399049,105.0,"He says a prayer for us, the living, and when he finishes, he says a prayer for the soul of the departed.",844.0
1612,370,1712597400161,43.0,Along with the others I go past the casket.,1112.0
1612,371,1712597401103,66.0,Then I move out onto the front steps and into the afternoon light.,942.0
1612,372,1712597402207,66.0,There's a woman who limps as she goes down the stairs ahead of me.,1104.0
1612,373,1712597402805,33.0,On the sidewalk she looks around.,597.0
1612,374,1712597403408,31.0,"""Well, they got him,"" she says.",603.0
1612,375,1712597403922,27.0,"""If that's any consolation.",514.0
1612,376,1712597404472,31.0,They arrested him this morning.,550.0
1612,377,1712597405091,38.0,I heard it on the radio before I come.,619.0
1612,378,1712597405661,26.0,"A boy right here in town.""",570.0
1612,379,1712597406456,42.0,We move a few steps down the hot sidewalk.,795.0
1612,380,1712597407019,25.0,People are starting cars.,563.0
1612,381,1712597407880,49.0,I put out my hand and hold on to a parking meter.,861.0
1612,382,1712597408545,36.0,Polished hoods and polished fenders.,665.0
1612,383,1712597409034,14.0,My head swims.,489.0
1612,384,1712597409764,41.0,"I say, ""They have friends, these killers.",730.0
1612,385,1712597410263,16.0,"You can't tell.""",499.0
1612,386,1712597411738,70.0,"""I have known that child since she was a little girl,"" the woman says.",1475.0
1612,387,1712597413036,93.0,"""She used to come over and I'd bake cookies for her and let her eat them in front of the TV.""",1298.0
1612,388,1712597413511,3.0,***,475.0
1612,389,1712597414709,76.0,"Back home, Stuart sits at the table with a drink of whiskey in front of him.",1196.0
1612,390,1712597415585,57.0,For a crazy instant I think something's happened to Dean.,876.0
1612,391,1712597416048,14.0,"""Where is he?""",463.0
1612,392,1712597416472,6.0,I say.,424.0
1612,393,1712597416889,16.0,"""Where is Dean?""",417.0
1612,394,1712597417333,27.0,"""Outside,"" my husband says.",444.0
1612,395,1712597417917,34.0,He drains his glass and stands up.,584.0
1612,396,1712597419044,40.0,"He says, ""I think I know what you need.""",1127.0
1612,397,1712597421319,138.0,He reaches an arm around my waist and with his other hand he begins to unbutton my jacket and then he goes on to the buttons of my blouse.,2275.0
1612,398,1712597421840,30.0,"""First things first,"" he says.",521.0
1612,399,1712597422322,23.0,He says something else.,482.0
1612,400,1712597422771,27.0,But I don't need to listen.,448.0
1612,401,1712597423602,46.0,I can't hear a thing with so much water going.,831.0
1612,402,1712597424074,3.0,***,472.0
1676,91,1712422280921,3.0,***,2688.0
1676,92,1712422282695,37.0,My husband eats with a good appetite.,1773.0
1676,93,1712422284231,37.0,But I don't think he's really hungry.,1536.0
1676,94,1712422286796,69.0,"He chews, arms on the table, and stares at something across the room.",2564.0
1676,95,1712422288379,30.0,He looks at me and looks away.,1583.0
1676,96,1712422289887,33.0,He wipes his mouth on the napkin.,1508.0
1676,97,1712422291019,30.0,"He shrugs, and goes on eating.",1132.0
1676,98,1712422292745,42.0,"""What are you staring at me for?"" he says.",1726.0
1676,99,1712422294527,45.0,"""What is it?"" he says and lays down his fork.",1782.0
1676,100,1712422296280,42.0,"""Was I staring?"" I say, and shake my head.",1753.0
1676,101,1712422297341,20.0,The telephone rings.,1061.0
1676,102,1712422298712,27.0,"""Don't answer it,"" he says.",1371.0
1676,103,1712422299911,33.0,"""It might be your mother,"" I say.",1198.0
1676,104,1712422301365,25.0,"""Watch and see,"" he says.",1453.0
1676,105,1712422302458,34.0,I pick up the receiver and listen.,1092.0
1676,106,1712422303353,24.0,My husband stops eating.,895.0
1676,107,1712422304657,46.0,"""What did I tell you?"" he says when I hang up.",1303.0
1676,108,1712422305558,23.0,He starts to eat again.,901.0
1676,109,1712422306769,36.0,Then throws his napkin on his plate.,1211.0
1676,110,1712422308542,63.0,"He says, ""Goddamn it, why can't people mind their own business?",1773.0
1676,111,1712422309796,41.0,Tell me what I did wrong and I'll listen!,1254.0
1676,112,1712422311018,28.0,I wasn't the only man there.,1222.0
1676,113,1712422312571,37.0,We talked it over and we all decided.,1553.0
1676,114,1712422313826,29.0,We couldn't just turn around.,1255.0
1676,115,1712422315088,32.0,We were five miles from the car.,1262.0
1676,116,1712422316581,34.0,I won't have you passing judgment.,1493.0
1676,117,1712422317728,13.0,"Do you hear?""",1146.0
1676,118,1712422319235,18.0,"""You know,"" I say.",1507.0
1676,119,1712422320340,33.0,"He says, ""What do I know, Claire?",1105.0
1676,120,1712422321375,34.0,Tell me what I'm supposed to know.,1035.0
1676,121,1712422322557,40.0,"I don't know anything except one thing?""",1182.0
1676,122,1712422323957,48.0,He gives me what he thinks is a meaningful look.,1399.0
1676,123,1712422324875,24.0,"""She was dead,"" he says.",918.0
1676,124,1712422325987,33.0,"""And I'm as sorry as anyone else.",1111.0
1676,125,1712422326811,18.0,"But she was dead.""",824.0
1676,126,1712422327683,26.0,"""That's the point,"" I say.",872.0
1676,127,1712422328532,20.0,He raises his hands.,849.0
1676,128,1712422329860,40.0,He pushes his chair away from the table.,1328.0
1676,129,1712422331658,72.0,He takes out his cigarettes and goes out to the back with a can of beer.,1798.0
1676,130,1712422334768,64.0,I see him sit in the lawn chair and pick up the newspaper again.,3110.0
1676,131,1712422336058,39.0,His name is in there on the first page.,1290.0
1676,132,1712422337152,36.0,Along with the names of his friends.,1094.0
1676,133,1712422338423,40.0,I close my eyes and hold on to the sink.,1271.0
1676,134,1712422340198,74.0,Then I rake my arm across the drainboard and send the dishes to the floor.,1775.0
1676,135,1712422340942,16.0,He doesn't move.,744.0
1676,136,1712422341730,18.0,I know he's heard.,788.0
1676,137,1712422343813,40.0,He lifts his head as if still listening.,2082.0
1676,138,1712422344754,30.0,But he doesn't move otherwise.,941.0
1676,139,1712422345677,23.0,He doesn't turn around.,923.0
1676,140,1712422346389,3.0,***,712.0
1676,141,1712422349057,88.0,"He and Gordon Johnson and Mel Dorn and Vern Williams, they play poker and bowl and fish.",2668.0
1676,142,1712422351445,85.0,They fish every spring and early summer before visiting relatives can get in the way.,2388.0
1676,143,1712422353406,65.0,"They are decent men, family men, men who take care of their jobs.",1960.0
1676,144,1712422354661,65.0,"They have sons and daughters who go to school with our son, Dean.",1255.0
1676,145,1712422356419,55.0,Last Friday these family men left for the Naches River.,1758.0
1676,146,1712422358329,76.0,They parked the car in the mountains and hiked to where they wanted to fish.,1909.0
1676,147,1712422360028,76.0,"They carried their bedrolls, their food, their playing cards, their whiskey.",1699.0
1676,148,1712422361724,42.0,They saw the girl before they set up camp.,1696.0
1676,149,1712422362602,19.0,Mel Dorn found her.,877.0
1676,150,1712422363438,25.0,No clothes on her at all.,835.0
1676,151,1712422365551,64.0,She was wedged into some branches that stuck out over the water.,2113.0
1676,152,1712422366746,43.0,He called the others and they came to look.,1195.0
1676,153,1712422368268,29.0,They talked about what to do.,1521.0
1676,154,1712422370169,82.0,One of the men - my Stuart didn't say which - said they should start back at once.,1901.0
1676,155,1712422373664,86.0,"The others stirred the sand with their shoes, said they didn't feel inclined that way.",3495.0
1676,156,1712422377284,82.0,"They pleaded fatigue, the late hour, the fact that the girl wasn't going anywhere.",3620.0
1676,157,1712422379096,47.0,In the end they went ahead and set up the camp.,1812.0
1676,158,1712422380806,42.0,They built a fire and drank their whiskey.,1708.0
1676,159,1712422382287,50.0,"When the moon came up, they talked about the girl.",1481.0
1676,160,1712422384664,59.0,Someone said they should -keep the body from drifting away.,2377.0
1676,161,1712422386377,55.0,They took their flashlights and went back to the river.,1713.0
1676,162,1712422388179,66.0,One of the men - it might have been Stuart - waded in and got her.,1802.0
1676,163,1712422390131,53.0,He took her by the fingers and pulled her into shore.,1952.0
1676,164,1712422393450,87.0,He got some nylon cord and tied it to her wrist and then looped the rest around a tree.,3319.0
1676,165,1712422397420,99.0,"The next morning they cooked breakfast, drank coffee, and drank whiskey, and then split up to fish.",3970.0
1676,166,1712422401865,182.0,"That night they cooked fish, cooked potatoes, drank coffee, drank whiskey, then took their cooking things and eating things back down to the river and washed them where the girl was.",4445.0
1676,167,1712422402898,32.0,They played some cards later on.,1032.0
1676,168,1712422404806,55.0,Maybe they played until they couldn't see them anymore.,1907.0
1676,169,1712422405709,28.0,Vern Williams went to sleep.,903.0
1676,170,1712422406664,28.0,But the others told stories.,955.0
1676,171,1712422408662,100.0,Gordon Johnson said the trout they'd caught were hard because of the terrible coldness of the water.,1998.0
1676,172,1712422411462,154.0,"The next morning they got up late, drank whiskey, fished a little, took down their tents, rolled their sleeping bags, gathered their stuff, and hiked out.",2800.0
1676,173,1712422412340,41.0,They drove until they got to a telephone.,878.0
1676,174,1712422414070,86.0,It was Stuart who made the call while the others stood around in the sun and listened.,1730.0
1676,175,1712422414931,32.0,He gave the sheriff their names.,861.0
1676,176,1712422415617,25.0,They had nothing to hide.,686.0
1676,177,1712422416218,21.0,They weren't ashamed.,601.0
1676,178,1712422418164,100.0,They said they'd wait until someone could come for better directions and take down their statements.,1946.0
1676,179,1712422418882,3.0,***,718.0
1676,180,1712422419741,30.0,I was asleep when he got home.,859.0
1676,181,1712422421118,46.0,But I woke up when I heard him in the kitchen.,1377.0
1676,182,1712422423060,64.0,I found him leaning against the refrigerator with a can of beer.,1942.0
1676,183,1712422425255,68.0,He put his heavy arms around me and rubbed his big hands on my back.,2195.0
1676,184,1712422427301,85.0,In bed he put his hands on me again and then waited as if thinking of something else.,2046.0
1676,185,1712422428182,28.0,I turned and opened my legs.,881.0
1676,186,1712422429272,36.0,"Afterwards, I think he stayed awake.",1090.0
1676,187,1712422431984,53.0,He was up that morning before I could get out of bed.,2712.0
1676,188,1712422433623,54.0,"To see if there was something in the paper, I suppose.",1638.0
1676,189,1712422436280,46.0,The telephone began ringing right after eight.,2657.0
1676,190,1712422436975,13.0,"""Go to hell!""",695.0
1676,191,1712422437802,18.0,I heard him shout.,827.0
1676,192,1712422438866,31.0,The telephone rang right again.,1064.0
1676,193,1712422440748,59.0,"""I have nothing to add to what I already told the sheriff!""",1882.0
1676,194,1712422441472,29.0,He slammed the receiver down.,724.0
1676,195,1712422442120,27.0,"""What is going on?"" I said.",648.0
1676,196,1712422444217,49.0,It was then that he told me what I just told you.,2096.0
1676,197,1712422444764,3.0,***,547.0
1676,198,1712422445757,44.0,I sweep up the broken dishes and go outside.,993.0
1676,199,1712422447697,85.0,"He is lying on his back on the grass now, the newspaper and can of beer within reach.",1940.0
1676,200,1712422449015,41.0,"""Stuart, could we go for a drive?"" I say.",1318.0
1676,201,1712422449649,30.0,He rolls over and looks at me.,634.0
1676,202,1712422450489,37.0,"""We'll pick up some beer,"" he says...",840.0
1676,203,1712422452007,62.0,He gets to his feet and touches me on the hip as he goes past.,1517.0
1676,204,1712422452702,28.0,"""Give me a minute,"" he says.",695.0
1676,205,1712422453367,39.0,We drive through town without speaking.,665.0
1676,206,1712422454077,39.0,He stops at a roadside market for beer.,709.0
1676,207,1712422456266,54.0,I notice a great stack of papers just inside the door.,2188.0
1676,208,1712422457886,89.0,On the top step a fat woman in a print dress holds out a licorice stick to a little girl.,1620.0
1676,209,1712422460301,66.0,"Later on, we cross Everson Creek and turn into the picnic grounds.",2415.0
1676,210,1712422463880,79.0,The creek runs under the bridge and into a large pond a few hundred yards away.,3578.0
1676,211,1712422464763,28.0,I can see the men out there.,882.0
1676,212,1712422466006,33.0,I can see them out there fishing.,1242.0
1676,213,1712422467194,31.0,So much water so close to home.,1188.0
1676,214,1712422470067,43.0,"I say, ""Why did you have to go miles away?""",2873.0
1676,215,1712422470887,25.0,"""Don't rile me,"" he says.",820.0
1676,216,1712422473041,29.0,We sit on a bench in the sun.,2154.0
1676,217,1712422473854,25.0,He opens us cans of beer.,813.0
1676,218,1712422474644,25.0,"He says, ""Relax, Claire.""",790.0
1676,219,1712422476032,30.0,"""They said they were innocent.",1387.0
1676,220,1712422476680,27.0,"They said they were crazy.""",647.0
1676,221,1712422477317,15.0,"He says, ""Who?""",636.0
1676,222,1712422478592,38.0,"He says, ""What are you talking about?""",1275.0
1676,223,1712422479277,21.0,"""The Maddox brothers.",685.0
1676,224,1712422480582,54.0,They killed a girl named Arlene Hubly where I grew up.,1304.0
1676,225,1712422483229,60.0,They cut off her head and threw her into the Cle Elum River.,2647.0
1676,226,1712422484437,31.0,"It happened when I was a girl.""",1208.0
1676,227,1712422485566,40.0,"""You're going to get me riled,"" he says.",1129.0
1676,228,1712422486129,20.0,I look at the creek.,563.0
1676,229,1712422487981,79.0,"I'm right in it, eyes open, face down, staring at the moss on the bottom, dead.",1851.0
1676,230,1712422489175,62.0,"""I don't know what's wrong with you,"" he says on the way home.",1194.0
1676,231,1712422490085,45.0,"""You're getting me more riled by the minute.""",910.0
1676,232,1712422491224,34.0,There is nothing I can say to him.,1138.0
1676,233,1712422492186,36.0,He tries to concentrate on the road.,961.0
1676,234,1712422493353,47.0,But he keeps looking into the rear-view mirror.,1167.0
1676,235,1712422493909,9.0,He knows.,556.0
1676,236,1712422494488,3.0,***,579.0
1676,237,1712422495825,52.0,Stuart believes he is letting me sleep this morning.,1337.0
1676,238,1712422497356,47.0,But I was awake long before the alarm went off.,1530.0
1676,239,1712422498685,74.0,"I was thinking, lying on the far side of the bed away from his hairy legs.",1329.0
1676,240,1712422500472,78.0,"He gets Dean off for school, and then he shaves, dresses, and leaves for work.",1787.0
1676,241,1712422501219,40.0,Twice he looks in and clears his throat.,747.0
1676,242,1712422501871,26.0,But I keep my eyes closed.,652.0
1676,243,1712422502862,38.0,In the kitchen I find a note from him.,991.0
1676,244,1712422503752,19.0,"It's signed ""Love.""",889.0
1676,245,1712422505190,74.0,I sit in the breakfast nook and drink coffee and leave a ring on the note.,1438.0
1676,246,1712422506539,67.0,I look at the newspaper and turn it this way and that on the table.,1349.0
1676,247,1712422507338,43.0,Then I skid it close and read what it says.,799.0
1676,248,1712422508111,38.0,"The body has been identified, claimed.",773.0
1676,249,1712422509751,155.0,"But it took some examining it, some putting things into it, some cutting, some weighing, some measuring, some putting things back again and sewing them in.",1640.0
1676,250,1712422510992,57.0,I sit for a long time holding the newspaper and thinking.,1240.0
1676,251,1712422511926,51.0,Then I call up to get a chair at the hairdresser's.,934.0
1676,252,1712422512568,3.0,***,642.0
1676,253,1712422514433,75.0,I sit under the dryer with a magazine on my lap and let Marnie do my nails.,1864.0
1676,254,1712422515179,42.0,"""I am going to a funeral tomorrow,"" I say.",746.0
1676,255,1712422515870,38.0,"""I'm sorry to hear that,"" Marnie says.",691.0
1676,256,1712422516436,25.0,"""It was a murder,"" I say.",565.0
1676,257,1712422517115,37.0,"""That's the worst kind,"" Marnie says.",679.0
1676,258,1712422517719,35.0,"""We weren't all that close,"" I say.",604.0
1676,259,1712422518344,15.0,"""But you know?""",625.0
1676,260,1712422518955,45.0,"""We'll get you fixed up for it,"" Marnie says.",610.0
1676,261,1712422520747,72.0,"That night I make my bed on the sofa, and in the morning I get up first.",1792.0
1676,262,1712422521939,50.0,I put on coffee and fix breakfast while he shaves.,1192.0
1676,263,1712422523654,76.0,"He appears in the kitchen doorway, towel over his bare shoulder, appraising.",1714.0
1676,264,1712422524249,23.0,"""Here's coffee,"" I say.",595.0
1676,265,1712422524846,31.0,"""Eggs'll be ready in a minute.”",597.0
1676,266,1712422525814,37.0,"I wake Dean, and the three of us eat.",968.0
1676,267,1712422527517,79.0,"Whenever Stuart looks at me, I ask Dean if he wants more milk, more toast, etc.",1703.0
1676,268,1712422528904,56.0,"""I'll call you today,"" Stuart says as he opens the door.",1387.0
1676,269,1712422529846,42.0,"I say, ""I don't think I'll be home today.""",942.0
1676,270,1712422530405,21.0,"""All right,"" he says.",559.0
1676,271,1712422531008,7.0,"""Sure.""",603.0
1676,272,1712422531586,18.0,I dress carefully.,578.0
1676,273,1712422532773,48.0,I try on a hat and look at myself in the mirror.,1186.0
1676,274,1712422533818,28.0,I write out a note for Dean.,1045.0
1676,275,1712422536151,69.0,"Honey, Mommy has things to do this afternoon, but will be back later.",2333.0
1676,276,1712422537060,61.0,You stay in or be in the backyard until one of us comes home.,909.0
1676,277,1712422537673,11.0,"Love, Mommy",612.0
1676,278,1712422538799,48.0,I look at the word Love and then I underline it.,1126.0
1676,279,1712422539521,29.0,Then I see the word backyard.,721.0
1676,280,1712422540135,22.0,Is it one word or two?,614.0
1676,281,1712422540774,3.0,***,639.0
1676,282,1712422542753,121.0,"I drive through farm country, through fields of oats and sugar beets and past apple orchards, cattle grazing in pastures.",1979.0
1676,283,1712422544744,99.0,"Then everything changes, more like shacks than farmhouses and stands of timber instead of orchards.",1991.0
1676,284,1712422546903,78.0,"Then mountains, and on the right, far below, I sometimes see the Naches River.",2159.0
1676,285,1712422547492,64.0,A green pickup comes up behind me and stays behind me for miles.,589.0
1676,286,1712422549301,55.0,"I keep slowing at the wrong times, hoping he will pass.",1809.0
1676,287,1712422549870,16.0,Then I speed up.,569.0
1676,288,1712422550415,36.0,"But this is at the wrong times, too.",545.0
1676,289,1712422551038,39.0,I grip the wheel until my fingers hurt.,622.0
1676,290,1712422551716,37.0,On a long clear stretch he goes past.,678.0
1676,291,1712422554946,73.0,"But he drives along beside for a bit, a crewcut man in a blue work shirt.",3229.0
1676,292,1712422555639,24.0,We look each other over.,692.0
1676,293,1712422557267,53.0,"Then he waves, toots his horn, and pulls on up ahead.",1627.0
1676,294,1712422558509,29.0,I slow down and find a place.,1242.0
1676,295,1712422559535,35.0,I pull over and shut off the motor.,1026.0
1676,296,1712422561156,42.0,I can hear the river down below the trees.,1620.0
1676,297,1712422562319,35.0,Then I hear the pickup coming back.,1163.0
1676,298,1712422563760,41.0,I lock the doors and roll up the windows.,1441.0
1676,299,1712422564478,30.0,"""You all right?"" the man says.",718.0
1676,300,1712422565160,21.0,He raps on the glass.,682.0
1676,301,1712422565744,11.0,"""You okay?""",584.0
1676,302,1712422567768,64.0,He leans his arms on the door and brings his face to the window.,2024.0
1676,303,1712422568456,15.0,I stare at him.,688.0
1676,304,1712422569255,30.0,I can't think what else to do.,799.0
1676,305,1712422570277,34.0,"""Is everything all right in there?",1021.0
1676,306,1712422570940,31.0,"How come you're all locked up?""",663.0
1676,307,1712422571527,16.0,I shake my head.,587.0
1676,308,1712422572086,24.0,"""Roll down your window.""",559.0
1676,309,1712422573155,64.0,He shakes his head and looks at the highway and then back at me.,1069.0
1676,310,1712422573771,19.0,"""Roll it down now.""",616.0
1676,311,1712422574387,32.0,"""Please,"" I say, ""I have to go.""",616.0
1676,312,1712422575870,50.0,"""Open the door,"" he says as if he isn't listening.",1482.0
1676,313,1712422576548,33.0,"""You're going to choke in there.""",678.0
1676,314,1712422577230,32.0,"He looks at my breasts, my legs.",681.0
1676,315,1712422577890,34.0,I can tell that's what he's doing.,660.0
1676,316,1712422578528,22.0,"""Hey, sugar,"" he says.",636.0
1676,317,1712422579186,31.0,"""I'm just here to help is all.""",658.0
1676,318,1712422579832,3.0,***,646.0
1676,319,1712422581125,52.0,The casket is closed and covered with floral sprays.,1293.0
1676,320,1712422581809,45.0,The organ starts up the minute I take a seat.,684.0
1676,321,1712422582544,40.0,People are coming in and finding chairs.,735.0
1676,322,1712422583639,63.0,There's a boy in flared pants and a yellow short-sleeved shirt.,1094.0
1676,323,1712422585380,100.0,A door opens and the family comes in in a group and moves over to a curtained place off to one side.,1741.0
1676,324,1712422586037,39.0,Chairs creak as everybody gets settled.,657.0
1676,325,1712422586631,83.0,"Directly, a nice blond man in a nice dark suit stands and asks us to bow our heads.",594.0
1676,326,1712422587231,105.0,"He says a prayer for us, the living, and when he finishes, he says a prayer for the soul of the departed.",600.0
1676,327,1712422587837,43.0,Along with the others I go past the casket.,606.0
1676,328,1712422588869,66.0,Then I move out onto the front steps and into the afternoon light.,1032.0
1676,329,1712422589727,66.0,There's a woman who limps as she goes down the stairs ahead of me.,857.0
1676,330,1712422591016,33.0,On the sidewalk she looks around.,1289.0
1676,331,1712422591668,31.0,"""Well, they got him,"" she says.",652.0
1676,332,1712422592303,27.0,"""If that's any consolation.",635.0
1676,333,1712422593019,31.0,They arrested him this morning.,716.0
1676,334,1712422593756,38.0,I heard it on the radio before I come.,737.0
1676,335,1712422594463,26.0,"A boy right here in town.""",707.0
1676,336,1712422595948,42.0,We move a few steps down the hot sidewalk.,1485.0
1676,337,1712422596685,25.0,People are starting cars.,737.0
1676,338,1712422597825,49.0,I put out my hand and hold on to a parking meter.,1139.0
1676,339,1712422599270,36.0,Polished hoods and polished fenders.,1445.0
1676,340,1712422599852,14.0,My head swims.,582.0
1676,341,1712422601275,41.0,"I say, ""They have friends, these killers.",1422.0
1676,342,1712422601997,16.0,"You can't tell.""",721.0
1676,343,1712422603487,70.0,"""I have known that child since she was a little girl,"" the woman says.",1489.0
1676,344,1712422605792,93.0,"""She used to come over and I'd bake cookies for her and let her eat them in front of the TV.""",2304.0
1676,345,1712422606346,3.0,***,554.0
1676,346,1712422608678,76.0,"Back home, Stuart sits at the table with a drink of whiskey in front of him.",2332.0
1676,347,1712422609223,57.0,For a crazy instant I think something's happened to Dean.,545.0
1676,348,1712422609943,14.0,"""Where is he?""",720.0
1676,349,1712422610529,6.0,I say.,586.0
1676,350,1712422611257,16.0,"""Where is Dean?""",728.0
1676,351,1712422611922,27.0,"""Outside,"" my husband says.",664.0
1676,352,1712422613075,34.0,He drains his glass and stands up.,1153.0
1676,353,1712422613782,40.0,"He says, ""I think I know what you need.""",707.0
1676,354,1712422615076,138.0,He reaches an arm around my waist and with his other hand he begins to unbutton my jacket and then he goes on to the buttons of my blouse.,1293.0
1676,355,1712422615700,30.0,"""First things first,"" he says.",624.0
1676,356,1712422616281,23.0,He says something else.,581.0
1676,357,1712422616872,27.0,But I don't need to listen.,591.0
1676,358,1712422617485,46.0,I can't hear a thing with so much water going.,613.0
1676,359,1712422618109,3.0,***,624.0
1642,101,1712620030083,3.0,***,10314.0
1642,102,1712620032610,37.0,My husband eats with a good appetite.,2526.0
1642,103,1712620034690,37.0,But I don't think he's really hungry.,2080.0
1642,104,1712620037770,69.0,"He chews, arms on the table, and stares at something across the room.",3080.0
1642,105,1712620039385,30.0,He looks at me and looks away.,1615.0
1642,106,1712620041073,33.0,He wipes his mouth on the napkin.,1688.0
1642,107,1712620042186,30.0,"He shrugs, and goes on eating.",1111.0
1642,108,1712620043273,42.0,"""What are you staring at me for?"" he says.",1087.0
1642,109,1712620044810,45.0,"""What is it?"" he says and lays down his fork.",1537.0
1642,110,1712620048112,42.0,"""Was I staring?"" I say, and shake my head.",3302.0
1642,111,1712620049127,20.0,The telephone rings.,1015.0
1642,112,1712620050095,27.0,"""Don't answer it,"" he says.",967.0
1642,113,1712620051679,33.0,"""It might be your mother,"" I say.",1584.0
1642,114,1712620052799,25.0,"""Watch and see,"" he says.",1120.0
1642,115,1712620053647,34.0,I pick up the receiver and listen.,848.0
1642,116,1712620054503,24.0,My husband stops eating.,855.0
1642,117,1712620056567,46.0,"""What did I tell you?"" he says when I hang up.",2064.0
1642,118,1712620057383,23.0,He starts to eat again.,815.0
1642,119,1712620058575,36.0,Then throws his napkin on his plate.,1192.0
1642,120,1712620060239,63.0,"He says, ""Goddamn it, why can't people mind their own business?",1664.0
1642,121,1712620061391,41.0,Tell me what I did wrong and I'll listen!,1152.0
1642,122,1712620062607,28.0,I wasn't the only man there.,1216.0
1642,123,1712620063886,37.0,We talked it over and we all decided.,1279.0
1642,124,1712620065343,29.0,We couldn't just turn around.,1456.0
1642,125,1712620066927,32.0,We were five miles from the car.,1584.0
1642,126,1712620069495,34.0,I won't have you passing judgment.,2568.0
1642,127,1712620071086,13.0,"Do you hear?""",1591.0
1642,128,1712620072319,18.0,"""You know,"" I say.",1232.0
1642,129,1712620074190,33.0,"He says, ""What do I know, Claire?",1871.0
1642,130,1712620076111,34.0,Tell me what I'm supposed to know.,1921.0
1642,131,1712620077358,40.0,"I don't know anything except one thing?""",1247.0
1642,132,1712620078287,48.0,He gives me what he thinks is a meaningful look.,928.0
1642,133,1712620079903,24.0,"""She was dead,"" he says.",1616.0
1642,134,1712620081366,33.0,"""And I'm as sorry as anyone else.",1463.0
1642,135,1712620082598,18.0,"But she was dead.""",1232.0
1642,136,1712620083782,26.0,"""That's the point,"" I say.",1184.0
1642,137,1712620084582,20.0,He raises his hands.,800.0
1642,138,1712620086214,40.0,He pushes his chair away from the table.,1632.0
1642,139,1712620089502,72.0,He takes out his cigarettes and goes out to the back with a can of beer.,3288.0
1642,140,1712620092190,64.0,I see him sit in the lawn chair and pick up the newspaper again.,2688.0
1642,141,1712620093694,39.0,His name is in there on the first page.,1503.0
1642,142,1712620095238,36.0,Along with the names of his friends.,1544.0
1642,143,1712620097270,40.0,I close my eyes and hold on to the sink.,2031.0
1642,144,1712620099390,74.0,Then I rake my arm across the drainboard and send the dishes to the floor.,2120.0
1642,145,1712620100749,16.0,He doesn't move.,1359.0
1642,146,1712620102198,18.0,I know he's heard.,1449.0
1642,147,1712620104550,40.0,He lifts his head as if still listening.,2352.0
1642,148,1712620105852,30.0,But he doesn't move otherwise.,1302.0
1642,149,1712620107046,23.0,He doesn't turn around.,1194.0
1642,150,1712620107989,3.0,***,943.0
1642,151,1712620112693,88.0,"He and Gordon Johnson and Mel Dorn and Vern Williams, they play poker and bowl and fish.",4703.0
1642,152,1712620116332,85.0,They fish every spring and early summer before visiting relatives can get in the way.,3639.0
1642,153,1712620120955,65.0,"They are decent men, family men, men who take care of their jobs.",4623.0
1642,154,1712620124588,65.0,"They have sons and daughters who go to school with our son, Dean.",3633.0
1642,155,1712620128581,55.0,Last Friday these family men left for the Naches River.,3993.0
1642,156,1712620135888,76.0,They parked the car in the mountains and hiked to where they wanted to fish.,7306.0
1642,157,1712620144785,76.0,"They carried their bedrolls, their food, their playing cards, their whiskey.",8897.0
1642,158,1712620147552,42.0,They saw the girl before they set up camp.,2767.0
1642,159,1712620148264,19.0,Mel Dorn found her.,712.0
1642,160,1712620149896,25.0,No clothes on her at all.,1632.0
1642,161,1712620152376,64.0,She was wedged into some branches that stuck out over the water.,2479.0
1642,162,1712620157293,43.0,He called the others and they came to look.,4916.0
1642,163,1712620160388,29.0,They talked about what to do.,3095.0
1642,164,1712620164528,82.0,One of the men - my Stuart didn't say which - said they should start back at once.,4140.0
1642,165,1712620169290,86.0,"The others stirred the sand with their shoes, said they didn't feel inclined that way.",4761.0
1642,166,1712620172227,82.0,"They pleaded fatigue, the late hour, the fact that the girl wasn't going anywhere.",2937.0
1642,167,1712620174058,47.0,In the end they went ahead and set up the camp.,1831.0
1642,168,1712620178562,42.0,They built a fire and drank their whiskey.,4504.0
1642,169,1712620180593,50.0,"When the moon came up, they talked about the girl.",2030.0
1642,170,1712620183258,59.0,Someone said they should -keep the body from drifting away.,2665.0
1642,171,1712620184529,55.0,They took their flashlights and went back to the river.,1271.0
1642,172,1712620187105,66.0,One of the men - it might have been Stuart - waded in and got her.,2575.0
1642,173,1712620188393,53.0,He took her by the fingers and pulled her into shore.,1288.0
1642,174,1712620191674,87.0,He got some nylon cord and tied it to her wrist and then looped the rest around a tree.,3281.0
1642,175,1712620194057,99.0,"The next morning they cooked breakfast, drank coffee, and drank whiskey, and then split up to fish.",2383.0
1642,176,1712620202388,182.0,"That night they cooked fish, cooked potatoes, drank coffee, drank whiskey, then took their cooking things and eating things back down to the river and washed them where the girl was.",8331.0
1642,177,1712620203804,32.0,They played some cards later on.,1414.0
1642,178,1712620206403,55.0,Maybe they played until they couldn't see them anymore.,2599.0
1642,179,1712620207563,28.0,Vern Williams went to sleep.,1160.0
1642,180,1712620208508,28.0,But the others told stories.,945.0
1642,181,1712620215123,100.0,Gordon Johnson said the trout they'd caught were hard because of the terrible coldness of the water.,6615.0
1642,182,1712620218605,154.0,"The next morning they got up late, drank whiskey, fished a little, took down their tents, rolled their sleeping bags, gathered their stuff, and hiked out.",3482.0
1642,183,1712620219781,41.0,They drove until they got to a telephone.,1176.0
1642,184,1712620221573,86.0,It was Stuart who made the call while the others stood around in the sun and listened.,1792.0
1642,185,1712620222749,32.0,He gave the sheriff their names.,1176.0
1642,186,1712620223452,25.0,They had nothing to hide.,703.0
1642,187,1712620224309,21.0,They weren't ashamed.,857.0
1642,188,1712620227572,100.0,They said they'd wait until someone could come for better directions and take down their statements.,3263.0
1642,189,1712620228524,3.0,***,951.0
1642,190,1712620229860,30.0,I was asleep when he got home.,1336.0
1642,191,1712620234091,46.0,But I woke up when I heard him in the kitchen.,4230.0
1642,192,1712620235547,64.0,I found him leaning against the refrigerator with a can of beer.,1456.0
1642,193,1712620238388,68.0,He put his heavy arms around me and rubbed his big hands on my back.,2841.0
1642,194,1712620240651,85.0,In bed he put his hands on me again and then waited as if thinking of something else.,2263.0
1642,195,1712620241691,28.0,I turned and opened my legs.,1040.0
1642,196,1712620243050,36.0,"Afterwards, I think he stayed awake.",1358.0
1642,197,1712620244754,53.0,He was up that morning before I could get out of bed.,1704.0
1642,198,1712620246274,54.0,"To see if there was something in the paper, I suppose.",1520.0
1642,199,1712620247524,46.0,The telephone began ringing right after eight.,1250.0
1642,200,1712620251843,13.0,"""Go to hell!""",4319.0
1642,201,1712620252738,18.0,I heard him shout.,895.0
1642,202,1712620253642,31.0,The telephone rang right again.,904.0
1642,203,1712620255666,59.0,"""I have nothing to add to what I already told the sheriff!""",2023.0
1642,204,1712620257082,29.0,He slammed the receiver down.,1415.0
1642,205,1712620258122,27.0,"""What is going on?"" I said.",1040.0
1642,206,1712620263254,49.0,It was then that he told me what I just told you.,5132.0
1642,207,1712620263957,3.0,***,703.0
1642,208,1712620265685,44.0,I sweep up the broken dishes and go outside.,1727.0
1642,209,1712620268270,85.0,"He is lying on his back on the grass now, the newspaper and can of beer within reach.",2584.0
1642,210,1712620269405,41.0,"""Stuart, could we go for a drive?"" I say.",1135.0
1642,211,1712620276359,30.0,He rolls over and looks at me.,6954.0
1642,212,1712620277214,37.0,"""We'll pick up some beer,"" he says...",855.0
1642,213,1712620281728,62.0,He gets to his feet and touches me on the hip as he goes past.,4513.0
1642,214,1712620282407,28.0,"""Give me a minute,"" he says.",679.0
1642,215,1712620283559,39.0,We drive through town without speaking.,1152.0
1642,216,1712620284503,39.0,He stops at a roadside market for beer.,943.0
1642,217,1712620286096,54.0,I notice a great stack of papers just inside the door.,1593.0
1642,218,1712620291971,89.0,On the top step a fat woman in a print dress holds out a licorice stick to a little girl.,5875.0
1642,219,1712620294337,66.0,"Later on, we cross Everson Creek and turn into the picnic grounds.",2366.0
1642,220,1712620296058,79.0,The creek runs under the bridge and into a large pond a few hundred yards away.,1721.0
1642,221,1712620297155,28.0,I can see the men out there.,1097.0
1642,222,1712620298658,33.0,I can see them out there fishing.,1503.0
1642,223,1712620299482,31.0,So much water so close to home.,824.0
1642,224,1712620301266,43.0,"I say, ""Why did you have to go miles away?""",1784.0
1642,225,1712620302250,25.0,"""Don't rile me,"" he says.",984.0
1642,226,1712620303153,29.0,We sit on a bench in the sun.,903.0
1642,227,1712620305281,25.0,He opens us cans of beer.,2128.0
1642,228,1712620307983,25.0,"He says, ""Relax, Claire.""",2702.0
1642,229,1712620308927,30.0,"""They said they were innocent.",944.0
1642,230,1712620310455,27.0,"They said they were crazy.""",1528.0
1642,231,1712620311782,15.0,"He says, ""Who?""",1327.0
1642,232,1712620312846,38.0,"He says, ""What are you talking about?""",1064.0
1642,233,1712620313708,21.0,"""The Maddox brothers.",862.0
1642,234,1712620316294,54.0,They killed a girl named Arlene Hubly where I grew up.,2586.0
1642,235,1712620317917,60.0,They cut off her head and threw her into the Cle Elum River.,1623.0
1642,236,1712620318821,31.0,"It happened when I was a girl.""",904.0
1642,237,1712620320117,40.0,"""You're going to get me riled,"" he says.",1296.0
1642,238,1712620320860,20.0,I look at the creek.,743.0
1642,239,1712620322708,79.0,"I'm right in it, eyes open, face down, staring at the moss on the bottom, dead.",1848.0
1642,240,1712620324380,62.0,"""I don't know what's wrong with you,"" he says on the way home.",1672.0
1642,241,1712620325419,45.0,"""You're getting me more riled by the minute.""",1039.0
1642,242,1712620326387,34.0,There is nothing I can say to him.,968.0
1642,243,1712620327194,36.0,He tries to concentrate on the road.,807.0
1642,244,1712620328291,47.0,But he keeps looking into the rear-view mirror.,1097.0
1642,245,1712620328971,9.0,He knows.,680.0
1642,246,1712620329419,3.0,***,448.0
1642,247,1712620334953,52.0,Stuart believes he is letting me sleep this morning.,5534.0
1642,248,1712620337048,47.0,But I was awake long before the alarm went off.,2095.0
1642,249,1712620339800,74.0,"I was thinking, lying on the far side of the bed away from his hairy legs.",2752.0
1642,250,1712620341903,78.0,"He gets Dean off for school, and then he shaves, dresses, and leaves for work.",2103.0
1642,251,1712620343399,40.0,Twice he looks in and clears his throat.,1496.0
1642,252,1712620343983,26.0,But I keep my eyes closed.,584.0
1642,253,1712620344656,38.0,In the kitchen I find a note from him.,673.0
1642,254,1712620345279,19.0,"It's signed ""Love.""",623.0
1642,255,1712620346975,74.0,I sit in the breakfast nook and drink coffee and leave a ring on the note.,1696.0
1642,256,1712620352226,67.0,I look at the newspaper and turn it this way and that on the table.,5251.0
1642,257,1712620353018,43.0,Then I skid it close and read what it says.,791.0
1642,258,1712620353857,38.0,"The body has been identified, claimed.",839.0
1642,259,1712620358679,155.0,"But it took some examining it, some putting things into it, some cutting, some weighing, some measuring, some putting things back again and sewing them in.",4821.0
1642,260,1712620361511,57.0,I sit for a long time holding the newspaper and thinking.,2831.0
1642,261,1712620364111,51.0,Then I call up to get a chair at the hairdresser's.,2600.0
1642,262,1712620364591,3.0,***,480.0
1642,263,1712620372743,75.0,I sit under the dryer with a magazine on my lap and let Marnie do my nails.,8152.0
1642,264,1712620373775,42.0,"""I am going to a funeral tomorrow,"" I say.",1031.0
1642,265,1712620374879,38.0,"""I'm sorry to hear that,"" Marnie says.",1104.0
1642,266,1712620376967,25.0,"""It was a murder,"" I say.",2088.0
1642,267,1712620380414,37.0,"""That's the worst kind,"" Marnie says.",3447.0
1642,268,1712620381575,35.0,"""We weren't all that close,"" I say.",1160.0
1642,269,1712620385235,15.0,"""But you know?""",3660.0
1642,270,1712620386339,45.0,"""We'll get you fixed up for it,"" Marnie says.",1104.0
1642,271,1712620392894,72.0,"That night I make my bed on the sofa, and in the morning I get up first.",6555.0
1642,272,1712620395637,50.0,I put on coffee and fix breakfast while he shaves.,2743.0
1642,273,1712620397332,76.0,"He appears in the kitchen doorway, towel over his bare shoulder, appraising.",1695.0
1642,274,1712620398029,23.0,"""Here's coffee,"" I say.",695.0
1642,275,1712620398708,31.0,"""Eggs'll be ready in a minute.”",679.0
1642,276,1712620399581,37.0,"I wake Dean, and the three of us eat.",873.0
1642,277,1712620401261,79.0,"Whenever Stuart looks at me, I ask Dean if he wants more milk, more toast, etc.",1680.0
1642,278,1712620402573,56.0,"""I'll call you today,"" Stuart says as he opens the door.",1312.0
1642,279,1712620403517,42.0,"I say, ""I don't think I'll be home today.""",943.0
1642,280,1712620404229,21.0,"""All right,"" he says.",712.0
1642,281,1712620404628,7.0,"""Sure.""",399.0
1642,282,1712620405085,18.0,I dress carefully.,457.0
1642,283,1712620405860,48.0,I try on a hat and look at myself in the mirror.,775.0
1642,284,1712620406429,28.0,I write out a note for Dean.,567.0
1642,285,1712620407989,69.0,"Honey, Mommy has things to do this afternoon, but will be back later.",1560.0
1642,286,1712620409212,61.0,You stay in or be in the backyard until one of us comes home.,1223.0
1642,287,1712620409820,11.0,"Love, Mommy",608.0
1642,288,1712620410521,48.0,I look at the word Love and then I underline it.,701.0
1642,289,1712620411325,29.0,Then I see the word backyard.,804.0
1642,290,1712620412964,22.0,Is it one word or two?,1639.0
1642,291,1712620414084,3.0,***,1120.0
1642,292,1712620416412,121.0,"I drive through farm country, through fields of oats and sugar beets and past apple orchards, cattle grazing in pastures.",2328.0
1642,293,1712620424134,99.0,"Then everything changes, more like shacks than farmhouses and stands of timber instead of orchards.",7722.0
1642,294,1712620426198,78.0,"Then mountains, and on the right, far below, I sometimes see the Naches River.",2064.0
1642,295,1712620429069,64.0,A green pickup comes up behind me and stays behind me for miles.,2871.0
1642,296,1712620431325,55.0,"I keep slowing at the wrong times, hoping he will pass.",2256.0
1642,297,1712620431878,16.0,Then I speed up.,551.0
1642,298,1712620433389,36.0,"But this is at the wrong times, too.",1511.0
1642,299,1712620435301,39.0,I grip the wheel until my fingers hurt.,1911.0
1642,300,1712620436693,37.0,On a long clear stretch he goes past.,1392.0
1642,301,1712620438757,73.0,"But he drives along beside for a bit, a crewcut man in a blue work shirt.",2063.0
1642,302,1712620439437,24.0,We look each other over.,680.0
1642,303,1712620440933,53.0,"Then he waves, toots his horn, and pulls on up ahead.",1495.0
1642,304,1712620441596,29.0,I slow down and find a place.,663.0
1642,305,1712620443245,35.0,I pull over and shut off the motor.,1648.0
1642,306,1712620444501,42.0,I can hear the river down below the trees.,1256.0
1642,307,1712620445749,35.0,Then I hear the pickup coming back.,1248.0
1642,308,1712620446981,41.0,I lock the doors and roll up the windows.,1231.0
1642,309,1712620447725,30.0,"""You all right?"" the man says.",744.0
1642,310,1712620448701,21.0,He raps on the glass.,976.0
1642,311,1712620449388,11.0,"""You okay?""",687.0
1642,312,1712620450421,64.0,He leans his arms on the door and brings his face to the window.,1032.0
1642,313,1712620451133,15.0,I stare at him.,711.0
1642,314,1712620451988,30.0,I can't think what else to do.,855.0
1642,315,1712620452661,34.0,"""Is everything all right in there?",672.0
1642,316,1712620453468,31.0,"How come you're all locked up?""",807.0
1642,317,1712620454140,16.0,I shake my head.,671.0
1642,318,1712620454845,24.0,"""Roll down your window.""",704.0
1642,319,1712620456476,64.0,He shakes his head and looks at the highway and then back at me.,1631.0
1642,320,1712620457164,19.0,"""Roll it down now.""",687.0
1642,321,1712620458165,32.0,"""Please,"" I say, ""I have to go.""",1000.0
1642,322,1712620459675,50.0,"""Open the door,"" he says as if he isn't listening.",1510.0
1642,323,1712620461045,33.0,"""You're going to choke in there.""",1369.0
1642,324,1712620462156,32.0,"He looks at my breasts, my legs.",1111.0
1642,325,1712620463133,34.0,I can tell that's what he's doing.,977.0
1642,326,1712620463980,22.0,"""Hey, sugar,"" he says.",847.0
1642,327,1712620464933,31.0,"""I'm just here to help is all.""",952.0
1642,328,1712620465644,3.0,***,711.0
1642,329,1712620466996,52.0,The casket is closed and covered with floral sprays.,1352.0
1642,330,1712620468365,45.0,The organ starts up the minute I take a seat.,1368.0
1642,331,1712620472892,40.0,People are coming in and finding chairs.,4527.0
1642,332,1712620475244,63.0,There's a boy in flared pants and a yellow short-sleeved shirt.,2352.0
1642,333,1712620513714,100.0,A door opens and the family comes in in a group and moves over to a curtained place off to one side.,38469.0
1642,334,1712620518116,39.0,Chairs creak as everybody gets settled.,4402.0
1642,335,1712620537779,83.0,"Directly, a nice blond man in a nice dark suit stands and asks us to bow our heads.",19663.0
1642,336,1712620567528,105.0,"He says a prayer for us, the living, and when he finishes, he says a prayer for the soul of the departed.",29749.0
1642,337,1712620569671,43.0,Along with the others I go past the casket.,2143.0
1642,338,1712620575375,66.0,Then I move out onto the front steps and into the afternoon light.,5704.0
1642,339,1712620577319,66.0,There's a woman who limps as she goes down the stairs ahead of me.,1944.0
1642,340,1712620578311,33.0,On the sidewalk she looks around.,992.0
1642,341,1712620579574,31.0,"""Well, they got him,"" she says.",1263.0
1642,342,1712620580831,27.0,"""If that's any consolation.",1256.0
1642,343,1712620582590,31.0,They arrested him this morning.,1759.0
1642,344,1712620583559,38.0,I heard it on the radio before I come.,969.0
1642,345,1712620584510,26.0,"A boy right here in town.""",951.0
1642,346,1712620586447,42.0,We move a few steps down the hot sidewalk.,1937.0
1642,347,1712620587439,25.0,People are starting cars.,992.0
1642,348,1712620589247,49.0,I put out my hand and hold on to a parking meter.,1807.0
1642,349,1712620591222,36.0,Polished hoods and polished fenders.,1975.0
1642,350,1712620594383,14.0,My head swims.,3160.0
1642,351,1712620598279,41.0,"I say, ""They have friends, these killers.",3896.0
1642,352,1712620598870,16.0,"You can't tell.""",591.0
1642,353,1712620601374,70.0,"""I have known that child since she was a little girl,"" the woman says.",2504.0
1642,354,1712620606254,93.0,"""She used to come over and I'd bake cookies for her and let her eat them in front of the TV.""",4880.0
1642,355,1712620606702,3.0,***,447.0
1642,356,1712620609070,76.0,"Back home, Stuart sits at the table with a drink of whiskey in front of him.",2368.0
1642,357,1712620612678,57.0,For a crazy instant I think something's happened to Dean.,3608.0
1642,358,1712620614582,14.0,"""Where is he?""",1904.0
1642,359,1712620615684,6.0,I say.,1102.0
1642,360,1712620616350,16.0,"""Where is Dean?""",665.0
1642,361,1712620617710,27.0,"""Outside,"" my husband says.",1360.0
1642,362,1712620619326,34.0,He drains his glass and stands up.,1615.0
1642,363,1712620621102,40.0,"He says, ""I think I know what you need.""",1776.0
1642,364,1712620625038,138.0,He reaches an arm around my waist and with his other hand he begins to unbutton my jacket and then he goes on to the buttons of my blouse.,3936.0
1642,365,1712620627117,30.0,"""First things first,"" he says.",2079.0
1642,366,1712620627701,23.0,He says something else.,584.0
1642,367,1712620628390,27.0,But I don't need to listen.,689.0
1642,368,1712620630397,46.0,I can't hear a thing with so much water going.,2007.0
1642,369,1712620630877,3.0,***,480.0
1661,83,1712614705275,3.0,***,13169.0
1661,84,1712614709442,37.0,My husband eats with a good appetite.,4167.0
1661,85,1712614712632,37.0,But I don't think he's really hungry.,3190.0
1661,86,1712614718214,69.0,"He chews, arms on the table, and stares at something across the room.",5581.0
1661,87,1712614721565,30.0,He looks at me and looks away.,3351.0
1661,88,1712614723779,33.0,He wipes his mouth on the napkin.,2213.0
1661,89,1712614725524,30.0,"He shrugs, and goes on eating.",1745.0
1661,90,1712614727772,42.0,"""What are you staring at me for?"" he says.",2248.0
1661,91,1712614730897,45.0,"""What is it?"" he says and lays down his fork.",3125.0
1661,92,1712614733939,42.0,"""Was I staring?"" I say, and shake my head.",3041.0
1661,93,1712614735197,20.0,The telephone rings.,1257.0
1661,94,1712614736700,27.0,"""Don't answer it,"" he says.",1503.0
1661,95,1712614738132,33.0,"""It might be your mother,"" I say.",1432.0
1661,96,1712614739549,25.0,"""Watch and see,"" he says.",1417.0
1661,97,1712614740954,34.0,I pick up the receiver and listen.,1405.0
1661,98,1712614742478,24.0,My husband stops eating.,1524.0
1661,99,1712614745276,46.0,"""What did I tell you?"" he says when I hang up.",2797.0
1661,100,1712614746453,23.0,He starts to eat again.,1177.0
1661,101,1712614748327,36.0,Then throws his napkin on his plate.,1874.0
1661,102,1712614751716,63.0,"He says, ""Goddamn it, why can't people mind their own business?",3388.0
1661,103,1712614754947,41.0,Tell me what I did wrong and I'll listen!,3231.0
1661,104,1712614759186,28.0,I wasn't the only man there.,4238.0
1661,105,1712614762638,37.0,We talked it over and we all decided.,3452.0
1661,106,1712614765365,29.0,We couldn't just turn around.,2726.0
1661,107,1712614768950,32.0,We were five miles from the car.,3585.0
1661,108,1712614770615,34.0,I won't have you passing judgment.,1664.0
1661,109,1712614771449,13.0,"Do you hear?""",834.0
1661,110,1712614772905,18.0,"""You know,"" I say.",1456.0
1661,111,1712614776865,33.0,"He says, ""What do I know, Claire?",3960.0
1661,112,1712614778767,34.0,Tell me what I'm supposed to know.,1901.0
1661,113,1712614780637,40.0,"I don't know anything except one thing?""",1870.0
1661,114,1712614785054,48.0,He gives me what he thinks is a meaningful look.,4417.0
1661,115,1712614787204,24.0,"""She was dead,"" he says.",2148.0
1661,116,1712614789396,33.0,"""And I'm as sorry as anyone else.",2192.0
1661,117,1712614790530,18.0,"But she was dead.""",1133.0
1661,118,1712614791795,26.0,"""That's the point,"" I say.",1265.0
1661,119,1712614792884,20.0,He raises his hands.,1088.0
1661,120,1712614795416,40.0,He pushes his chair away from the table.,2532.0
1661,121,1712614798928,72.0,He takes out his cigarettes and goes out to the back with a can of beer.,3512.0
1661,122,1712614801319,64.0,I see him sit in the lawn chair and pick up the newspaper again.,2389.0
1661,123,1712614803618,39.0,His name is in there on the first page.,2299.0
1661,124,1712614804882,36.0,Along with the names of his friends.,1264.0
1661,125,1712614807450,40.0,I close my eyes and hold on to the sink.,2568.0
1661,126,1712614811506,74.0,Then I rake my arm across the drainboard and send the dishes to the floor.,4056.0
1661,127,1712614812784,16.0,He doesn't move.,1278.0
1661,128,1712614813618,18.0,I know he's heard.,833.0
1661,129,1712614815771,40.0,He lifts his head as if still listening.,2151.0
1661,130,1712614816934,30.0,But he doesn't move otherwise.,1163.0
1661,131,1712614818356,23.0,He doesn't turn around.,1422.0
1661,132,1712614819244,3.0,***,887.0
1661,133,1712614826422,88.0,"He and Gordon Johnson and Mel Dorn and Vern Williams, they play poker and bowl and fish.",7178.0
1661,134,1712614834932,85.0,They fish every spring and early summer before visiting relatives can get in the way.,8510.0
1661,135,1712614837999,65.0,"They are decent men, family men, men who take care of their jobs.",3067.0
1661,136,1712614841500,65.0,"They have sons and daughters who go to school with our son, Dean.",3500.0
1661,137,1712614846393,55.0,Last Friday these family men left for the Naches River.,4892.0
1661,138,1712614851527,76.0,They parked the car in the mountains and hiked to where they wanted to fish.,5134.0
1661,139,1712614855135,76.0,"They carried their bedrolls, their food, their playing cards, their whiskey.",3608.0
1661,140,1712614860165,42.0,They saw the girl before they set up camp.,5028.0
1661,141,1712614861738,19.0,Mel Dorn found her.,1573.0
1661,142,1712614863278,25.0,No clothes on her at all.,1539.0
1661,143,1712614869011,64.0,She was wedged into some branches that stuck out over the water.,5733.0
1661,144,1712614870666,43.0,He called the others and they came to look.,1654.0
1661,145,1712614872258,29.0,They talked about what to do.,1592.0
1661,146,1712614881275,82.0,One of the men - my Stuart didn't say which - said they should start back at once.,9017.0
1661,147,1712614886783,86.0,"The others stirred the sand with their shoes, said they didn't feel inclined that way.",5507.0
1661,148,1712614892651,82.0,"They pleaded fatigue, the late hour, the fact that the girl wasn't going anywhere.",5867.0
1661,149,1712614895094,47.0,In the end they went ahead and set up the camp.,2442.0
1661,150,1712614896684,42.0,They built a fire and drank their whiskey.,1588.0
1661,151,1712614898726,50.0,"When the moon came up, they talked about the girl.",2042.0
1661,152,1712614903151,59.0,Someone said they should -keep the body from drifting away.,4425.0
1661,153,1712614905601,55.0,They took their flashlights and went back to the river.,2450.0
1661,154,1712614911148,66.0,One of the men - it might have been Stuart - waded in and got her.,5547.0
1661,155,1712614916406,53.0,He took her by the fingers and pulled her into shore.,5257.0
1661,156,1712614921125,87.0,He got some nylon cord and tied it to her wrist and then looped the rest around a tree.,4719.0
1661,157,1712614925738,99.0,"The next morning they cooked breakfast, drank coffee, and drank whiskey, and then split up to fish.",4613.0
1661,158,1712614934966,182.0,"That night they cooked fish, cooked potatoes, drank coffee, drank whiskey, then took their cooking things and eating things back down to the river and washed them where the girl was.",9227.0
1661,159,1712614937067,32.0,They played some cards later on.,2101.0
1661,160,1712614940575,55.0,Maybe they played until they couldn't see them anymore.,3508.0
1661,161,1712614942386,28.0,Vern Williams went to sleep.,1811.0
1661,162,1712614943835,28.0,But the others told stories.,1448.0
1661,163,1712614954641,100.0,Gordon Johnson said the trout they'd caught were hard because of the terrible coldness of the water.,10806.0
1661,164,1712614964621,154.0,"The next morning they got up late, drank whiskey, fished a little, took down their tents, rolled their sleeping bags, gathered their stuff, and hiked out.",9980.0
1661,165,1712614968895,41.0,They drove until they got to a telephone.,4274.0
1661,166,1712614973559,86.0,It was Stuart who made the call while the others stood around in the sun and listened.,4663.0
1661,167,1712614976153,32.0,He gave the sheriff their names.,2594.0
1661,168,1712614977113,25.0,They had nothing to hide.,959.0
1661,169,1712614978070,21.0,They weren't ashamed.,955.0
1661,170,1712614984234,100.0,They said they'd wait until someone could come for better directions and take down their statements.,6164.0
1661,171,1712614984900,3.0,***,665.0
1661,172,1712614986316,30.0,I was asleep when he got home.,1415.0
1661,173,1712614990127,46.0,But I woke up when I heard him in the kitchen.,3809.0
1661,174,1712614993671,64.0,I found him leaning against the refrigerator with a can of beer.,3544.0
1661,175,1712614999524,68.0,He put his heavy arms around me and rubbed his big hands on my back.,5853.0
1661,176,1712615004480,85.0,In bed he put his hands on me again and then waited as if thinking of something else.,4955.0
1661,177,1712615006610,28.0,I turned and opened my legs.,2130.0
1661,178,1712615008494,36.0,"Afterwards, I think he stayed awake.",1883.0
1661,179,1712615010316,53.0,He was up that morning before I could get out of bed.,1821.0
1661,180,1712615012088,54.0,"To see if there was something in the paper, I suppose.",1772.0
1661,181,1712615014254,46.0,The telephone began ringing right after eight.,2166.0
1661,182,1712615015346,13.0,"""Go to hell!""",1092.0
1661,183,1712615016188,18.0,I heard him shout.,841.0
1661,184,1712615017465,31.0,The telephone rang right again.,1277.0
1661,185,1712615021665,59.0,"""I have nothing to add to what I already told the sheriff!""",4199.0
1661,186,1712615023292,29.0,He slammed the receiver down.,1625.0
1661,187,1712615025295,27.0,"""What is going on?"" I said.",2003.0
1661,188,1712615029167,49.0,It was then that he told me what I just told you.,3872.0
1661,189,1712615029881,3.0,***,713.0
1661,190,1712615031827,44.0,I sweep up the broken dishes and go outside.,1946.0
1661,191,1712615035362,85.0,"He is lying on his back on the grass now, the newspaper and can of beer within reach.",3535.0
1661,192,1712615038642,41.0,"""Stuart, could we go for a drive?"" I say.",3280.0
1661,193,1712615039792,30.0,He rolls over and looks at me.,1150.0
1661,194,1712615041649,37.0,"""We'll pick up some beer,"" he says...",1857.0
1661,195,1712615045017,62.0,He gets to his feet and touches me on the hip as he goes past.,3367.0
1661,196,1712615046255,28.0,"""Give me a minute,"" he says.",1237.0
1661,197,1712615048057,39.0,We drive through town without speaking.,1802.0
1661,198,1712615050100,39.0,He stops at a roadside market for beer.,2043.0
1661,199,1712615053075,54.0,I notice a great stack of papers just inside the door.,2974.0
1661,200,1712615060813,89.0,On the top step a fat woman in a print dress holds out a licorice stick to a little girl.,7738.0
1661,201,1712615065508,66.0,"Later on, we cross Everson Creek and turn into the picnic grounds.",4695.0
1661,202,1712615069413,79.0,The creek runs under the bridge and into a large pond a few hundred yards away.,3904.0
1661,203,1712615070509,28.0,I can see the men out there.,1096.0
1661,204,1712615071757,33.0,I can see them out there fishing.,1246.0
1661,205,1712615073263,31.0,So much water so close to home.,1506.0
1661,206,1712615075267,43.0,"I say, ""Why did you have to go miles away?""",2004.0
1661,207,1712615076795,25.0,"""Don't rile me,"" he says.",1527.0
1661,208,1712615077808,29.0,We sit on a bench in the sun.,1013.0
1661,209,1712615079397,25.0,He opens us cans of beer.,1589.0
1661,210,1712615080896,25.0,"He says, ""Relax, Claire.""",1499.0
1661,211,1712615084455,30.0,"""They said they were innocent.",3559.0
1661,212,1712615085767,27.0,"They said they were crazy.""",1311.0
1661,213,1712615086978,15.0,"He says, ""Who?""",1211.0
1661,214,1712615090730,38.0,"He says, ""What are you talking about?""",3752.0
1661,215,1712615092003,21.0,"""The Maddox brothers.",1273.0
1661,216,1712615095729,54.0,They killed a girl named Arlene Hubly where I grew up.,3726.0
1661,217,1712615100792,60.0,They cut off her head and threw her into the Cle Elum River.,5062.0
1661,218,1712615104409,31.0,"It happened when I was a girl.""",3617.0
1661,219,1712615106258,40.0,"""You're going to get me riled,"" he says.",1849.0
1661,220,1712615107274,20.0,I look at the creek.,1016.0
1661,221,1712615114113,79.0,"I'm right in it, eyes open, face down, staring at the moss on the bottom, dead.",6838.0
1661,222,1712615118067,62.0,"""I don't know what's wrong with you,"" he says on the way home.",3953.0
1661,223,1712615119738,45.0,"""You're getting me more riled by the minute.""",1671.0
1661,224,1712615121417,34.0,There is nothing I can say to him.,1679.0
1661,225,1712615122564,36.0,He tries to concentrate on the road.,1147.0
1661,226,1712615125146,47.0,But he keeps looking into the rear-view mirror.,2581.0
1661,227,1712615125791,9.0,He knows.,643.0
1661,228,1712615126449,3.0,***,658.0
1661,229,1712615129877,52.0,Stuart believes he is letting me sleep this morning.,3428.0
1661,230,1712615133536,47.0,But I was awake long before the alarm went off.,3659.0
1661,231,1712615136725,74.0,"I was thinking, lying on the far side of the bed away from his hairy legs.",3188.0
1661,232,1712615142250,78.0,"He gets Dean off for school, and then he shaves, dresses, and leaves for work.",5525.0
1661,233,1712615145665,40.0,Twice he looks in and clears his throat.,3415.0
1661,234,1712615146670,26.0,But I keep my eyes closed.,1004.0
1661,235,1712615147998,38.0,In the kitchen I find a note from him.,1328.0
1661,236,1712615149406,19.0,"It's signed ""Love.""",1407.0
1661,237,1712615152477,74.0,I sit in the breakfast nook and drink coffee and leave a ring on the note.,3071.0
1661,238,1712615155995,67.0,I look at the newspaper and turn it this way and that on the table.,3518.0
1661,239,1712615159274,43.0,Then I skid it close and read what it says.,3278.0
1661,240,1712615160942,38.0,"The body has been identified, claimed.",1667.0
1661,241,1712615171983,155.0,"But it took some examining it, some putting things into it, some cutting, some weighing, some measuring, some putting things back again and sewing them in.",11041.0
1661,242,1712615174171,57.0,I sit for a long time holding the newspaper and thinking.,2188.0
1661,243,1712615177698,51.0,Then I call up to get a chair at the hairdresser's.,3527.0
1661,244,1712615178294,3.0,***,596.0
1661,245,1712615181495,75.0,I sit under the dryer with a magazine on my lap and let Marnie do my nails.,3200.0
1661,246,1712615183960,42.0,"""I am going to a funeral tomorrow,"" I say.",2464.0
1661,247,1712615185519,38.0,"""I'm sorry to hear that,"" Marnie says.",1559.0
1661,248,1712615186846,25.0,"""It was a murder,"" I say.",1327.0
1661,249,1712615188596,37.0,"""That's the worst kind,"" Marnie says.",1749.0
1661,250,1712615191298,35.0,"""We weren't all that close,"" I say.",2702.0
1661,251,1712615192644,15.0,"""But you know?""",1345.0
1661,252,1712615194350,45.0,"""We'll get you fixed up for it,"" Marnie says.",1705.0
1661,253,1712615197912,72.0,"That night I make my bed on the sofa, and in the morning I get up first.",3561.0
1661,254,1712615200297,50.0,I put on coffee and fix breakfast while he shaves.,2385.0
1661,255,1712615205419,76.0,"He appears in the kitchen doorway, towel over his bare shoulder, appraising.",5122.0
1661,256,1712615206468,23.0,"""Here's coffee,"" I say.",1048.0
1661,257,1712615208992,31.0,"""Eggs'll be ready in a minute.”",2524.0
1661,258,1712615210959,37.0,"I wake Dean, and the three of us eat.",1966.0
1661,259,1712615215723,79.0,"Whenever Stuart looks at me, I ask Dean if he wants more milk, more toast, etc.",4764.0
1661,260,1712615221438,56.0,"""I'll call you today,"" Stuart says as he opens the door.",5715.0
1661,261,1712615224882,42.0,"I say, ""I don't think I'll be home today.""",3444.0
1661,262,1712615226326,21.0,"""All right,"" he says.",1443.0
1661,263,1712615226875,7.0,"""Sure.""",549.0
1661,264,1712615227769,18.0,I dress carefully.,894.0
1661,265,1712615229764,48.0,I try on a hat and look at myself in the mirror.,1993.0
1661,266,1712615231379,28.0,I write out a note for Dean.,1615.0
1661,267,1712615237038,69.0,"Honey, Mommy has things to do this afternoon, but will be back later.",5659.0
1661,268,1712615240020,61.0,You stay in or be in the backyard until one of us comes home.,2981.0
1661,269,1712615240881,11.0,"Love, Mommy",860.0
1661,270,1712615243533,48.0,I look at the word Love and then I underline it.,2652.0
1661,271,1712615246578,29.0,Then I see the word backyard.,3044.0
1661,272,1712615249219,22.0,Is it one word or two?,2641.0
1661,273,1712615249851,3.0,***,632.0
1661,274,1712615255112,121.0,"I drive through farm country, through fields of oats and sugar beets and past apple orchards, cattle grazing in pastures.",5260.0
1661,275,1712615263247,99.0,"Then everything changes, more like shacks than farmhouses and stands of timber instead of orchards.",8135.0
1661,276,1712615268721,78.0,"Then mountains, and on the right, far below, I sometimes see the Naches River.",5474.0
1661,277,1712615273059,64.0,A green pickup comes up behind me and stays behind me for miles.,4338.0
1661,278,1712615275890,55.0,"I keep slowing at the wrong times, hoping he will pass.",2831.0
1661,279,1712615276738,16.0,Then I speed up.,848.0
1661,280,1712615279493,36.0,"But this is at the wrong times, too.",2755.0
1661,281,1712615280817,39.0,I grip the wheel until my fingers hurt.,1324.0
1661,282,1712615282595,37.0,On a long clear stretch he goes past.,1777.0
1661,283,1712615287271,73.0,"But he drives along beside for a bit, a crewcut man in a blue work shirt.",4676.0
1661,284,1712615288365,24.0,We look each other over.,1094.0
1661,285,1712615291098,53.0,"Then he waves, toots his horn, and pulls on up ahead.",2733.0
1661,286,1712615293514,29.0,I slow down and find a place.,2416.0
1661,287,1712615294858,35.0,I pull over and shut off the motor.,1344.0
1661,288,1712615296404,42.0,I can hear the river down below the trees.,1546.0
1661,289,1712615297839,35.0,Then I hear the pickup coming back.,1434.0
1661,290,1712615299962,41.0,I lock the doors and roll up the windows.,2123.0
1661,291,1712615301225,30.0,"""You all right?"" the man says.",1262.0
1661,292,1712615302627,21.0,He raps on the glass.,1402.0
1661,293,1712615303284,11.0,"""You okay?""",657.0
1661,294,1712615307048,64.0,He leans his arms on the door and brings his face to the window.,3764.0
1661,295,1712615307902,15.0,I stare at him.,854.0
1661,296,1712615309325,30.0,I can't think what else to do.,1423.0
1661,297,1712615310413,34.0,"""Is everything all right in there?",1088.0
1661,298,1712615311892,31.0,"How come you're all locked up?""",1479.0
1661,299,1712615312746,16.0,I shake my head.,854.0
1661,300,1712615313782,24.0,"""Roll down your window.""",1036.0
1661,301,1712615317182,64.0,He shakes his head and looks at the highway and then back at me.,3399.0
1661,302,1712615318358,19.0,"""Roll it down now.""",1176.0
1661,303,1712615321287,32.0,"""Please,"" I say, ""I have to go.""",2929.0
1661,304,1712615323413,50.0,"""Open the door,"" he says as if he isn't listening.",2126.0
1661,305,1712615325121,33.0,"""You're going to choke in there.""",1708.0
1661,306,1712615327676,32.0,"He looks at my breasts, my legs.",2555.0
1661,307,1712615329783,34.0,I can tell that's what he's doing.,2107.0
1661,308,1712615331028,22.0,"""Hey, sugar,"" he says.",1245.0
1661,309,1712615333678,31.0,"""I'm just here to help is all.""",2650.0
1661,310,1712615334331,3.0,***,653.0
1661,311,1712615340678,52.0,The casket is closed and covered with floral sprays.,6346.0
1661,312,1712615343222,45.0,The organ starts up the minute I take a seat.,2544.0
1661,313,1712615345646,40.0,People are coming in and finding chairs.,2424.0
1661,314,1712615350255,63.0,There's a boy in flared pants and a yellow short-sleeved shirt.,4608.0
1661,315,1712615356558,100.0,A door opens and the family comes in in a group and moves over to a curtained place off to one side.,6303.0
1661,316,1712615359731,39.0,Chairs creak as everybody gets settled.,3172.0
1661,317,1712615367923,83.0,"Directly, a nice blond man in a nice dark suit stands and asks us to bow our heads.",8192.0
1661,318,1712615371109,105.0,"He says a prayer for us, the living, and when he finishes, he says a prayer for the soul of the departed.",3186.0
1661,319,1712615374008,43.0,Along with the others I go past the casket.,2899.0
1661,320,1712615375592,66.0,Then I move out onto the front steps and into the afternoon light.,1584.0
1661,321,1712615380344,66.0,There's a woman who limps as she goes down the stairs ahead of me.,4752.0
1661,322,1712615382602,33.0,On the sidewalk she looks around.,2258.0
1661,323,1712615384298,31.0,"""Well, they got him,"" she says.",1696.0
1661,324,1712615385840,27.0,"""If that's any consolation.",1542.0
1661,325,1712615387200,31.0,They arrested him this morning.,1360.0
1661,326,1712615388494,38.0,I heard it on the radio before I come.,1294.0
1661,327,1712615390053,26.0,"A boy right here in town.""",1559.0
1661,328,1712615392556,42.0,We move a few steps down the hot sidewalk.,2503.0
1661,329,1712615393850,25.0,People are starting cars.,1294.0
1661,330,1712615397065,49.0,I put out my hand and hold on to a parking meter.,3214.0
1661,331,1712615401872,36.0,Polished hoods and polished fenders.,4807.0
1661,332,1712615403075,14.0,My head swims.,1203.0
1661,333,1712615405841,41.0,"I say, ""They have friends, these killers.",2766.0
1661,334,1712615406834,16.0,"You can't tell.""",991.0
1661,335,1712615409957,70.0,"""I have known that child since she was a little girl,"" the woman says.",3123.0
1661,336,1712615415824,93.0,"""She used to come over and I'd bake cookies for her and let her eat them in front of the TV.""",5867.0
1661,337,1712615416547,3.0,***,723.0
1661,338,1712615421562,76.0,"Back home, Stuart sits at the table with a drink of whiskey in front of him.",5015.0
1661,339,1712615423664,57.0,For a crazy instant I think something's happened to Dean.,2102.0
1661,340,1712615424391,14.0,"""Where is he?""",727.0
1661,341,1712615425008,6.0,I say.,617.0
1661,342,1712615425545,16.0,"""Where is Dean?""",537.0
1661,343,1712615426249,27.0,"""Outside,"" my husband says.",704.0
1661,344,1712615428313,34.0,He drains his glass and stands up.,2064.0
1661,345,1712615430324,40.0,"He says, ""I think I know what you need.""",2011.0
1661,346,1712615442882,138.0,He reaches an arm around my waist and with his other hand he begins to unbutton my jacket and then he goes on to the buttons of my blouse.,12557.0
1661,347,1712615444943,30.0,"""First things first,"" he says.",2060.0
1661,348,1712615445877,23.0,He says something else.,933.0
1661,349,1712615446974,27.0,But I don't need to listen.,1097.0
1661,350,1712615449858,46.0,I can't hear a thing with so much water going.,2884.0
1661,351,1712615451740,3.0,***,1881.0
1659,93,1712597344821,3.0,***,8346.0
1659,94,1712597348223,37.0,My husband eats with a good appetite.,3402.0
1659,95,1712597351065,37.0,But I don't think he's really hungry.,2841.0
1659,96,1712597354761,69.0,"He chews, arms on the table, and stares at something across the room.",3696.0
1659,97,1712597356407,30.0,He looks at me and looks away.,1646.0
1659,98,1712597358641,33.0,He wipes his mouth on the napkin.,2234.0
1659,99,1712597360692,30.0,"He shrugs, and goes on eating.",2051.0
1659,100,1712597363455,42.0,"""What are you staring at me for?"" he says.",2763.0
1659,101,1712597366566,45.0,"""What is it?"" he says and lays down his fork.",3111.0
1659,102,1712597369553,42.0,"""Was I staring?"" I say, and shake my head.",2986.0
1659,103,1712597371516,20.0,The telephone rings.,1963.0
1659,104,1712597373215,27.0,"""Don't answer it,"" he says.",1699.0
1659,105,1712597375274,33.0,"""It might be your mother,"" I say.",2059.0
1659,106,1712597377398,25.0,"""Watch and see,"" he says.",2124.0
1659,107,1712597379410,34.0,I pick up the receiver and listen.,2012.0
1659,108,1712597380516,24.0,My husband stops eating.,1105.0
1659,109,1712597383092,46.0,"""What did I tell you?"" he says when I hang up.",2576.0
1659,110,1712597384851,23.0,He starts to eat again.,1759.0
1659,111,1712597386748,36.0,Then throws his napkin on his plate.,1897.0
1659,112,1712597389911,63.0,"He says, ""Goddamn it, why can't people mind their own business?",3162.0
1659,113,1712597392206,41.0,Tell me what I did wrong and I'll listen!,2295.0
1659,114,1712597394888,28.0,I wasn't the only man there.,2682.0
1659,115,1712597398047,37.0,We talked it over and we all decided.,3159.0
1659,116,1712597399822,29.0,We couldn't just turn around.,1775.0
1659,117,1712597401710,32.0,We were five miles from the car.,1888.0
1659,118,1712597403728,34.0,I won't have you passing judgment.,2018.0
1659,119,1712597404859,13.0,"Do you hear?""",1131.0
1659,120,1712597406573,18.0,"""You know,"" I say.",1714.0
1659,121,1712597409933,33.0,"He says, ""What do I know, Claire?",3359.0
1659,122,1712597411225,34.0,Tell me what I'm supposed to know.,1292.0
1659,123,1712597413145,40.0,"I don't know anything except one thing?""",1920.0
1659,124,1712597414860,48.0,He gives me what he thinks is a meaningful look.,1715.0
1659,125,1712597416398,24.0,"""She was dead,"" he says.",1537.0
1659,126,1712597419852,33.0,"""And I'm as sorry as anyone else.",3453.0
1659,127,1712597420802,18.0,"But she was dead.""",950.0
1659,128,1712597422877,26.0,"""That's the point,"" I say.",2075.0
1659,129,1712597424110,20.0,He raises his hands.,1233.0
1659,130,1712597426045,40.0,He pushes his chair away from the table.,1934.0
1659,131,1712597429676,72.0,He takes out his cigarettes and goes out to the back with a can of beer.,3631.0
1659,132,1712597432395,64.0,I see him sit in the lawn chair and pick up the newspaper again.,2719.0
1659,133,1712597434324,39.0,His name is in there on the first page.,1929.0
1659,134,1712597436155,36.0,Along with the names of his friends.,1831.0
1659,135,1712597438136,40.0,I close my eyes and hold on to the sink.,1981.0
1659,136,1712597442043,74.0,Then I rake my arm across the drainboard and send the dishes to the floor.,3907.0
1659,137,1712597443008,16.0,He doesn't move.,965.0
1659,138,1712597445427,18.0,I know he's heard.,2419.0
1659,139,1712597447400,40.0,He lifts his head as if still listening.,1973.0
1659,140,1712597448672,30.0,But he doesn't move otherwise.,1271.0
1659,141,1712597449825,23.0,He doesn't turn around.,1153.0
1659,142,1712597450401,3.0,***,576.0
1659,143,1712597454658,88.0,"He and Gordon Johnson and Mel Dorn and Vern Williams, they play poker and bowl and fish.",4257.0
1659,144,1712597459237,85.0,They fish every spring and early summer before visiting relatives can get in the way.,4579.0
1659,145,1712597463274,65.0,"They are decent men, family men, men who take care of their jobs.",4036.0
1659,146,1712597466556,65.0,"They have sons and daughters who go to school with our son, Dean.",3282.0
1659,147,1712597470694,55.0,Last Friday these family men left for the Naches River.,4138.0
1659,148,1712597474962,76.0,They parked the car in the mountains and hiked to where they wanted to fish.,4268.0
1659,149,1712597478653,76.0,"They carried their bedrolls, their food, their playing cards, their whiskey.",3691.0
1659,150,1712597480801,42.0,They saw the girl before they set up camp.,2146.0
1659,151,1712597482055,19.0,Mel Dorn found her.,1254.0
1659,152,1712597483575,25.0,No clothes on her at all.,1520.0
1659,153,1712597485756,64.0,She was wedged into some branches that stuck out over the water.,2181.0
1659,154,1712597487353,43.0,He called the others and they came to look.,1596.0
1659,155,1712597489159,29.0,They talked about what to do.,1805.0
1659,156,1712597491939,82.0,One of the men - my Stuart didn't say which - said they should start back at once.,2780.0
1659,157,1712597496559,86.0,"The others stirred the sand with their shoes, said they didn't feel inclined that way.",4620.0
1659,158,1712597499942,82.0,"They pleaded fatigue, the late hour, the fact that the girl wasn't going anywhere.",3383.0
1659,159,1712597501832,47.0,In the end they went ahead and set up the camp.,1889.0
1659,160,1712597503199,42.0,They built a fire and drank their whiskey.,1367.0
1659,161,1712597505536,50.0,"When the moon came up, they talked about the girl.",2336.0
1659,162,1712597507660,59.0,Someone said they should -keep the body from drifting away.,2124.0
1659,163,1712597509150,55.0,They took their flashlights and went back to the river.,1490.0
1659,164,1712597512862,66.0,One of the men - it might have been Stuart - waded in and got her.,3712.0
1659,165,1712597515711,53.0,He took her by the fingers and pulled her into shore.,2849.0
1659,166,1712597519146,87.0,He got some nylon cord and tied it to her wrist and then looped the rest around a tree.,3435.0
1659,167,1712597522567,99.0,"The next morning they cooked breakfast, drank coffee, and drank whiskey, and then split up to fish.",3421.0
1659,168,1712597528762,182.0,"That night they cooked fish, cooked potatoes, drank coffee, drank whiskey, then took their cooking things and eating things back down to the river and washed them where the girl was.",6195.0
1659,169,1712597529805,32.0,They played some cards later on.,1043.0
1659,170,1712597532851,55.0,Maybe they played until they couldn't see them anymore.,3046.0
1659,171,1712597534179,28.0,Vern Williams went to sleep.,1328.0
1659,172,1712597535731,28.0,But the others told stories.,1552.0
1659,173,1712597538845,100.0,Gordon Johnson said the trout they'd caught were hard because of the terrible coldness of the water.,3114.0
1659,174,1712597543150,154.0,"The next morning they got up late, drank whiskey, fished a little, took down their tents, rolled their sleeping bags, gathered their stuff, and hiked out.",4305.0
1659,175,1712597544349,41.0,They drove until they got to a telephone.,1198.0
1659,176,1712597548666,86.0,It was Stuart who made the call while the others stood around in the sun and listened.,4317.0
1659,177,1712597550153,32.0,He gave the sheriff their names.,1487.0
1659,178,1712597551306,25.0,They had nothing to hide.,1153.0
1659,179,1712597552133,21.0,They weren't ashamed.,827.0
1659,180,1712597555094,100.0,They said they'd wait until someone could come for better directions and take down their statements.,2961.0
1659,181,1712597555701,3.0,***,606.0
1659,182,1712597558219,30.0,I was asleep when he got home.,2518.0
1659,183,1712597560608,46.0,But I woke up when I heard him in the kitchen.,2389.0
1659,184,1712597563853,64.0,I found him leaning against the refrigerator with a can of beer.,3245.0
1659,185,1712597567551,68.0,He put his heavy arms around me and rubbed his big hands on my back.,3698.0
1659,186,1712597571550,85.0,In bed he put his hands on me again and then waited as if thinking of something else.,3998.0
1659,187,1712597573044,28.0,I turned and opened my legs.,1494.0
1659,188,1712597575663,36.0,"Afterwards, I think he stayed awake.",2619.0
1659,189,1712597578026,53.0,He was up that morning before I could get out of bed.,2363.0
1659,190,1712597579695,54.0,"To see if there was something in the paper, I suppose.",1669.0
1659,191,1712597582227,46.0,The telephone began ringing right after eight.,2531.0
1659,192,1712597583236,13.0,"""Go to hell!""",1009.0
1659,193,1712597583989,18.0,I heard him shout.,753.0
1659,194,1712597585855,31.0,The telephone rang right again.,1866.0
1659,195,1712597588145,59.0,"""I have nothing to add to what I already told the sheriff!""",2290.0
1659,196,1712597589229,29.0,He slammed the receiver down.,1083.0
1659,197,1712597590386,27.0,"""What is going on?"" I said.",1157.0
1659,198,1712597592041,49.0,It was then that he told me what I just told you.,1655.0
1659,199,1712597592646,3.0,***,605.0
1659,200,1712597595227,44.0,I sweep up the broken dishes and go outside.,2581.0
1659,201,1712597597705,85.0,"He is lying on his back on the grass now, the newspaper and can of beer within reach.",2477.0
1659,202,1712597599943,41.0,"""Stuart, could we go for a drive?"" I say.",2238.0
1659,203,1712597601164,30.0,He rolls over and looks at me.,1221.0
1659,204,1712597602962,37.0,"""We'll pick up some beer,"" he says...",1798.0
1659,205,1712597606267,62.0,He gets to his feet and touches me on the hip as he goes past.,3305.0
1659,206,1712597607239,28.0,"""Give me a minute,"" he says.",972.0
1659,207,1712597608691,39.0,We drive through town without speaking.,1452.0
1659,208,1712597610416,39.0,He stops at a roadside market for beer.,1724.0
1659,209,1712597612108,54.0,I notice a great stack of papers just inside the door.,1692.0
1659,210,1712597614507,89.0,On the top step a fat woman in a print dress holds out a licorice stick to a little girl.,2398.0
1659,211,1712597616300,66.0,"Later on, we cross Everson Creek and turn into the picnic grounds.",1793.0
1659,212,1712597618771,79.0,The creek runs under the bridge and into a large pond a few hundred yards away.,2471.0
1659,213,1712597620442,28.0,I can see the men out there.,1671.0
1659,214,1712597622295,33.0,I can see them out there fishing.,1853.0
1659,215,1712597624396,31.0,So much water so close to home.,2101.0
1659,216,1712597627621,43.0,"I say, ""Why did you have to go miles away?""",3225.0
1659,217,1712597629509,25.0,"""Don't rile me,"" he says.",1888.0
1659,218,1712597630646,29.0,We sit on a bench in the sun.,1137.0
1659,219,1712597631722,25.0,He opens us cans of beer.,1076.0
1659,220,1712597633113,25.0,"He says, ""Relax, Claire.""",1391.0
1659,221,1712597635491,30.0,"""They said they were innocent.",2378.0
1659,222,1712597636735,27.0,"They said they were crazy.""",1243.0
1659,223,1712597637473,15.0,"He says, ""Who?""",738.0
1659,224,1712597638618,38.0,"He says, ""What are you talking about?""",1144.0
1659,225,1712597639753,21.0,"""The Maddox brothers.",1135.0
1659,226,1712597641611,54.0,They killed a girl named Arlene Hubly where I grew up.,1858.0
1659,227,1712597643416,60.0,They cut off her head and threw her into the Cle Elum River.,1805.0
1659,228,1712597644746,31.0,"It happened when I was a girl.""",1330.0
1659,229,1712597646424,40.0,"""You're going to get me riled,"" he says.",1678.0
1659,230,1712597647626,20.0,I look at the creek.,1202.0
1659,231,1712597651555,79.0,"I'm right in it, eyes open, face down, staring at the moss on the bottom, dead.",3929.0
1659,232,1712597653411,62.0,"""I don't know what's wrong with you,"" he says on the way home.",1856.0
1659,233,1712597655157,45.0,"""You're getting me more riled by the minute.""",1746.0
1659,234,1712597656152,34.0,There is nothing I can say to him.,994.0
1659,235,1712597657625,36.0,He tries to concentrate on the road.,1473.0
1659,236,1712597658843,47.0,But he keeps looking into the rear-view mirror.,1217.0
1659,237,1712597659605,9.0,He knows.,761.0
1659,238,1712597664880,3.0,***,5275.0
1659,239,1712597668995,52.0,Stuart believes he is letting me sleep this morning.,4115.0
1659,240,1712597670900,47.0,But I was awake long before the alarm went off.,1905.0
1659,241,1712597675376,74.0,"I was thinking, lying on the far side of the bed away from his hairy legs.",4476.0
1659,242,1712597679753,78.0,"He gets Dean off for school, and then he shaves, dresses, and leaves for work.",4376.0
1659,243,1712597682123,40.0,Twice he looks in and clears his throat.,2370.0
1659,244,1712597683847,26.0,But I keep my eyes closed.,1724.0
1659,245,1712597685835,38.0,In the kitchen I find a note from him.,1988.0
1659,246,1712597686889,19.0,"It's signed ""Love.""",1054.0
1659,247,1712597689554,74.0,I sit in the breakfast nook and drink coffee and leave a ring on the note.,2665.0
1659,248,1712597692694,67.0,I look at the newspaper and turn it this way and that on the table.,3140.0
1659,249,1712597694725,43.0,Then I skid it close and read what it says.,2031.0
1659,250,1712597696295,38.0,"The body has been identified, claimed.",1570.0
1659,251,1712597703627,155.0,"But it took some examining it, some putting things into it, some cutting, some weighing, some measuring, some putting things back again and sewing them in.",7332.0
1659,252,1712597705428,57.0,I sit for a long time holding the newspaper and thinking.,1801.0
1659,253,1712597707781,51.0,Then I call up to get a chair at the hairdresser's.,2353.0
1659,254,1712597709103,3.0,***,1322.0
1659,255,1712597713382,75.0,I sit under the dryer with a magazine on my lap and let Marnie do my nails.,4279.0
1659,256,1712597715107,42.0,"""I am going to a funeral tomorrow,"" I say.",1725.0
1659,257,1712597716862,38.0,"""I'm sorry to hear that,"" Marnie says.",1755.0
1659,258,1712597718148,25.0,"""It was a murder,"" I say.",1286.0
1659,259,1712597720356,37.0,"""That's the worst kind,"" Marnie says.",2208.0
1659,260,1712597722492,35.0,"""We weren't all that close,"" I say.",2136.0
1659,261,1712597723468,15.0,"""But you know?""",976.0
1659,262,1712597725460,45.0,"""We'll get you fixed up for it,"" Marnie says.",1992.0
1659,263,1712597727699,72.0,"That night I make my bed on the sofa, and in the morning I get up first.",2239.0
1659,264,1712597729724,50.0,I put on coffee and fix breakfast while he shaves.,2025.0
1659,265,1712597731803,76.0,"He appears in the kitchen doorway, towel over his bare shoulder, appraising.",2079.0
1659,266,1712597732728,23.0,"""Here's coffee,"" I say.",925.0
1659,267,1712597733795,31.0,"""Eggs'll be ready in a minute.”",1066.0
1659,268,1712597735229,37.0,"I wake Dean, and the three of us eat.",1434.0
1659,269,1712597737416,79.0,"Whenever Stuart looks at me, I ask Dean if he wants more milk, more toast, etc.",2187.0
1659,270,1712597738575,56.0,"""I'll call you today,"" Stuart says as he opens the door.",1159.0
1659,271,1712597739825,42.0,"I say, ""I don't think I'll be home today.""",1250.0
1659,272,1712597740648,21.0,"""All right,"" he says.",823.0
1659,273,1712597741827,7.0,"""Sure.""",1179.0
1659,274,1712597743004,18.0,I dress carefully.,1177.0
1659,275,1712597744383,48.0,I try on a hat and look at myself in the mirror.,1379.0
1659,276,1712597745927,28.0,I write out a note for Dean.,1544.0
1659,277,1712597748374,69.0,"Honey, Mommy has things to do this afternoon, but will be back later.",2447.0
1659,278,1712597750087,61.0,You stay in or be in the backyard until one of us comes home.,1713.0
1659,279,1712597751093,11.0,"Love, Mommy",1006.0
1659,280,1712597753109,48.0,I look at the word Love and then I underline it.,2015.0
1659,281,1712597754831,29.0,Then I see the word backyard.,1721.0
1659,282,1712597756203,22.0,Is it one word or two?,1372.0
1659,283,1712597772238,3.0,***,16035.0
1659,284,1712597775905,121.0,"I drive through farm country, through fields of oats and sugar beets and past apple orchards, cattle grazing in pastures.",3667.0
1659,285,1712597778886,99.0,"Then everything changes, more like shacks than farmhouses and stands of timber instead of orchards.",2981.0
1659,286,1712597781737,78.0,"Then mountains, and on the right, far below, I sometimes see the Naches River.",2851.0
1659,287,1712597784431,64.0,A green pickup comes up behind me and stays behind me for miles.,2694.0
1659,288,1712597787014,55.0,"I keep slowing at the wrong times, hoping he will pass.",2583.0
1659,289,1712597787949,16.0,Then I speed up.,935.0
1659,290,1712597791073,36.0,"But this is at the wrong times, too.",3124.0
1659,291,1712597792915,39.0,I grip the wheel until my fingers hurt.,1842.0
1659,292,1712597795212,37.0,On a long clear stretch he goes past.,2297.0
1659,293,1712597798740,73.0,"But he drives along beside for a bit, a crewcut man in a blue work shirt.",3527.0
1659,294,1712597800192,24.0,We look each other over.,1452.0
1659,295,1712597802540,53.0,"Then he waves, toots his horn, and pulls on up ahead.",2348.0
1659,296,1712597804006,29.0,I slow down and find a place.,1466.0
1659,297,1712597805875,35.0,I pull over and shut off the motor.,1869.0
1659,298,1712597807689,42.0,I can hear the river down below the trees.,1813.0
1659,299,1712597809068,35.0,Then I hear the pickup coming back.,1379.0
1659,300,1712597810776,41.0,I lock the doors and roll up the windows.,1708.0
1659,301,1712597812731,30.0,"""You all right?"" the man says.",1955.0
1659,302,1712597814142,21.0,He raps on the glass.,1411.0
1659,303,1712597815280,11.0,"""You okay?""",1138.0
1659,304,1712597817153,64.0,He leans his arms on the door and brings his face to the window.,1873.0
1659,305,1712597817894,15.0,I stare at him.,741.0
1659,306,1712597819604,30.0,I can't think what else to do.,1709.0
1659,307,1712597820535,34.0,"""Is everything all right in there?",931.0
1659,308,1712597821904,31.0,"How come you're all locked up?""",1368.0
1659,309,1712597822830,16.0,I shake my head.,926.0
1659,310,1712597823762,24.0,"""Roll down your window.""",932.0
1659,311,1712597825756,64.0,He shakes his head and looks at the highway and then back at me.,1994.0
1659,312,1712597826712,19.0,"""Roll it down now.""",956.0
1659,313,1712597829524,32.0,"""Please,"" I say, ""I have to go.""",2812.0
1659,314,1712597832050,50.0,"""Open the door,"" he says as if he isn't listening.",2526.0
1659,315,1712597833927,33.0,"""You're going to choke in there.""",1877.0
1659,316,1712597837128,32.0,"He looks at my breasts, my legs.",3201.0
1659,317,1712597838409,34.0,I can tell that's what he's doing.,1281.0
1659,318,1712597839628,22.0,"""Hey, sugar,"" he says.",1219.0
1659,319,1712597841432,31.0,"""I'm just here to help is all.""",1803.0
1659,320,1712597842559,3.0,***,1127.0
1659,321,1712597844947,52.0,The casket is closed and covered with floral sprays.,2388.0
1659,322,1712597848871,45.0,The organ starts up the minute I take a seat.,3923.0
1659,323,1712597852953,40.0,People are coming in and finding chairs.,4082.0
1659,324,1712597855771,63.0,There's a boy in flared pants and a yellow short-sleeved shirt.,2818.0
1659,325,1712597859661,100.0,A door opens and the family comes in in a group and moves over to a curtained place off to one side.,3889.0
1659,326,1712597861378,39.0,Chairs creak as everybody gets settled.,1717.0
1659,327,1712597863719,83.0,"Directly, a nice blond man in a nice dark suit stands and asks us to bow our heads.",2341.0
1659,328,1712597866904,105.0,"He says a prayer for us, the living, and when he finishes, he says a prayer for the soul of the departed.",3185.0
1659,329,1712597869971,43.0,Along with the others I go past the casket.,3067.0
1659,330,1712597871972,66.0,Then I move out onto the front steps and into the afternoon light.,2000.0
1659,331,1712597874380,66.0,There's a woman who limps as she goes down the stairs ahead of me.,2408.0
1659,332,1712597875463,33.0,On the sidewalk she looks around.,1083.0
1659,333,1712597876897,31.0,"""Well, they got him,"" she says.",1434.0
1659,334,1712597878003,27.0,"""If that's any consolation.",1106.0
1659,335,1712597878961,31.0,They arrested him this morning.,958.0
1659,336,1712597880102,38.0,I heard it on the radio before I come.,1141.0
1659,337,1712597881806,26.0,"A boy right here in town.""",1704.0
1659,338,1712597883337,42.0,We move a few steps down the hot sidewalk.,1530.0
1659,339,1712597885136,25.0,People are starting cars.,1798.0
1659,340,1712597888190,49.0,I put out my hand and hold on to a parking meter.,3054.0
1659,341,1712597889916,36.0,Polished hoods and polished fenders.,1726.0
1659,342,1712597890833,14.0,My head swims.,917.0
1659,343,1712597892935,41.0,"I say, ""They have friends, these killers.",2102.0
1659,344,1712597893989,16.0,"You can't tell.""",1054.0
1659,345,1712597896021,70.0,"""I have known that child since she was a little girl,"" the woman says.",2032.0
1659,346,1712597898520,93.0,"""She used to come over and I'd bake cookies for her and let her eat them in front of the TV.""",2499.0
1659,347,1712597899309,3.0,***,789.0
1659,348,1712597901693,76.0,"Back home, Stuart sits at the table with a drink of whiskey in front of him.",2384.0
1659,349,1712597904982,57.0,For a crazy instant I think something's happened to Dean.,3289.0
1659,350,1712597905921,14.0,"""Where is he?""",939.0
1659,351,1712597906653,6.0,I say.,732.0
1659,352,1712597907518,16.0,"""Where is Dean?""",865.0
1659,353,1712597908560,27.0,"""Outside,"" my husband says.",1042.0
1659,354,1712597910834,34.0,He drains his glass and stands up.,2274.0
1659,355,1712597913172,40.0,"He says, ""I think I know what you need.""",2338.0
1659,356,1712597918128,138.0,He reaches an arm around my waist and with his other hand he begins to unbutton my jacket and then he goes on to the buttons of my blouse.,4956.0
1659,357,1712597919160,30.0,"""First things first,"" he says.",1032.0
1659,358,1712597920834,23.0,He says something else.,1673.0
1659,359,1712597922633,27.0,But I don't need to listen.,1799.0
1659,360,1712597924413,46.0,I can't hear a thing with so much water going.,1780.0
1659,361,1712597925177,3.0,***,763.0
1673,161,1712622364675,3.0,***,6401.0
1673,162,1712622368704,37.0,My husband eats with a good appetite.,4028.0
1673,163,1712622371359,37.0,But I don't think he's really hungry.,2654.0
1673,164,1712622376766,69.0,"He chews, arms on the table, and stares at something across the room.",5407.0
1673,165,1712622379325,30.0,He looks at me and looks away.,2559.0
1673,166,1712622381965,33.0,He wipes his mouth on the napkin.,2640.0
1673,167,1712622384587,30.0,"He shrugs, and goes on eating.",2622.0
1673,168,1712622387376,42.0,"""What are you staring at me for?"" he says.",2788.0
1673,169,1712622390107,45.0,"""What is it?"" he says and lays down his fork.",2731.0
1673,170,1712622392258,42.0,"""Was I staring?"" I say, and shake my head.",2150.0
1673,171,1712622393686,20.0,The telephone rings.,1428.0
1673,172,1712622395272,27.0,"""Don't answer it,"" he says.",1585.0
1673,173,1712622396937,33.0,"""It might be your mother,"" I say.",1665.0
1673,174,1712622398483,25.0,"""Watch and see,"" he says.",1546.0
1673,175,1712622400750,34.0,I pick up the receiver and listen.,2266.0
1673,176,1712622402294,24.0,My husband stops eating.,1544.0
1673,177,1712622404680,46.0,"""What did I tell you?"" he says when I hang up.",2386.0
1673,178,1712622406314,23.0,He starts to eat again.,1634.0
1673,179,1712622409510,36.0,Then throws his napkin on his plate.,3196.0
1673,180,1712622413215,63.0,"He says, ""Goddamn it, why can't people mind their own business?",3704.0
1673,181,1712622416722,41.0,Tell me what I did wrong and I'll listen!,3506.0
1673,182,1712622420289,28.0,I wasn't the only man there.,3566.0
1673,183,1712622423525,37.0,We talked it over and we all decided.,3236.0
1673,184,1712622425787,29.0,We couldn't just turn around.,2262.0
1673,185,1712622429364,32.0,We were five miles from the car.,3577.0
1673,186,1712622432498,34.0,I won't have you passing judgment.,3134.0
1673,187,1712622433993,13.0,"Do you hear?""",1494.0
1673,188,1712622435854,18.0,"""You know,"" I say.",1861.0
1673,189,1712622437857,33.0,"He says, ""What do I know, Claire?",2002.0
1673,190,1712622439896,34.0,Tell me what I'm supposed to know.,2039.0
1673,191,1712622442709,40.0,"I don't know anything except one thing?""",2812.0
1673,192,1712622445374,48.0,He gives me what he thinks is a meaningful look.,2664.0
1673,193,1712622447721,24.0,"""She was dead,"" he says.",2346.0
1673,194,1712622450563,33.0,"""And I'm as sorry as anyone else.",2842.0
1673,195,1712622452626,18.0,"But she was dead.""",2063.0
1673,196,1712622454485,26.0,"""That's the point,"" I say.",1858.0
1673,197,1712622455967,20.0,He raises his hands.,1481.0
1673,198,1712622458086,40.0,He pushes his chair away from the table.,2119.0
1673,199,1712622462065,72.0,He takes out his cigarettes and goes out to the back with a can of beer.,3979.0
1673,200,1712622465782,64.0,I see him sit in the lawn chair and pick up the newspaper again.,3716.0
1673,201,1712622468829,39.0,His name is in there on the first page.,3047.0
1673,202,1712622470960,36.0,Along with the names of his friends.,2131.0
1673,203,1712622473790,40.0,I close my eyes and hold on to the sink.,2830.0
1673,204,1712622480485,74.0,Then I rake my arm across the drainboard and send the dishes to the floor.,6695.0
1673,205,1712622482541,16.0,He doesn't move.,2056.0
1673,206,1712622484275,18.0,I know he's heard.,1734.0
1673,207,1712622486945,40.0,He lifts his head as if still listening.,2669.0
1673,208,1712622489270,30.0,But he doesn't move otherwise.,2325.0
1673,209,1712622490910,23.0,He doesn't turn around.,1639.0
1673,210,1712622492520,3.0,***,1610.0
1673,211,1712622498908,88.0,"He and Gordon Johnson and Mel Dorn and Vern Williams, they play poker and bowl and fish.",6388.0
1673,212,1712622504755,85.0,They fish every spring and early summer before visiting relatives can get in the way.,5847.0
1673,213,1712622510294,65.0,"They are decent men, family men, men who take care of their jobs.",5539.0
1673,214,1712622515112,65.0,"They have sons and daughters who go to school with our son, Dean.",4818.0
1673,215,1712622519327,55.0,Last Friday these family men left for the Naches River.,4214.0
1673,216,1712622523874,76.0,They parked the car in the mountains and hiked to where they wanted to fish.,4546.0
1673,217,1712622527834,76.0,"They carried their bedrolls, their food, their playing cards, their whiskey.",3959.0
1673,218,1712622531815,42.0,They saw the girl before they set up camp.,3981.0
1673,219,1712622534552,19.0,Mel Dorn found her.,2737.0
1673,220,1712622536951,25.0,No clothes on her at all.,2399.0
1673,221,1712622542207,64.0,She was wedged into some branches that stuck out over the water.,5256.0
1673,222,1712622545537,43.0,He called the others and they came to look.,3330.0
1673,223,1712622548233,29.0,They talked about what to do.,2695.0
1673,224,1712622554305,82.0,One of the men - my Stuart didn't say which - said they should start back at once.,6072.0
1673,225,1712622560040,86.0,"The others stirred the sand with their shoes, said they didn't feel inclined that way.",5735.0
1673,226,1712622566304,82.0,"They pleaded fatigue, the late hour, the fact that the girl wasn't going anywhere.",6263.0
1673,227,1712622570081,47.0,In the end they went ahead and set up the camp.,3777.0
1673,228,1712622573082,42.0,They built a fire and drank their whiskey.,3001.0
1673,229,1712622575854,50.0,"When the moon came up, they talked about the girl.",2772.0
1673,230,1712622580643,59.0,Someone said they should -keep the body from drifting away.,4789.0
1673,231,1712622583690,55.0,They took their flashlights and went back to the river.,3046.0
1673,232,1712622588290,66.0,One of the men - it might have been Stuart - waded in and got her.,4599.0
1673,233,1712622593666,53.0,He took her by the fingers and pulled her into shore.,5376.0
1673,234,1712622600592,87.0,He got some nylon cord and tied it to her wrist and then looped the rest around a tree.,6926.0
1673,235,1712622607365,99.0,"The next morning they cooked breakfast, drank coffee, and drank whiskey, and then split up to fish.",6773.0
1673,236,1712622619573,182.0,"That night they cooked fish, cooked potatoes, drank coffee, drank whiskey, then took their cooking things and eating things back down to the river and washed them where the girl was.",12208.0
1673,237,1712622621568,32.0,They played some cards later on.,1995.0
1673,238,1712622624789,55.0,Maybe they played until they couldn't see them anymore.,3220.0
1673,239,1712622626211,28.0,Vern Williams went to sleep.,1422.0
1673,240,1712622627912,28.0,But the others told stories.,1700.0
1673,241,1712622634649,100.0,Gordon Johnson said the trout they'd caught were hard because of the terrible coldness of the water.,6737.0
1673,242,1712622642636,154.0,"The next morning they got up late, drank whiskey, fished a little, took down their tents, rolled their sleeping bags, gathered their stuff, and hiked out.",7987.0
1673,243,1712622645457,41.0,They drove until they got to a telephone.,2821.0
1673,244,1712622649660,86.0,It was Stuart who made the call while the others stood around in the sun and listened.,4203.0
1673,245,1712622651439,32.0,He gave the sheriff their names.,1779.0
1673,246,1712622653462,25.0,They had nothing to hide.,2022.0
1673,247,1712622654662,21.0,They weren't ashamed.,1200.0
1673,248,1712622661866,100.0,They said they'd wait until someone could come for better directions and take down their statements.,7204.0
1673,249,1712622663136,3.0,***,1270.0
1673,250,1712622666320,30.0,I was asleep when he got home.,3184.0
1673,251,1712622668881,46.0,But I woke up when I heard him in the kitchen.,2561.0
1673,252,1712622672172,64.0,I found him leaning against the refrigerator with a can of beer.,3291.0
1673,253,1712622676914,68.0,He put his heavy arms around me and rubbed his big hands on my back.,4742.0
1673,254,1712622682747,85.0,In bed he put his hands on me again and then waited as if thinking of something else.,5831.0
1673,255,1712622684980,28.0,I turned and opened my legs.,2233.0
1673,256,1712622688180,36.0,"Afterwards, I think he stayed awake.",3200.0
1673,257,1712622691969,53.0,He was up that morning before I could get out of bed.,3789.0
1673,258,1712622695077,54.0,"To see if there was something in the paper, I suppose.",3106.0
1673,259,1712622697995,46.0,The telephone began ringing right after eight.,2918.0
1673,260,1712622699537,13.0,"""Go to hell!""",1541.0
1673,261,1712622700801,18.0,I heard him shout.,1264.0
1673,262,1712622703226,31.0,The telephone rang right again.,2424.0
1673,263,1712622707215,59.0,"""I have nothing to add to what I already told the sheriff!""",3988.0
1673,264,1712622709709,29.0,He slammed the receiver down.,2494.0
1673,265,1712622711365,27.0,"""What is going on?"" I said.",1655.0
1673,266,1712622715072,49.0,It was then that he told me what I just told you.,3707.0
1673,267,1712622715961,3.0,***,889.0
1673,268,1712622719263,44.0,I sweep up the broken dishes and go outside.,3301.0
1673,269,1712622723890,85.0,"He is lying on his back on the grass now, the newspaper and can of beer within reach.",4627.0
1673,270,1712622726230,41.0,"""Stuart, could we go for a drive?"" I say.",2340.0
1673,271,1712622727532,30.0,He rolls over and looks at me.,1301.0
1673,272,1712622730785,37.0,"""We'll pick up some beer,"" he says...",3253.0
1673,273,1712622733573,62.0,He gets to his feet and touches me on the hip as he goes past.,2787.0
1673,274,1712622735505,28.0,"""Give me a minute,"" he says.",1932.0
1673,275,1712622738579,39.0,We drive through town without speaking.,3073.0
1673,276,1712622740840,39.0,He stops at a roadside market for beer.,2261.0
1673,277,1712622744511,54.0,I notice a great stack of papers just inside the door.,3670.0
1673,278,1712622749885,89.0,On the top step a fat woman in a print dress holds out a licorice stick to a little girl.,5373.0
1673,279,1712622753448,66.0,"Later on, we cross Everson Creek and turn into the picnic grounds.",3563.0
1673,280,1712622758995,79.0,The creek runs under the bridge and into a large pond a few hundred yards away.,5547.0
1673,281,1712622761646,28.0,I can see the men out there.,2650.0
1673,282,1712622764086,33.0,I can see them out there fishing.,2439.0
1673,283,1712622768023,31.0,So much water so close to home.,3936.0
1673,284,1712622772702,43.0,"I say, ""Why did you have to go miles away?""",4678.0
1673,285,1712622775844,25.0,"""Don't rile me,"" he says.",3142.0
1673,286,1712622779775,29.0,We sit on a bench in the sun.,3929.0
1673,287,1712622781900,25.0,He opens us cans of beer.,2125.0
1673,288,1712622783213,25.0,"He says, ""Relax, Claire.""",1312.0
1673,289,1712622785492,30.0,"""They said they were innocent.",2278.0
1673,290,1712622788093,27.0,"They said they were crazy.""",2601.0
1673,291,1712622789890,15.0,"He says, ""Who?""",1797.0
1673,292,1712622791833,38.0,"He says, ""What are you talking about?""",1943.0
1673,293,1712622793703,21.0,"""The Maddox brothers.",1869.0
1673,294,1712622798471,54.0,They killed a girl named Arlene Hubly where I grew up.,4767.0
1673,295,1712622802422,60.0,They cut off her head and threw her into the Cle Elum River.,3950.0
1673,296,1712622804463,31.0,"It happened when I was a girl.""",2040.0
1673,297,1712622806654,40.0,"""You're going to get me riled,"" he says.",2191.0
1673,298,1712622807410,20.0,I look at the creek.,756.0
1673,299,1712622812152,79.0,"I'm right in it, eyes open, face down, staring at the moss on the bottom, dead.",4742.0
1673,300,1712622815742,62.0,"""I don't know what's wrong with you,"" he says on the way home.",3589.0
1673,301,1712622818030,45.0,"""You're getting me more riled by the minute.""",2288.0
1673,302,1712622819713,34.0,There is nothing I can say to him.,1683.0
1673,303,1712622822526,36.0,He tries to concentrate on the road.,2813.0
1673,304,1712622824565,47.0,But he keeps looking into the rear-view mirror.,2039.0
1673,305,1712622825609,9.0,He knows.,1044.0
1673,306,1712622826449,3.0,***,838.0
1673,307,1712622829554,52.0,Stuart believes he is letting me sleep this morning.,3105.0
1673,308,1712622832433,47.0,But I was awake long before the alarm went off.,2879.0
1673,309,1712622837453,74.0,"I was thinking, lying on the far side of the bed away from his hairy legs.",5019.0
1673,310,1712622841489,78.0,"He gets Dean off for school, and then he shaves, dresses, and leaves for work.",4035.0
1673,311,1712622843956,40.0,Twice he looks in and clears his throat.,2466.0
1673,312,1712622845620,26.0,But I keep my eyes closed.,1664.0
1673,313,1712622848009,38.0,In the kitchen I find a note from him.,2388.0
1673,314,1712622849391,19.0,"It's signed ""Love.""",1382.0
1673,315,1712622855592,74.0,I sit in the breakfast nook and drink coffee and leave a ring on the note.,6201.0
1673,316,1712622858530,67.0,I look at the newspaper and turn it this way and that on the table.,2938.0
1673,317,1712622860289,43.0,Then I skid it close and read what it says.,1759.0
1673,318,1712622862869,38.0,"The body has been identified, claimed.",2579.0
1673,319,1712622870803,155.0,"But it took some examining it, some putting things into it, some cutting, some weighing, some measuring, some putting things back again and sewing them in.",7933.0
1673,320,1712622874453,57.0,I sit for a long time holding the newspaper and thinking.,3650.0
1673,321,1712622878586,51.0,Then I call up to get a chair at the hairdresser's.,4132.0
1673,322,1712622879095,3.0,***,509.0
1673,323,1712622883774,75.0,I sit under the dryer with a magazine on my lap and let Marnie do my nails.,4678.0
1673,324,1712622885855,42.0,"""I am going to a funeral tomorrow,"" I say.",2080.0
1673,325,1712622888074,38.0,"""I'm sorry to hear that,"" Marnie says.",2219.0
1673,326,1712622892893,25.0,"""It was a murder,"" I say.",4818.0
1673,327,1712622894871,37.0,"""That's the worst kind,"" Marnie says.",1978.0
1673,328,1712622896944,35.0,"""We weren't all that close,"" I say.",2072.0
1673,329,1712622897824,15.0,"""But you know?""",879.0
1673,330,1712622901854,45.0,"""We'll get you fixed up for it,"" Marnie says.",4029.0
1673,331,1712622906572,72.0,"That night I make my bed on the sofa, and in the morning I get up first.",4718.0
1673,332,1712622910463,50.0,I put on coffee and fix breakfast while he shaves.,3891.0
1673,333,1712622915825,76.0,"He appears in the kitchen doorway, towel over his bare shoulder, appraising.",5361.0
1673,334,1712622918834,23.0,"""Here's coffee,"" I say.",3008.0
1673,335,1712622922132,31.0,"""Eggs'll be ready in a minute.”",3298.0
1673,336,1712622924648,37.0,"I wake Dean, and the three of us eat.",2516.0
1673,337,1712622929069,79.0,"Whenever Stuart looks at me, I ask Dean if he wants more milk, more toast, etc.",4421.0
1673,338,1712622931975,56.0,"""I'll call you today,"" Stuart says as he opens the door.",2905.0
1673,339,1712622934384,42.0,"I say, ""I don't think I'll be home today.""",2408.0
1673,340,1712622935349,21.0,"""All right,"" he says.",964.0
1673,341,1712622936306,7.0,"""Sure.""",956.0
1673,342,1712622937634,18.0,I dress carefully.,1328.0
1673,343,1712622940426,48.0,I try on a hat and look at myself in the mirror.,2792.0
1673,344,1712622941965,28.0,I write out a note for Dean.,1539.0
1673,345,1712622945194,69.0,"Honey, Mommy has things to do this afternoon, but will be back later.",3229.0
1673,346,1712622949528,61.0,You stay in or be in the backyard until one of us comes home.,4334.0
1673,347,1712622950391,11.0,"Love, Mommy",863.0
1673,348,1712622953021,48.0,I look at the word Love and then I underline it.,2629.0
1673,349,1712622954104,29.0,Then I see the word backyard.,1083.0
1673,350,1712622955750,22.0,Is it one word or two?,1646.0
1673,351,1712622956229,3.0,***,479.0
1673,352,1712622962382,121.0,"I drive through farm country, through fields of oats and sugar beets and past apple orchards, cattle grazing in pastures.",6152.0
1673,353,1712622968317,99.0,"Then everything changes, more like shacks than farmhouses and stands of timber instead of orchards.",5935.0
1673,354,1712622973295,78.0,"Then mountains, and on the right, far below, I sometimes see the Naches River.",4977.0
1673,355,1712622979170,64.0,A green pickup comes up behind me and stays behind me for miles.,5875.0
1673,356,1712622983074,55.0,"I keep slowing at the wrong times, hoping he will pass.",3904.0
1673,357,1712622984671,16.0,Then I speed up.,1596.0
1673,358,1712622987044,36.0,"But this is at the wrong times, too.",2373.0
1673,359,1712622989727,39.0,I grip the wheel until my fingers hurt.,2682.0
1673,360,1712622992589,37.0,On a long clear stretch he goes past.,2861.0
1673,361,1712622999203,73.0,"But he drives along beside for a bit, a crewcut man in a blue work shirt.",6613.0
1673,362,1712623000685,24.0,We look each other over.,1481.0
1673,363,1712623003468,53.0,"Then he waves, toots his horn, and pulls on up ahead.",2782.0
1673,364,1712623004901,29.0,I slow down and find a place.,1432.0
1673,365,1712623006388,35.0,I pull over and shut off the motor.,1487.0
1673,366,1712623009008,42.0,I can hear the river down below the trees.,2619.0
1673,367,1712623010709,35.0,Then I hear the pickup coming back.,1701.0
1673,368,1712623012673,41.0,I lock the doors and roll up the windows.,1964.0
1673,369,1712623013884,30.0,"""You all right?"" the man says.",1210.0
1673,370,1712623015420,21.0,He raps on the glass.,1534.0
1673,371,1712623016036,11.0,"""You okay?""",616.0
1673,372,1712623018853,64.0,He leans his arms on the door and brings his face to the window.,2816.0
1673,373,1712623019764,15.0,I stare at him.,910.0
1673,374,1712623021131,30.0,I can't think what else to do.,1367.0
1673,375,1712623022413,34.0,"""Is everything all right in there?",1282.0
1673,376,1712623023564,31.0,"How come you're all locked up?""",1150.0
1673,377,1712623024345,16.0,I shake my head.,780.0
1673,378,1712623025461,24.0,"""Roll down your window.""",1115.0
1673,379,1712623028256,64.0,He shakes his head and looks at the highway and then back at me.,2795.0
1673,380,1712623029276,19.0,"""Roll it down now.""",1020.0
1673,381,1712623030689,32.0,"""Please,"" I say, ""I have to go.""",1413.0
1673,382,1712623032988,50.0,"""Open the door,"" he says as if he isn't listening.",2298.0
1673,383,1712623034602,33.0,"""You're going to choke in there.""",1613.0
1673,384,1712623036341,32.0,"He looks at my breasts, my legs.",1739.0
1673,385,1712623037078,34.0,I can tell that's what he's doing.,736.0
1673,386,1712623038718,22.0,"""Hey, sugar,"" he says.",1639.0
1673,387,1712623040604,31.0,"""I'm just here to help is all.""",1886.0
1673,388,1712623041666,3.0,***,1062.0
1673,389,1712623046263,52.0,The casket is closed and covered with floral sprays.,4597.0
1673,390,1712623048724,45.0,The organ starts up the minute I take a seat.,2461.0
1673,391,1712623051244,40.0,People are coming in and finding chairs.,2519.0
1673,392,1712623056030,63.0,There's a boy in flared pants and a yellow short-sleeved shirt.,4786.0
1673,393,1712623062107,100.0,A door opens and the family comes in in a group and moves over to a curtained place off to one side.,6076.0
1673,394,1712623064478,39.0,Chairs creak as everybody gets settled.,2371.0
1673,395,1712623070751,83.0,"Directly, a nice blond man in a nice dark suit stands and asks us to bow our heads.",6273.0
1673,396,1712623076226,105.0,"He says a prayer for us, the living, and when he finishes, he says a prayer for the soul of the departed.",5474.0
1673,397,1712623078761,43.0,Along with the others I go past the casket.,2535.0
1673,398,1712623083185,66.0,Then I move out onto the front steps and into the afternoon light.,4424.0
1673,399,1712623088167,66.0,There's a woman who limps as she goes down the stairs ahead of me.,4981.0
1673,400,1712623089870,33.0,On the sidewalk she looks around.,1703.0
1673,401,1712623091468,31.0,"""Well, they got him,"" she says.",1598.0
1673,402,1712623093337,27.0,"""If that's any consolation.",1868.0
1673,403,1712623095945,31.0,They arrested him this morning.,2608.0
1673,404,1712623097950,38.0,I heard it on the radio before I come.,2005.0
1673,405,1712623099428,26.0,"A boy right here in town.""",1478.0
1673,406,1712623103200,42.0,We move a few steps down the hot sidewalk.,3772.0
1673,407,1712623104884,25.0,People are starting cars.,1684.0
1673,408,1712623107753,49.0,I put out my hand and hold on to a parking meter.,2868.0
1673,409,1712623110451,36.0,Polished hoods and polished fenders.,2697.0
1673,410,1712623111420,14.0,My head swims.,969.0
1673,411,1712623114180,41.0,"I say, ""They have friends, these killers.",2760.0
1673,412,1712623115184,16.0,"You can't tell.""",1003.0
1673,413,1712623118648,70.0,"""I have known that child since she was a little girl,"" the woman says.",3464.0
1673,414,1712623124063,93.0,"""She used to come over and I'd bake cookies for her and let her eat them in front of the TV.""",5414.0
1673,415,1712623124902,3.0,***,839.0
1673,416,1712623128953,76.0,"Back home, Stuart sits at the table with a drink of whiskey in front of him.",4051.0
1673,417,1712623132150,57.0,For a crazy instant I think something's happened to Dean.,3196.0
1673,418,1712623132790,14.0,"""Where is he?""",640.0
1673,419,1712623133455,6.0,I say.,663.0
1673,420,1712623134049,16.0,"""Where is Dean?""",594.0
1673,421,1712623135443,27.0,"""Outside,"" my husband says.",1394.0
1673,422,1712623137289,34.0,He drains his glass and stands up.,1846.0
1673,423,1712623138914,40.0,"He says, ""I think I know what you need.""",1625.0
1673,424,1712623144217,138.0,He reaches an arm around my waist and with his other hand he begins to unbutton my jacket and then he goes on to the buttons of my blouse.,5302.0
1673,425,1712623145582,30.0,"""First things first,"" he says.",1364.0
1673,426,1712623146678,23.0,He says something else.,1096.0
1673,427,1712623147594,27.0,But I don't need to listen.,916.0
1673,428,1712623150332,46.0,I can't hear a thing with so much water going.,2737.0
1673,429,1712623151130,3.0,***,798.0
1719,133,1712427844046,3.0,***,1584.0
1719,134,1712427845849,37.0,My husband eats with a good appetite.,1802.0
1719,135,1712427847461,37.0,But I don't think he's really hungry.,1612.0
1719,136,1712427849529,69.0,"He chews, arms on the table, and stares at something across the room.",2068.0
1719,137,1712427850556,30.0,He looks at me and looks away.,1027.0
1719,138,1712427851909,33.0,He wipes his mouth on the napkin.,1353.0
1719,139,1712427853055,30.0,"He shrugs, and goes on eating.",1146.0
1719,140,1712427854187,42.0,"""What are you staring at me for?"" he says.",1132.0
1719,141,1712427856325,45.0,"""What is it?"" he says and lays down his fork.",2138.0
1719,142,1712427857986,42.0,"""Was I staring?"" I say, and shake my head.",1661.0
1719,143,1712427858868,20.0,The telephone rings.,881.0
1719,144,1712427859809,27.0,"""Don't answer it,"" he says.",941.0
1719,145,1712427860923,33.0,"""It might be your mother,"" I say.",1114.0
1719,146,1712427862037,25.0,"""Watch and see,"" he says.",1113.0
1719,147,1712427863288,34.0,I pick up the receiver and listen.,1251.0
1719,148,1712427864239,24.0,My husband stops eating.,951.0
1719,149,1712427865638,46.0,"""What did I tell you?"" he says when I hang up.",1399.0
1719,150,1712427866628,23.0,He starts to eat again.,989.0
1719,151,1712427868351,36.0,Then throws his napkin on his plate.,1723.0
1719,152,1712427870101,63.0,"He says, ""Goddamn it, why can't people mind their own business?",1750.0
1719,153,1712427871370,41.0,Tell me what I did wrong and I'll listen!,1268.0
1719,154,1712427873456,28.0,I wasn't the only man there.,2086.0
1719,155,1712427874755,37.0,We talked it over and we all decided.,1298.0
1719,156,1712427876295,29.0,We couldn't just turn around.,1540.0
1719,157,1712427877624,32.0,We were five miles from the car.,1329.0
1719,158,1712427879088,34.0,I won't have you passing judgment.,1464.0
1719,159,1712427880083,13.0,"Do you hear?""",994.0
1719,160,1712427880957,18.0,"""You know,"" I say.",874.0
1719,161,1712427882640,33.0,"He says, ""What do I know, Claire?",1683.0
1719,162,1712427883943,34.0,Tell me what I'm supposed to know.,1303.0
1719,163,1712427885228,40.0,"I don't know anything except one thing?""",1285.0
1719,164,1712427886933,48.0,He gives me what he thinks is a meaningful look.,1705.0
1719,165,1712427888084,24.0,"""She was dead,"" he says.",1151.0
1719,166,1712427889154,33.0,"""And I'm as sorry as anyone else.",1070.0
1719,167,1712427890054,18.0,"But she was dead.""",900.0
1719,168,1712427890914,26.0,"""That's the point,"" I say.",860.0
1719,169,1712427892043,20.0,He raises his hands.,1129.0
1719,170,1712427893317,40.0,He pushes his chair away from the table.,1274.0
1719,171,1712427895530,72.0,He takes out his cigarettes and goes out to the back with a can of beer.,2212.0
1719,172,1712427896971,64.0,I see him sit in the lawn chair and pick up the newspaper again.,1440.0
1719,173,1712427898807,39.0,His name is in there on the first page.,1835.0
1719,174,1712427899733,36.0,Along with the names of his friends.,926.0
1719,175,1712427901083,40.0,I close my eyes and hold on to the sink.,1350.0
1719,176,1712427904131,74.0,Then I rake my arm across the drainboard and send the dishes to the floor.,3047.0
1719,177,1712427905210,16.0,He doesn't move.,1079.0
1719,178,1712427906242,18.0,I know he's heard.,1032.0
1719,179,1712427907603,40.0,He lifts his head as if still listening.,1361.0
1719,180,1712427908570,30.0,But he doesn't move otherwise.,967.0
1719,181,1712427909365,23.0,He doesn't turn around.,795.0
1719,182,1712427910363,3.0,***,998.0
1719,183,1712427912788,88.0,"He and Gordon Johnson and Mel Dorn and Vern Williams, they play poker and bowl and fish.",2425.0
1719,184,1712427915238,85.0,They fish every spring and early summer before visiting relatives can get in the way.,2449.0
1719,185,1712427918326,65.0,"They are decent men, family men, men who take care of their jobs.",3088.0
1719,186,1712427919934,65.0,"They have sons and daughters who go to school with our son, Dean.",1608.0
1719,187,1712427922891,55.0,Last Friday these family men left for the Naches River.,2957.0
1719,188,1712427924559,76.0,They parked the car in the mountains and hiked to where they wanted to fish.,1668.0
1719,189,1712427926273,76.0,"They carried their bedrolls, their food, their playing cards, their whiskey.",1714.0
1719,190,1712427928435,42.0,They saw the girl before they set up camp.,2161.0
1719,191,1712427929394,19.0,Mel Dorn found her.,959.0
1719,192,1712427930473,25.0,No clothes on her at all.,1079.0
1719,193,1712427932953,64.0,She was wedged into some branches that stuck out over the water.,2480.0
1719,194,1712427933929,43.0,He called the others and they came to look.,976.0
1719,195,1712427934802,29.0,They talked about what to do.,872.0
1719,196,1712427938695,82.0,One of the men - my Stuart didn't say which - said they should start back at once.,3893.0
1719,197,1712427946264,86.0,"The others stirred the sand with their shoes, said they didn't feel inclined that way.",7569.0
1719,198,1712427948420,82.0,"They pleaded fatigue, the late hour, the fact that the girl wasn't going anywhere.",2155.0
1719,199,1712427949410,47.0,In the end they went ahead and set up the camp.,990.0
1719,200,1712427950277,42.0,They built a fire and drank their whiskey.,867.0
1719,201,1712427951288,50.0,"When the moon came up, they talked about the girl.",1011.0
1719,202,1712427954148,59.0,Someone said they should -keep the body from drifting away.,2860.0
1719,203,1712427955226,55.0,They took their flashlights and went back to the river.,1077.0
1719,204,1712427957331,66.0,One of the men - it might have been Stuart - waded in and got her.,2104.0
1719,205,1712427958837,53.0,He took her by the fingers and pulled her into shore.,1505.0
1719,206,1712427961669,87.0,He got some nylon cord and tied it to her wrist and then looped the rest around a tree.,2831.0
1719,207,1712427964034,99.0,"The next morning they cooked breakfast, drank coffee, and drank whiskey, and then split up to fish.",2365.0
1719,208,1712427971034,182.0,"That night they cooked fish, cooked potatoes, drank coffee, drank whiskey, then took their cooking things and eating things back down to the river and washed them where the girl was.",6999.0
1719,209,1712427972235,32.0,They played some cards later on.,1201.0
1719,210,1712427979348,55.0,Maybe they played until they couldn't see them anymore.,7112.0
1719,211,1712427980476,28.0,Vern Williams went to sleep.,1127.0
1719,212,1712427981191,28.0,But the others told stories.,715.0
1719,213,1712427984014,100.0,Gordon Johnson said the trout they'd caught were hard because of the terrible coldness of the water.,2823.0
1719,214,1712427989104,154.0,"The next morning they got up late, drank whiskey, fished a little, took down their tents, rolled their sleeping bags, gathered their stuff, and hiked out.",5090.0
1719,215,1712427990339,41.0,They drove until they got to a telephone.,1235.0
1719,216,1712427993034,86.0,It was Stuart who made the call while the others stood around in the sun and listened.,2694.0
1719,217,1712427994846,32.0,He gave the sheriff their names.,1812.0
1719,218,1712427995448,25.0,They had nothing to hide.,602.0
1719,219,1712427995986,21.0,They weren't ashamed.,538.0
1719,220,1712427997985,100.0,They said they'd wait until someone could come for better directions and take down their statements.,1998.0
1719,221,1712427998427,3.0,***,442.0
1719,222,1712427999342,30.0,I was asleep when he got home.,914.0
1719,223,1712427999979,46.0,But I woke up when I heard him in the kitchen.,637.0
1719,224,1712428003206,64.0,I found him leaning against the refrigerator with a can of beer.,3226.0
1719,225,1712428005861,68.0,He put his heavy arms around me and rubbed his big hands on my back.,2655.0
1719,226,1712428008318,85.0,In bed he put his hands on me again and then waited as if thinking of something else.,2457.0
1719,227,1712428009158,28.0,I turned and opened my legs.,839.0
1719,228,1712428010032,36.0,"Afterwards, I think he stayed awake.",874.0
1719,229,1712428013062,53.0,He was up that morning before I could get out of bed.,3029.0
1719,230,1712428014360,54.0,"To see if there was something in the paper, I suppose.",1298.0
1719,231,1712428015373,46.0,The telephone began ringing right after eight.,1012.0
1719,232,1712428015924,13.0,"""Go to hell!""",551.0
1719,233,1712428016453,18.0,I heard him shout.,529.0
1719,234,1712428017042,31.0,The telephone rang right again.,588.0
1719,235,1712428018924,59.0,"""I have nothing to add to what I already told the sheriff!""",1882.0
1719,236,1712428019602,29.0,He slammed the receiver down.,678.0
1719,237,1712428020265,27.0,"""What is going on?"" I said.",662.0
1719,238,1712428021389,49.0,It was then that he told me what I just told you.,1124.0
1719,239,1712428022103,3.0,***,714.0
1719,240,1712428023123,44.0,I sweep up the broken dishes and go outside.,1019.0
1719,241,1712428024454,85.0,"He is lying on his back on the grass now, the newspaper and can of beer within reach.",1329.0
1719,242,1712428025491,41.0,"""Stuart, could we go for a drive?"" I say.",1037.0
1719,243,1712428026092,30.0,He rolls over and looks at me.,601.0
1719,244,1712428026980,37.0,"""We'll pick up some beer,"" he says...",888.0
1719,245,1712428027905,62.0,He gets to his feet and touches me on the hip as he goes past.,925.0
1719,246,1712428028793,28.0,"""Give me a minute,"" he says.",888.0
1719,247,1712428029583,39.0,We drive through town without speaking.,790.0
1719,248,1712428030629,39.0,He stops at a roadside market for beer.,1046.0
1719,249,1712428032438,54.0,I notice a great stack of papers just inside the door.,1808.0
1719,250,1712428035489,89.0,On the top step a fat woman in a print dress holds out a licorice stick to a little girl.,3051.0
1719,251,1712428037173,66.0,"Later on, we cross Everson Creek and turn into the picnic grounds.",1684.0
1719,252,1712428038674,79.0,The creek runs under the bridge and into a large pond a few hundred yards away.,1500.0
1719,253,1712428039579,28.0,I can see the men out there.,905.0
1719,254,1712428040352,33.0,I can see them out there fishing.,773.0
1719,255,1712428041375,31.0,So much water so close to home.,1023.0
1719,256,1712428043782,43.0,"I say, ""Why did you have to go miles away?""",2407.0
1719,257,1712428044638,25.0,"""Don't rile me,"" he says.",856.0
1719,258,1712428045213,29.0,We sit on a bench in the sun.,575.0
1719,259,1712428045776,25.0,He opens us cans of beer.,563.0
1719,260,1712428046424,25.0,"He says, ""Relax, Claire.""",646.0
1719,261,1712428047497,30.0,"""They said they were innocent.",1073.0
1719,262,1712428048609,27.0,"They said they were crazy.""",1112.0
1719,263,1712428049187,15.0,"He says, ""Who?""",577.0
1719,264,1712428050155,38.0,"He says, ""What are you talking about?""",968.0
1719,265,1712428050893,21.0,"""The Maddox brothers.",738.0
1719,266,1712428052313,54.0,They killed a girl named Arlene Hubly where I grew up.,1419.0
1719,267,1712428054129,60.0,They cut off her head and threw her into the Cle Elum River.,1816.0
1719,268,1712428054987,31.0,"It happened when I was a girl.""",857.0
1719,269,1712428056001,40.0,"""You're going to get me riled,"" he says.",1014.0
1719,270,1712428056744,20.0,I look at the creek.,743.0
1719,271,1712428058857,79.0,"I'm right in it, eyes open, face down, staring at the moss on the bottom, dead.",2113.0
1719,272,1712428060302,62.0,"""I don't know what's wrong with you,"" he says on the way home.",1445.0
1719,273,1712428061268,45.0,"""You're getting me more riled by the minute.""",966.0
1719,274,1712428061911,34.0,There is nothing I can say to him.,643.0
1719,275,1712428062803,36.0,He tries to concentrate on the road.,892.0
1719,276,1712428063709,47.0,But he keeps looking into the rear-view mirror.,906.0
1719,277,1712428064559,9.0,He knows.,849.0
1719,278,1712428065273,3.0,***,714.0
1719,279,1712428066681,52.0,Stuart believes he is letting me sleep this morning.,1408.0
1719,280,1712428067870,47.0,But I was awake long before the alarm went off.,1189.0
1719,281,1712428068792,74.0,"I was thinking, lying on the far side of the bed away from his hairy legs.",922.0
1719,282,1712428070117,78.0,"He gets Dean off for school, and then he shaves, dresses, and leaves for work.",1325.0
1719,283,1712428071077,40.0,Twice he looks in and clears his throat.,960.0
1719,284,1712428071704,26.0,But I keep my eyes closed.,627.0
1719,285,1712428072525,38.0,In the kitchen I find a note from him.,821.0
1719,286,1712428073360,19.0,"It's signed ""Love.""",835.0
1719,287,1712428074785,74.0,I sit in the breakfast nook and drink coffee and leave a ring on the note.,1425.0
1719,288,1712428076372,67.0,I look at the newspaper and turn it this way and that on the table.,1587.0
1719,289,1712428077831,43.0,Then I skid it close and read what it says.,1459.0
1719,290,1712428078877,38.0,"The body has been identified, claimed.",1046.0
1719,291,1712428084080,155.0,"But it took some examining it, some putting things into it, some cutting, some weighing, some measuring, some putting things back again and sewing them in.",5203.0
1719,292,1712428085431,57.0,I sit for a long time holding the newspaper and thinking.,1351.0
1719,293,1712428086508,51.0,Then I call up to get a chair at the hairdresser's.,1077.0
1719,294,1712428087446,3.0,***,938.0
1719,295,1712428088801,75.0,I sit under the dryer with a magazine on my lap and let Marnie do my nails.,1355.0
1719,296,1712428089719,42.0,"""I am going to a funeral tomorrow,"" I say.",917.0
1719,297,1712428090385,38.0,"""I'm sorry to hear that,"" Marnie says.",665.0
1719,298,1712428091140,25.0,"""It was a murder,"" I say.",755.0
1719,299,1712428091721,37.0,"""That's the worst kind,"" Marnie says.",581.0
1719,300,1712428092557,35.0,"""We weren't all that close,"" I say.",835.0
1719,301,1712428093079,15.0,"""But you know?""",522.0
1719,302,1712428094214,45.0,"""We'll get you fixed up for it,"" Marnie says.",1135.0
1719,303,1712428095669,72.0,"That night I make my bed on the sofa, and in the morning I get up first.",1455.0
1719,304,1712428096614,50.0,I put on coffee and fix breakfast while he shaves.,945.0
1719,305,1712428097770,76.0,"He appears in the kitchen doorway, towel over his bare shoulder, appraising.",1155.0
1719,306,1712428098493,23.0,"""Here's coffee,"" I say.",723.0
1719,307,1712428099220,31.0,"""Eggs'll be ready in a minute.”",727.0
1719,308,1712428100901,37.0,"I wake Dean, and the three of us eat.",1679.0
1719,309,1712428103268,79.0,"Whenever Stuart looks at me, I ask Dean if he wants more milk, more toast, etc.",2366.0
1719,310,1712428104611,56.0,"""I'll call you today,"" Stuart says as he opens the door.",1343.0
1719,311,1712428105475,42.0,"I say, ""I don't think I'll be home today.""",863.0
1719,312,1712428105989,21.0,"""All right,"" he says.",514.0
1719,313,1712428106461,7.0,"""Sure.""",471.0
1719,314,1712428107295,18.0,I dress carefully.,834.0
1719,315,1712428108245,48.0,I try on a hat and look at myself in the mirror.,950.0
1719,316,1712428108992,28.0,I write out a note for Dean.,747.0
1719,317,1712428110436,69.0,"Honey, Mommy has things to do this afternoon, but will be back later.",1443.0
1719,318,1712428112565,61.0,You stay in or be in the backyard until one of us comes home.,2129.0
1719,319,1712428113244,11.0,"Love, Mommy",678.0
1719,320,1712428114304,48.0,I look at the word Love and then I underline it.,1059.0
1719,321,1712428115426,29.0,Then I see the word backyard.,1121.0
1719,322,1712428116706,22.0,Is it one word or two?,1280.0
1719,323,1712428117176,3.0,***,470.0
1719,324,1712428119130,121.0,"I drive through farm country, through fields of oats and sugar beets and past apple orchards, cattle grazing in pastures.",1954.0
1719,325,1712428120956,99.0,"Then everything changes, more like shacks than farmhouses and stands of timber instead of orchards.",1825.0
1719,326,1712428121998,78.0,"Then mountains, and on the right, far below, I sometimes see the Naches River.",1042.0
1719,327,1712428124823,64.0,A green pickup comes up behind me and stays behind me for miles.,2824.0
1719,328,1712428125806,55.0,"I keep slowing at the wrong times, hoping he will pass.",983.0
1719,329,1712428126651,16.0,Then I speed up.,845.0
1719,330,1712428128865,36.0,"But this is at the wrong times, too.",2214.0
1719,331,1712428129823,39.0,I grip the wheel until my fingers hurt.,958.0
1719,332,1712428130679,37.0,On a long clear stretch he goes past.,856.0
1719,333,1712428132271,73.0,"But he drives along beside for a bit, a crewcut man in a blue work shirt.",1592.0
1719,334,1712428132977,24.0,We look each other over.,706.0
1719,335,1712428134074,53.0,"Then he waves, toots his horn, and pulls on up ahead.",1097.0
1719,336,1712428135044,29.0,I slow down and find a place.,970.0
1719,337,1712428135744,35.0,I pull over and shut off the motor.,700.0
1719,338,1712428136563,42.0,I can hear the river down below the trees.,819.0
1719,339,1712428137209,35.0,Then I hear the pickup coming back.,646.0
1719,340,1712428137964,41.0,I lock the doors and roll up the windows.,755.0
1719,341,1712428138572,30.0,"""You all right?"" the man says.",607.0
1719,342,1712428139157,21.0,He raps on the glass.,585.0
1719,343,1712428139725,11.0,"""You okay?""",568.0
1719,344,1712428140776,64.0,He leans his arms on the door and brings his face to the window.,1051.0
1719,345,1712428141483,15.0,I stare at him.,707.0
1719,346,1712428142061,30.0,I can't think what else to do.,577.0
1719,347,1712428142912,34.0,"""Is everything all right in there?",851.0
1719,348,1712428143550,31.0,"How come you're all locked up?""",638.0
1719,349,1712428144250,16.0,I shake my head.,700.0
1719,350,1712428144884,24.0,"""Roll down your window.""",634.0
1719,351,1712428146089,64.0,He shakes his head and looks at the highway and then back at me.,1204.0
1719,352,1712428146599,19.0,"""Roll it down now.""",510.0
1719,353,1712428147482,32.0,"""Please,"" I say, ""I have to go.""",883.0
1719,354,1712428148258,50.0,"""Open the door,"" he says as if he isn't listening.",775.0
1719,355,1712428148836,33.0,"""You're going to choke in there.""",578.0
1719,356,1712428150350,32.0,"He looks at my breasts, my legs.",1514.0
1719,357,1712428151121,34.0,I can tell that's what he's doing.,771.0
1719,358,1712428151779,22.0,"""Hey, sugar,"" he says.",657.0
1719,359,1712428152431,31.0,"""I'm just here to help is all.""",652.0
1719,360,1712428152904,3.0,***,472.0
1719,361,1712428154303,52.0,The casket is closed and covered with floral sprays.,1399.0
1719,362,1712428155530,45.0,The organ starts up the minute I take a seat.,1226.0
1719,363,1712428157794,40.0,People are coming in and finding chairs.,2264.0
1719,364,1712428159331,63.0,There's a boy in flared pants and a yellow short-sleeved shirt.,1537.0
1719,365,1712428161058,100.0,A door opens and the family comes in in a group and moves over to a curtained place off to one side.,1727.0
1719,366,1712428162783,39.0,Chairs creak as everybody gets settled.,1724.0
1719,367,1712428164399,83.0,"Directly, a nice blond man in a nice dark suit stands and asks us to bow our heads.",1616.0
1719,368,1712428165809,105.0,"He says a prayer for us, the living, and when he finishes, he says a prayer for the soul of the departed.",1410.0
1719,369,1712428166645,43.0,Along with the others I go past the casket.,835.0
1719,370,1712428167847,66.0,Then I move out onto the front steps and into the afternoon light.,1202.0
1719,371,1712428169547,66.0,There's a woman who limps as she goes down the stairs ahead of me.,1698.0
1719,372,1712428170424,33.0,On the sidewalk she looks around.,877.0
1719,373,1712428172355,31.0,"""Well, they got him,"" she says.",1931.0
1719,374,1712428173291,27.0,"""If that's any consolation.",936.0
1719,375,1712428173952,31.0,They arrested him this morning.,660.0
1719,376,1712428175041,38.0,I heard it on the radio before I come.,1088.0
1719,377,1712428176090,26.0,"A boy right here in town.""",1049.0
1719,378,1712428177023,42.0,We move a few steps down the hot sidewalk.,931.0
1719,379,1712428177691,25.0,People are starting cars.,668.0
1719,380,1712428178660,49.0,I put out my hand and hold on to a parking meter.,968.0
1719,381,1712428179616,36.0,Polished hoods and polished fenders.,955.0
1719,382,1712428180392,14.0,My head swims.,776.0
1719,383,1712428181644,41.0,"I say, ""They have friends, these killers.",1252.0
1719,384,1712428182253,16.0,"You can't tell.""",608.0
1719,385,1712428185062,70.0,"""I have known that child since she was a little girl,"" the woman says.",2809.0
1719,386,1712428186722,93.0,"""She used to come over and I'd bake cookies for her and let her eat them in front of the TV.""",1659.0
1719,387,1712428187199,3.0,***,477.0
1719,388,1712428188547,76.0,"Back home, Stuart sits at the table with a drink of whiskey in front of him.",1347.0
1719,389,1712428189986,57.0,For a crazy instant I think something's happened to Dean.,1438.0
1719,390,1712428190452,14.0,"""Where is he?""",466.0
1719,391,1712428190934,6.0,I say.,482.0
1719,392,1712428191422,16.0,"""Where is Dean?""",487.0
1719,393,1712428192018,27.0,"""Outside,"" my husband says.",595.0
1719,394,1712428192679,34.0,He drains his glass and stands up.,661.0
1719,395,1712428194359,40.0,"He says, ""I think I know what you need.""",1680.0
1719,396,1712428197046,138.0,He reaches an arm around my waist and with his other hand he begins to unbutton my jacket and then he goes on to the buttons of my blouse.,2687.0
1719,397,1712428197822,30.0,"""First things first,"" he says.",776.0
1719,398,1712428198377,23.0,He says something else.,554.0
1719,399,1712428198964,27.0,But I don't need to listen.,586.0
1719,400,1712428200236,46.0,I can't hear a thing with so much water going.,1272.0
1719,401,1712428201065,3.0,***,828.0
1646,141,1712620192016,3.0,***,1787.0
1646,142,1712620193793,37.0,My husband eats with a good appetite.,1777.0
1646,143,1712620195931,37.0,But I don't think he's really hungry.,2138.0
1646,144,1712620200914,69.0,"He chews, arms on the table, and stares at something across the room.",4983.0
1646,145,1712620203761,30.0,He looks at me and looks away.,2847.0
1646,146,1712620205527,33.0,He wipes his mouth on the napkin.,1766.0
1646,147,1712620207338,30.0,"He shrugs, and goes on eating.",1811.0
1646,148,1712620209442,42.0,"""What are you staring at me for?"" he says.",2104.0
1646,149,1712620211445,45.0,"""What is it?"" he says and lays down his fork.",2003.0
1646,150,1712620214380,42.0,"""Was I staring?"" I say, and shake my head.",2935.0
1646,151,1712620215809,20.0,The telephone rings.,1429.0
1646,152,1712620217553,27.0,"""Don't answer it,"" he says.",1744.0
1646,153,1712620219724,33.0,"""It might be your mother,"" I say.",2171.0
1646,154,1712620220839,25.0,"""Watch and see,"" he says.",1115.0
1646,155,1712620223009,34.0,I pick up the receiver and listen.,2170.0
1646,156,1712620224337,24.0,My husband stops eating.,1328.0
1646,157,1712620226710,46.0,"""What did I tell you?"" he says when I hang up.",2373.0
1646,158,1712620227903,23.0,He starts to eat again.,1193.0
1646,159,1712620229669,36.0,Then throws his napkin on his plate.,1766.0
1646,160,1712620232931,63.0,"He says, ""Goddamn it, why can't people mind their own business?",3262.0
1646,161,1712620235058,41.0,Tell me what I did wrong and I'll listen!,2127.0
1646,162,1712620237027,28.0,I wasn't the only man there.,1969.0
1646,163,1712620238737,37.0,We talked it over and we all decided.,1710.0
1646,164,1712620240120,29.0,We couldn't just turn around.,1383.0
1646,165,1712620242156,32.0,We were five miles from the car.,2035.0
1646,166,1712620243990,34.0,I won't have you passing judgment.,1834.0
1646,167,1712620245588,13.0,"Do you hear?""",1598.0
1646,168,1712620247050,18.0,"""You know,"" I say.",1462.0
1646,169,1712620249041,33.0,"He says, ""What do I know, Claire?",1990.0
1646,170,1712620250504,34.0,Tell me what I'm supposed to know.,1463.0
1646,171,1712620252451,40.0,"I don't know anything except one thing?""",1947.0
1646,172,1712620255060,48.0,He gives me what he thinks is a meaningful look.,2609.0
1646,173,1712620256826,24.0,"""She was dead,"" he says.",1766.0
1646,174,1712620258975,33.0,"""And I'm as sorry as anyone else.",2149.0
1646,175,1712620259818,18.0,"But she was dead.""",843.0
1646,176,1712620261158,26.0,"""That's the point,"" I say.",1340.0
1646,177,1712620262463,20.0,He raises his hands.,1305.0
1646,178,1712620263801,40.0,He pushes his chair away from the table.,1338.0
1646,179,1712620268470,72.0,He takes out his cigarettes and goes out to the back with a can of beer.,4669.0
1646,180,1712620272407,64.0,I see him sit in the lawn chair and pick up the newspaper again.,3937.0
1646,181,1712620275322,39.0,His name is in there on the first page.,2914.0
1646,182,1712620276435,36.0,Along with the names of his friends.,1113.0
1646,183,1712620278605,40.0,I close my eyes and hold on to the sink.,2170.0
1646,184,1712620281846,74.0,Then I rake my arm across the drainboard and send the dishes to the floor.,3241.0
1646,185,1712620282802,16.0,He doesn't move.,956.0
1646,186,1712620285344,18.0,I know he's heard.,2542.0
1646,187,1712620287617,40.0,He lifts his head as if still listening.,2273.0
1646,188,1712620289260,30.0,But he doesn't move otherwise.,1643.0
1646,189,1712620290610,23.0,He doesn't turn around.,1350.0
1646,190,1712620291610,3.0,***,1000.0
1646,191,1712620296617,88.0,"He and Gordon Johnson and Mel Dorn and Vern Williams, they play poker and bowl and fish.",5007.0
1646,192,1712620301308,85.0,They fish every spring and early summer before visiting relatives can get in the way.,4691.0
1646,193,1712620304188,65.0,"They are decent men, family men, men who take care of their jobs.",2879.0
1646,194,1712620310375,65.0,"They have sons and daughters who go to school with our son, Dean.",6187.0
1646,195,1712620313897,55.0,Last Friday these family men left for the Naches River.,3522.0
1646,196,1712620317384,76.0,They parked the car in the mountains and hiked to where they wanted to fish.,3487.0
1646,197,1712620320366,76.0,"They carried their bedrolls, their food, their playing cards, their whiskey.",2982.0
1646,198,1712620322841,42.0,They saw the girl before they set up camp.,2475.0
1646,199,1712620324820,19.0,Mel Dorn found her.,1979.0
1646,200,1712620326148,25.0,No clothes on her at all.,1328.0
1646,201,1712620329601,64.0,She was wedged into some branches that stuck out over the water.,3453.0
1646,202,1712620334326,43.0,He called the others and they came to look.,4725.0
1646,203,1712620335597,29.0,They talked about what to do.,1271.0
1646,204,1712620343033,82.0,One of the men - my Stuart didn't say which - said they should start back at once.,7435.0
1646,205,1712620352383,86.0,"The others stirred the sand with their shoes, said they didn't feel inclined that way.",9350.0
1646,206,1712620356173,82.0,"They pleaded fatigue, the late hour, the fact that the girl wasn't going anywhere.",3790.0
1646,207,1712620358761,47.0,In the end they went ahead and set up the camp.,2588.0
1646,208,1712620360651,42.0,They built a fire and drank their whiskey.,1890.0
1646,209,1712620362294,50.0,"When the moon came up, they talked about the girl.",1643.0
1646,210,1712620365095,59.0,Someone said they should -keep the body from drifting away.,2801.0
1646,211,1712620366928,55.0,They took their flashlights and went back to the river.,1833.0
1646,212,1712620370258,66.0,One of the men - it might have been Stuart - waded in and got her.,3330.0
1646,213,1712620372789,53.0,He took her by the fingers and pulled her into shore.,2531.0
1646,214,1712620376457,87.0,He got some nylon cord and tied it to her wrist and then looped the rest around a tree.,3668.0
1646,215,1712620380406,99.0,"The next morning they cooked breakfast, drank coffee, and drank whiskey, and then split up to fish.",3949.0
1646,216,1712620388754,182.0,"That night they cooked fish, cooked potatoes, drank coffee, drank whiskey, then took their cooking things and eating things back down to the river and washed them where the girl was.",8348.0
1646,217,1712620390305,32.0,They played some cards later on.,1551.0
1646,218,1712620393320,55.0,Maybe they played until they couldn't see them anymore.,3014.0
1646,219,1712620394603,28.0,Vern Williams went to sleep.,1283.0
1646,220,1712620396042,28.0,But the others told stories.,1439.0
1646,221,1712620400645,100.0,Gordon Johnson said the trout they'd caught were hard because of the terrible coldness of the water.,4602.0
1646,222,1712620410387,154.0,"The next morning they got up late, drank whiskey, fished a little, took down their tents, rolled their sleeping bags, gathered their stuff, and hiked out.",9741.0
1646,223,1712620418880,41.0,They drove until they got to a telephone.,8493.0
1646,224,1712620423313,86.0,It was Stuart who made the call while the others stood around in the sun and listened.,4433.0
1646,225,1712620424899,32.0,He gave the sheriff their names.,1586.0
1646,226,1712620425956,25.0,They had nothing to hide.,1057.0
1646,227,1712620426935,21.0,They weren't ashamed.,979.0
1646,228,1712620432312,100.0,They said they'd wait until someone could come for better directions and take down their statements.,5377.0
1646,229,1712620433066,3.0,***,754.0
1646,230,1712620434135,30.0,I was asleep when he got home.,1069.0
1646,231,1712620437555,46.0,But I woke up when I heard him in the kitchen.,3419.0
1646,232,1712620440086,64.0,I found him leaning against the refrigerator with a can of beer.,2531.0
1646,233,1712620444519,68.0,He put his heavy arms around me and rubbed his big hands on my back.,4432.0
1646,234,1712620449773,85.0,In bed he put his hands on me again and then waited as if thinking of something else.,5254.0
1646,235,1712620450673,28.0,I turned and opened my legs.,900.0
1646,236,1712620452259,36.0,"Afterwards, I think he stayed awake.",1585.0
1646,237,1712620454812,53.0,He was up that morning before I could get out of bed.,2553.0
1646,238,1712620457309,54.0,"To see if there was something in the paper, I suppose.",2497.0
1646,239,1712620460449,46.0,The telephone began ringing right after eight.,3140.0
1646,240,1712620461776,13.0,"""Go to hell!""",1327.0
1646,241,1712620462833,18.0,I heard him shout.,1057.0
1646,242,1712620463801,31.0,The telephone rang right again.,968.0
1646,243,1712620468369,59.0,"""I have nothing to add to what I already told the sheriff!""",4568.0
1646,244,1712620480406,29.0,He slammed the receiver down.,12037.0
1646,245,1712620481373,27.0,"""What is going on?"" I said.",967.0
1646,246,1712620486143,49.0,It was then that he told me what I just told you.,4770.0
1646,247,1712620486717,3.0,***,574.0
1646,248,1712620488798,44.0,I sweep up the broken dishes and go outside.,2081.0
1646,249,1712620499778,85.0,"He is lying on his back on the grass now, the newspaper and can of beer within reach.",10980.0
1646,250,1712620501421,41.0,"""Stuart, could we go for a drive?"" I say.",1643.0
1646,251,1712620502557,30.0,He rolls over and looks at me.,1136.0
1646,252,1712620504008,37.0,"""We'll pick up some beer,"" he says...",1451.0
1646,253,1712620507574,62.0,He gets to his feet and touches me on the hip as he goes past.,3566.0
1646,254,1712620508778,28.0,"""Give me a minute,"" he says.",1204.0
1646,255,1712620510398,39.0,We drive through town without speaking.,1620.0
1646,256,1712620512468,39.0,He stops at a roadside market for beer.,2070.0
1646,257,1712620514032,54.0,I notice a great stack of papers just inside the door.,1564.0
1646,258,1712620519297,89.0,On the top step a fat woman in a print dress holds out a licorice stick to a little girl.,5265.0
1646,259,1712620522087,66.0,"Later on, we cross Everson Creek and turn into the picnic grounds.",2790.0
1646,260,1712620525326,79.0,The creek runs under the bridge and into a large pond a few hundred yards away.,3239.0
1646,261,1712620527183,28.0,I can see the men out there.,1857.0
1646,262,1712620528814,33.0,I can see them out there fishing.,1631.0
1646,263,1712620530715,31.0,So much water so close to home.,1901.0
1646,264,1712620532853,43.0,"I say, ""Why did you have to go miles away?""",2138.0
1646,265,1712620534844,25.0,"""Don't rile me,"" he says.",1991.0
1646,266,1712620536272,29.0,We sit on a bench in the sun.,1428.0
1646,267,1712620538253,25.0,He opens us cans of beer.,1981.0
1646,268,1712620539704,25.0,"He says, ""Relax, Claire.""",1451.0
1646,269,1712620541808,30.0,"""They said they were innocent.",2104.0
1646,270,1712620544069,27.0,"They said they were crazy.""",2260.0
1646,271,1712620544834,15.0,"He says, ""Who?""",765.0
1646,272,1712620546465,38.0,"He says, ""What are you talking about?""",1631.0
1646,273,1712620547613,21.0,"""The Maddox brothers.",1148.0
1646,274,1712620551865,54.0,They killed a girl named Arlene Hubly where I grew up.,4252.0
1646,275,1712620554137,60.0,They cut off her head and threw her into the Cle Elum River.,2272.0
1646,276,1712620555701,31.0,"It happened when I was a girl.""",1564.0
1646,277,1712620557479,40.0,"""You're going to get me riled,"" he says.",1778.0
1646,278,1712620558999,20.0,I look at the creek.,1520.0
1646,279,1712620564127,79.0,"I'm right in it, eyes open, face down, staring at the moss on the bottom, dead.",5127.0
1646,280,1712620566302,62.0,"""I don't know what's wrong with you,"" he says on the way home.",2175.0
1646,281,1712620567890,45.0,"""You're getting me more riled by the minute.""",1588.0
1646,282,1712620569433,34.0,There is nothing I can say to him.,1543.0
1646,283,1712620571415,36.0,He tries to concentrate on the road.,1982.0
1646,284,1712620573082,47.0,But he keeps looking into the rear-view mirror.,1667.0
1646,285,1712620573689,9.0,He knows.,607.0
1646,286,1712620574579,3.0,***,890.0
1646,287,1712620576921,52.0,Stuart believes he is letting me sleep this morning.,2342.0
1646,288,1712620578744,47.0,But I was awake long before the alarm went off.,1823.0
1646,289,1712620584373,74.0,"I was thinking, lying on the far side of the bed away from his hairy legs.",5629.0
1646,290,1712620589459,78.0,"He gets Dean off for school, and then he shaves, dresses, and leaves for work.",5086.0
1646,291,1712620591631,40.0,Twice he looks in and clears his throat.,2172.0
1646,292,1712620592688,26.0,But I keep my eyes closed.,1057.0
1646,293,1712620594467,38.0,In the kitchen I find a note from him.,1779.0
1646,294,1712620595693,19.0,"It's signed ""Love.""",1226.0
1646,295,1712620602276,74.0,I sit in the breakfast nook and drink coffee and leave a ring on the note.,6583.0
1646,296,1712620604976,67.0,I look at the newspaper and turn it this way and that on the table.,2700.0
1646,297,1712620606911,43.0,Then I skid it close and read what it says.,1935.0
1646,298,1712620608295,38.0,"The body has been identified, claimed.",1384.0
1646,299,1712620614607,155.0,"But it took some examining it, some putting things into it, some cutting, some weighing, some measuring, some putting things back again and sewing them in.",6312.0
1646,300,1712620617374,57.0,I sit for a long time holding the newspaper and thinking.,2767.0
1646,301,1712620621087,51.0,Then I call up to get a chair at the hairdresser's.,3713.0
1646,302,1712620622359,3.0,***,1271.0
1646,303,1712620626453,75.0,I sit under the dryer with a magazine on my lap and let Marnie do my nails.,4094.0
1646,304,1712620630155,42.0,"""I am going to a funeral tomorrow,"" I say.",3702.0
1646,305,1712620631291,38.0,"""I'm sorry to hear that,"" Marnie says.",1136.0
1646,306,1712620632044,25.0,"""It was a murder,"" I say.",753.0
1646,307,1712620633620,37.0,"""That's the worst kind,"" Marnie says.",1576.0
1646,308,1712620635386,35.0,"""We weren't all that close,"" I say.",1766.0
1646,309,1712620636027,15.0,"""But you know?""",641.0
1646,310,1712620638187,45.0,"""We'll get you fixed up for it,"" Marnie says.",2160.0
1646,311,1712620641078,72.0,"That night I make my bed on the sofa, and in the morning I get up first.",2891.0
1646,312,1712620644149,50.0,I put on coffee and fix breakfast while he shaves.,3071.0
1646,313,1712620646309,76.0,"He appears in the kitchen doorway, towel over his bare shoulder, appraising.",2160.0
1646,314,1712620647648,23.0,"""Here's coffee,"" I say.",1339.0
1646,315,1712620649425,31.0,"""Eggs'll be ready in a minute.”",1777.0
1646,316,1712620652722,37.0,"I wake Dean, and the three of us eat.",3297.0
1646,317,1712620662701,79.0,"Whenever Stuart looks at me, I ask Dean if he wants more milk, more toast, etc.",9979.0
1646,318,1712620673737,56.0,"""I'll call you today,"" Stuart says as he opens the door.",11036.0
1646,319,1712620675761,42.0,"I say, ""I don't think I'll be home today.""",2024.0
1646,320,1712620676493,21.0,"""All right,"" he says.",732.0
1646,321,1712620677258,7.0,"""Sure.""",765.0
1646,322,1712620678113,18.0,I dress carefully.,855.0
1646,323,1712620680149,48.0,I try on a hat and look at myself in the mirror.,2036.0
1646,324,1712620681353,28.0,I write out a note for Dean.,1204.0
1646,325,1712620683793,69.0,"Honey, Mommy has things to do this afternoon, but will be back later.",2440.0
1646,326,1712620686629,61.0,You stay in or be in the backyard until one of us comes home.,2836.0
1646,327,1712620687518,11.0,"Love, Mommy",889.0
1646,328,1712620689834,48.0,I look at the word Love and then I underline it.,2316.0
1646,329,1712620691422,29.0,Then I see the word backyard.,1588.0
1646,330,1712620694065,22.0,Is it one word or two?,2643.0
1646,331,1712620695067,3.0,***,1002.0
1646,332,1712620702593,121.0,"I drive through farm country, through fields of oats and sugar beets and past apple orchards, cattle grazing in pastures.",7526.0
1646,333,1712620706991,99.0,"Then everything changes, more like shacks than farmhouses and stands of timber instead of orchards.",4398.0
1646,334,1712620711233,78.0,"Then mountains, and on the right, far below, I sometimes see the Naches River.",4242.0
1646,335,1712620713921,64.0,A green pickup comes up behind me and stays behind me for miles.,2688.0
1646,336,1712620716779,55.0,"I keep slowing at the wrong times, hoping he will pass.",2858.0
1646,337,1712620717408,16.0,Then I speed up.,629.0
1646,338,1712620718433,36.0,"But this is at the wrong times, too.",1025.0
1646,339,1712620719614,39.0,I grip the wheel until my fingers hurt.,1181.0
1646,340,1712620721245,37.0,On a long clear stretch he goes past.,1631.0
1646,341,1712620725700,73.0,"But he drives along beside for a bit, a crewcut man in a blue work shirt.",4455.0
1646,342,1712620727173,24.0,We look each other over.,1473.0
1646,343,1712620730323,53.0,"Then he waves, toots his horn, and pulls on up ahead.",3149.0
1646,344,1712620731662,29.0,I slow down and find a place.,1339.0
1646,345,1712620733541,35.0,I pull over and shut off the motor.,1879.0
1646,346,1712620735746,42.0,I can hear the river down below the trees.,2204.0
1646,347,1712620737512,35.0,Then I hear the pickup coming back.,1766.0
1646,348,1712620738716,41.0,I lock the doors and roll up the windows.,1204.0
1646,349,1712620739672,30.0,"""You all right?"" the man says.",956.0
1646,350,1712620740887,21.0,He raps on the glass.,1215.0
1646,351,1712620741618,11.0,"""You okay?""",731.0
1646,352,1712620744622,64.0,He leans his arms on the door and brings his face to the window.,3004.0
1646,353,1712620745488,15.0,I stare at him.,866.0
1646,354,1712620746861,30.0,I can't think what else to do.,1372.0
1646,355,1712620747682,34.0,"""Is everything all right in there?",821.0
1646,356,1712620749089,31.0,"How come you're all locked up?""",1406.0
1646,357,1712620749651,16.0,I shake my head.,561.0
1646,358,1712620750281,24.0,"""Roll down your window.""",630.0
1646,359,1712620752103,64.0,He shakes his head and looks at the highway and then back at me.,1822.0
1646,360,1712620752801,19.0,"""Roll it down now.""",698.0
1646,361,1712620754511,32.0,"""Please,"" I say, ""I have to go.""",1710.0
1646,362,1712620756165,50.0,"""Open the door,"" he says as if he isn't listening.",1654.0
1646,363,1712620758955,33.0,"""You're going to choke in there.""",2790.0
1646,364,1712620761395,32.0,"He looks at my breasts, my legs.",2440.0
1646,365,1712620762903,34.0,I can tell that's what he's doing.,1508.0
1646,366,1712620764028,22.0,"""Hey, sugar,"" he says.",1125.0
1646,367,1712620765659,31.0,"""I'm just here to help is all.""",1631.0
1646,368,1712620768550,3.0,***,2890.0
1646,369,1712620770081,52.0,The casket is closed and covered with floral sprays.,1531.0
1646,370,1712620775401,45.0,The organ starts up the minute I take a seat.,5320.0
1646,371,1712620776516,40.0,People are coming in and finding chairs.,1115.0
1646,372,1712620781297,63.0,There's a boy in flared pants and a yellow short-sleeved shirt.,4781.0
1646,373,1712620795348,100.0,A door opens and the family comes in in a group and moves over to a curtained place off to one side.,14050.0
1646,374,1712620798632,39.0,Chairs creak as everybody gets settled.,3284.0
1646,375,1712620801850,83.0,"Directly, a nice blond man in a nice dark suit stands and asks us to bow our heads.",3218.0
1646,376,1712620808476,105.0,"He says a prayer for us, the living, and when he finishes, he says a prayer for the soul of the departed.",6626.0
1646,377,1712620812773,43.0,Along with the others I go past the casket.,4297.0
1646,378,1712620816801,66.0,Then I move out onto the front steps and into the afternoon light.,4028.0
1646,379,1712620821279,66.0,There's a woman who limps as she goes down the stairs ahead of me.,4478.0
1646,380,1712620822549,33.0,On the sidewalk she looks around.,1270.0
1646,381,1712620823618,31.0,"""Well, they got him,"" she says.",1068.0
1646,382,1712620825317,27.0,"""If that's any consolation.",1699.0
1646,383,1712620826161,31.0,They arrested him this morning.,844.0
1646,384,1712620830537,38.0,I heard it on the radio before I come.,4376.0
1646,385,1712620833451,26.0,"A boy right here in town.""",2914.0
1646,386,1712620835847,42.0,We move a few steps down the hot sidewalk.,2396.0
1646,387,1712620837163,25.0,People are starting cars.,1316.0
1646,388,1712621025452,49.0,I put out my hand and hold on to a parking meter.,188288.0
1646,389,1712621034664,36.0,Polished hoods and polished fenders.,9212.0
1646,390,1712621035768,14.0,My head swims.,1104.0
1646,391,1712621038535,41.0,"I say, ""They have friends, these killers.",2767.0
1646,392,1712621039243,16.0,"You can't tell.""",708.0
1646,393,1712621041888,70.0,"""I have known that child since she was a little girl,"" the woman says.",2645.0
1646,394,1712621047817,93.0,"""She used to come over and I'd bake cookies for her and let her eat them in front of the TV.""",5929.0
1646,395,1712621048919,3.0,***,1102.0
1646,396,1712621051586,76.0,"Back home, Stuart sits at the table with a drink of whiskey in front of him.",2666.0
1646,397,1712621054308,57.0,For a crazy instant I think something's happened to Dean.,2722.0
1646,398,1712621055006,14.0,"""Where is he?""",698.0
1646,399,1712621055714,6.0,I say.,708.0
1646,400,1712621056400,16.0,"""Where is Dean?""",686.0
1646,401,1712621057176,27.0,"""Outside,"" my husband says.",775.0
1646,402,1712621059337,34.0,He drains his glass and stands up.,2161.0
1646,403,1712621070463,40.0,"He says, ""I think I know what you need.""",11126.0
1646,404,1712621079406,138.0,He reaches an arm around my waist and with his other hand he begins to unbutton my jacket and then he goes on to the buttons of my blouse.,8943.0
1646,405,1712621080779,30.0,"""First things first,"" he says.",1373.0
1646,406,1712621083929,23.0,He says something else.,3150.0
1646,407,1712621084975,27.0,But I don't need to listen.,1046.0
1646,408,1712621087473,46.0,I can't hear a thing with so much water going.,2498.0
1646,409,1712621088249,3.0,***,776.0
1715,78,1712428706661,3.0,***,15863.0
1715,79,1712428712081,37.0,My husband eats with a good appetite.,5420.0
1715,80,1712428715246,37.0,But I don't think he's really hungry.,3165.0
1715,81,1712428721561,69.0,"He chews, arms on the table, and stares at something across the room.",6315.0
1715,82,1712428724732,30.0,He looks at me and looks away.,3171.0
1715,83,1712428727693,33.0,He wipes his mouth on the napkin.,2961.0
1715,84,1712428730361,30.0,"He shrugs, and goes on eating.",2668.0
1715,85,1712428733952,42.0,"""What are you staring at me for?"" he says.",3591.0
1715,86,1712428737625,45.0,"""What is it?"" he says and lays down his fork.",3673.0
1715,87,1712428740550,42.0,"""Was I staring?"" I say, and shake my head.",2925.0
1715,88,1712428742256,20.0,The telephone rings.,1706.0
1715,89,1712428744358,27.0,"""Don't answer it,"" he says.",2102.0
1715,90,1712428746949,33.0,"""It might be your mother,"" I say.",2591.0
1715,91,1712428749525,25.0,"""Watch and see,"" he says.",2576.0
1715,92,1712428751631,34.0,I pick up the receiver and listen.,2105.0
1715,93,1712428753873,24.0,My husband stops eating.,2242.0
1715,94,1712428757016,46.0,"""What did I tell you?"" he says when I hang up.",3143.0
1715,95,1712428759032,23.0,He starts to eat again.,2015.0
1715,96,1712428761930,36.0,Then throws his napkin on his plate.,2898.0
1715,97,1712428766504,63.0,"He says, ""Goddamn it, why can't people mind their own business?",4573.0
1715,98,1712428769912,41.0,Tell me what I did wrong and I'll listen!,3407.0
1715,99,1712428776163,28.0,I wasn't the only man there.,6249.0
1715,100,1712428779263,37.0,We talked it over and we all decided.,3100.0
1715,101,1712428784050,29.0,We couldn't just turn around.,4787.0
1715,102,1712428786559,32.0,We were five miles from the car.,2509.0
1715,103,1712428789697,34.0,I won't have you passing judgment.,3138.0
1715,104,1712428791359,13.0,"Do you hear?""",1662.0
1715,105,1712428793113,18.0,"""You know,"" I say.",1754.0
1715,106,1712428796025,33.0,"He says, ""What do I know, Claire?",2911.0
1715,107,1712428798241,34.0,Tell me what I'm supposed to know.,2215.0
1715,108,1712428800504,40.0,"I don't know anything except one thing?""",2263.0
1715,109,1712428803122,48.0,He gives me what he thinks is a meaningful look.,2617.0
1715,110,1712428807051,24.0,"""She was dead,"" he says.",3928.0
1715,111,1712428811019,33.0,"""And I'm as sorry as anyone else.",3968.0
1715,112,1712428813648,18.0,"But she was dead.""",2627.0
1715,113,1712428815224,26.0,"""That's the point,"" I say.",1576.0
1715,114,1712428817253,20.0,He raises his hands.,2028.0
1715,115,1712428819499,40.0,He pushes his chair away from the table.,2245.0
1715,116,1712428824182,72.0,He takes out his cigarettes and goes out to the back with a can of beer.,4682.0
1715,117,1712428827620,64.0,I see him sit in the lawn chair and pick up the newspaper again.,3438.0
1715,118,1712428831134,39.0,His name is in there on the first page.,3514.0
1715,119,1712428833571,36.0,Along with the names of his friends.,2437.0
1715,120,1712428839212,40.0,I close my eyes and hold on to the sink.,5640.0
1715,121,1712428843477,74.0,Then I rake my arm across the drainboard and send the dishes to the floor.,4265.0
1715,122,1712428845664,16.0,He doesn't move.,2187.0
1715,123,1712428849266,18.0,I know he's heard.,3602.0
1715,124,1712428853781,40.0,He lifts his head as if still listening.,4513.0
1715,125,1712428855535,30.0,But he doesn't move otherwise.,1754.0
1715,126,1712428857709,23.0,He doesn't turn around.,2174.0
1715,127,1712428859743,3.0,***,2034.0
1715,128,1712428870245,88.0,"He and Gordon Johnson and Mel Dorn and Vern Williams, they play poker and bowl and fish.",10501.0
1715,129,1712428876970,85.0,They fish every spring and early summer before visiting relatives can get in the way.,6725.0
1715,130,1712428880583,65.0,"They are decent men, family men, men who take care of their jobs.",3613.0
1715,131,1712428883064,65.0,"They have sons and daughters who go to school with our son, Dean.",2481.0
1715,132,1712428889447,55.0,Last Friday these family men left for the Naches River.,6383.0
1715,133,1712428892506,76.0,They parked the car in the mountains and hiked to where they wanted to fish.,3059.0
1715,134,1712428896294,76.0,"They carried their bedrolls, their food, their playing cards, their whiskey.",3788.0
1715,135,1712428900279,42.0,They saw the girl before they set up camp.,3985.0
1715,136,1712428902800,19.0,Mel Dorn found her.,2521.0
1715,137,1712428904782,25.0,No clothes on her at all.,1981.0
1715,138,1712428907945,64.0,She was wedged into some branches that stuck out over the water.,3163.0
1715,139,1712428910489,43.0,He called the others and they came to look.,2544.0
1715,140,1712428912570,29.0,They talked about what to do.,2080.0
1715,141,1712428912792,82.0,One of the men - my Stuart didn't say which - said they should start back at once.,222.0
1715,142,1712428916462,86.0,"The others stirred the sand with their shoes, said they didn't feel inclined that way.",3670.0
1715,143,1712428924885,82.0,"They pleaded fatigue, the late hour, the fact that the girl wasn't going anywhere.",8422.0
1715,144,1712428927208,47.0,In the end they went ahead and set up the camp.,2323.0
1715,145,1712428929019,42.0,They built a fire and drank their whiskey.,1811.0
1715,146,1712428931414,50.0,"When the moon came up, they talked about the girl.",2395.0
1715,147,1712428935050,59.0,Someone said they should -keep the body from drifting away.,3636.0
1715,148,1712428937351,55.0,They took their flashlights and went back to the river.,2301.0
1715,149,1712428941241,66.0,One of the men - it might have been Stuart - waded in and got her.,3889.0
1715,150,1712428944561,53.0,He took her by the fingers and pulled her into shore.,3320.0
1715,151,1712428951187,87.0,He got some nylon cord and tied it to her wrist and then looped the rest around a tree.,6626.0
1715,152,1712428955381,99.0,"The next morning they cooked breakfast, drank coffee, and drank whiskey, and then split up to fish.",4194.0
1715,153,1712428971067,182.0,"That night they cooked fish, cooked potatoes, drank coffee, drank whiskey, then took their cooking things and eating things back down to the river and washed them where the girl was.",15686.0
1715,154,1712428973278,32.0,They played some cards later on.,2210.0
1715,155,1712428977518,55.0,Maybe they played until they couldn't see them anymore.,4240.0
1715,156,1712428979089,28.0,Vern Williams went to sleep.,1570.0
1715,157,1712428980265,28.0,But the others told stories.,1176.0
1715,158,1712428986158,100.0,Gordon Johnson said the trout they'd caught were hard because of the terrible coldness of the water.,5892.0
1715,159,1712428992814,154.0,"The next morning they got up late, drank whiskey, fished a little, took down their tents, rolled their sleeping bags, gathered their stuff, and hiked out.",6656.0
1715,160,1712428995093,41.0,They drove until they got to a telephone.,2279.0
1715,161,1712429000815,86.0,It was Stuart who made the call while the others stood around in the sun and listened.,5722.0
1715,162,1712429003408,32.0,He gave the sheriff their names.,2593.0
1715,163,1712429005256,25.0,They had nothing to hide.,1848.0
1715,164,1712429007201,21.0,They weren't ashamed.,1945.0
1715,165,1712429012106,100.0,They said they'd wait until someone could come for better directions and take down their statements.,4905.0
1715,166,1712429013521,3.0,***,1414.0
1715,167,1712429016885,30.0,I was asleep when he got home.,3364.0
1715,168,1712429020181,46.0,But I woke up when I heard him in the kitchen.,3296.0
1715,169,1712429022883,64.0,I found him leaning against the refrigerator with a can of beer.,2702.0
1715,170,1712429026643,68.0,He put his heavy arms around me and rubbed his big hands on my back.,3760.0
1715,171,1712429034619,85.0,In bed he put his hands on me again and then waited as if thinking of something else.,7976.0
1715,172,1712429038899,28.0,I turned and opened my legs.,4280.0
1715,173,1712429041780,36.0,"Afterwards, I think he stayed awake.",2880.0
1715,174,1712429046687,53.0,He was up that morning before I could get out of bed.,4907.0
1715,175,1712429051065,54.0,"To see if there was something in the paper, I suppose.",4378.0
1715,176,1712429053997,46.0,The telephone began ringing right after eight.,2932.0
1715,177,1712429055680,13.0,"""Go to hell!""",1682.0
1715,178,1712429056929,18.0,I heard him shout.,1249.0
1715,179,1712429059427,31.0,The telephone rang right again.,2498.0
1715,180,1712429063355,59.0,"""I have nothing to add to what I already told the sheriff!""",3928.0
1715,181,1712429064802,29.0,He slammed the receiver down.,1447.0
1715,182,1712429066147,27.0,"""What is going on?"" I said.",1345.0
1715,183,1712429068953,49.0,It was then that he told me what I just told you.,2806.0
1715,184,1712429069922,3.0,***,969.0
1715,185,1712429074702,44.0,I sweep up the broken dishes and go outside.,4780.0
1715,186,1712429079047,85.0,"He is lying on his back on the grass now, the newspaper and can of beer within reach.",4345.0
1715,187,1712429081966,41.0,"""Stuart, could we go for a drive?"" I say.",2919.0
1715,188,1712429083849,30.0,He rolls over and looks at me.,1882.0
1715,189,1712429086762,37.0,"""We'll pick up some beer,"" he says...",2913.0
1715,190,1712429092357,62.0,He gets to his feet and touches me on the hip as he goes past.,5595.0
1715,191,1712429094170,28.0,"""Give me a minute,"" he says.",1813.0
1715,192,1712429097396,39.0,We drive through town without speaking.,3225.0
1715,193,1712429099111,39.0,He stops at a roadside market for beer.,1715.0
1715,194,1712429101299,54.0,I notice a great stack of papers just inside the door.,2188.0
1715,195,1712429105866,89.0,On the top step a fat woman in a print dress holds out a licorice stick to a little girl.,4567.0
1715,196,1712429109533,66.0,"Later on, we cross Everson Creek and turn into the picnic grounds.",3666.0
1715,197,1712429119469,79.0,The creek runs under the bridge and into a large pond a few hundred yards away.,9936.0
1715,198,1712429123111,28.0,I can see the men out there.,3642.0
1715,199,1712429126918,33.0,I can see them out there fishing.,3807.0
1715,200,1712429131396,31.0,So much water so close to home.,4478.0
1715,201,1712429136117,43.0,"I say, ""Why did you have to go miles away?""",4720.0
1715,202,1712429138118,25.0,"""Don't rile me,"" he says.",2001.0
1715,203,1712429140896,29.0,We sit on a bench in the sun.,2778.0
1715,204,1712429143414,25.0,He opens us cans of beer.,2518.0
1715,205,1712429145409,25.0,"He says, ""Relax, Claire.""",1995.0
1715,206,1712429147275,30.0,"""They said they were innocent.",1866.0
1715,207,1712429150035,27.0,"They said they were crazy.""",2760.0
1715,208,1712429153974,15.0,"He says, ""Who?""",3938.0
1715,209,1712429155846,38.0,"He says, ""What are you talking about?""",1872.0
1715,210,1712429156958,21.0,"""The Maddox brothers.",1112.0
1715,211,1712429163399,54.0,They killed a girl named Arlene Hubly where I grew up.,6441.0
1715,212,1712429167316,60.0,They cut off her head and threw her into the Cle Elum River.,3916.0
1715,213,1712429171028,31.0,"It happened when I was a girl.""",3712.0
1715,214,1712429174206,40.0,"""You're going to get me riled,"" he says.",3178.0
1715,215,1712429176479,20.0,I look at the creek.,2273.0
1715,216,1712429180636,79.0,"I'm right in it, eyes open, face down, staring at the moss on the bottom, dead.",4157.0
1715,217,1712429184739,62.0,"""I don't know what's wrong with you,"" he says on the way home.",4103.0
1715,218,1712429187940,45.0,"""You're getting me more riled by the minute.""",3201.0
1715,219,1712429189907,34.0,There is nothing I can say to him.,1967.0
1715,220,1712429192134,36.0,He tries to concentrate on the road.,2227.0
1715,221,1712429194284,47.0,But he keeps looking into the rear-view mirror.,2149.0
1715,222,1712429195358,9.0,He knows.,1074.0
1715,223,1712429196179,3.0,***,820.0
1715,224,1712429199244,52.0,Stuart believes he is letting me sleep this morning.,3065.0
1715,225,1712429203954,47.0,But I was awake long before the alarm went off.,4710.0
1715,226,1712429208606,74.0,"I was thinking, lying on the far side of the bed away from his hairy legs.",4652.0
1715,227,1712429215140,78.0,"He gets Dean off for school, and then he shaves, dresses, and leaves for work.",6534.0
1715,228,1712429217763,40.0,Twice he looks in and clears his throat.,2623.0
1715,229,1712429220355,26.0,But I keep my eyes closed.,2591.0
1715,230,1712429223260,38.0,In the kitchen I find a note from him.,2905.0
1715,231,1712429226140,19.0,"It's signed ""Love.""",2880.0
1715,232,1712429230095,74.0,I sit in the breakfast nook and drink coffee and leave a ring on the note.,3955.0
1715,233,1712429234355,67.0,I look at the newspaper and turn it this way and that on the table.,4260.0
1715,234,1712429238764,43.0,Then I skid it close and read what it says.,4408.0
1715,235,1712429240823,38.0,"The body has been identified, claimed.",2058.0
1715,236,1712429248614,155.0,"But it took some examining it, some putting things into it, some cutting, some weighing, some measuring, some putting things back again and sewing them in.",7791.0
1715,237,1712429251514,57.0,I sit for a long time holding the newspaper and thinking.,2900.0
1715,238,1712429254149,51.0,Then I call up to get a chair at the hairdresser's.,2635.0
1715,239,1712429254936,3.0,***,787.0
1715,240,1712429262167,75.0,I sit under the dryer with a magazine on my lap and let Marnie do my nails.,7231.0
1715,241,1712429263898,42.0,"""I am going to a funeral tomorrow,"" I say.",1731.0
1715,242,1712429265776,38.0,"""I'm sorry to hear that,"" Marnie says.",1877.0
1715,243,1712429267427,25.0,"""It was a murder,"" I say.",1651.0
1715,244,1712429268875,37.0,"""That's the worst kind,"" Marnie says.",1448.0
1715,245,1712429272027,35.0,"""We weren't all that close,"" I say.",3152.0
1715,246,1712429273490,15.0,"""But you know?""",1463.0
1715,247,1712429277359,45.0,"""We'll get you fixed up for it,"" Marnie says.",3869.0
1715,248,1712429280648,72.0,"That night I make my bed on the sofa, and in the morning I get up first.",3289.0
1715,249,1712429283684,50.0,I put on coffee and fix breakfast while he shaves.,3036.0
1715,250,1712429290386,76.0,"He appears in the kitchen doorway, towel over his bare shoulder, appraising.",6702.0
1715,251,1712429293046,23.0,"""Here's coffee,"" I say.",2660.0
1715,252,1712429294634,31.0,"""Eggs'll be ready in a minute.”",1588.0
1715,253,1712429296931,37.0,"I wake Dean, and the three of us eat.",2296.0
1715,254,1712429301176,79.0,"Whenever Stuart looks at me, I ask Dean if he wants more milk, more toast, etc.",4244.0
1715,255,1712429304360,56.0,"""I'll call you today,"" Stuart says as he opens the door.",3184.0
1715,256,1712429306771,42.0,"I say, ""I don't think I'll be home today.""",2411.0
1715,257,1712429308121,21.0,"""All right,"" he says.",1350.0
1715,258,1712429309262,7.0,"""Sure.""",1141.0
1715,259,1712429310532,18.0,I dress carefully.,1270.0
1715,260,1712429313403,48.0,I try on a hat and look at myself in the mirror.,2871.0
1715,261,1712429316230,28.0,I write out a note for Dean.,2827.0
1715,262,1712429320871,69.0,"Honey, Mommy has things to do this afternoon, but will be back later.",4641.0
1715,263,1712429324478,61.0,You stay in or be in the backyard until one of us comes home.,3607.0
1715,264,1712429325890,11.0,"Love, Mommy",1412.0
1715,265,1712429332995,48.0,I look at the word Love and then I underline it.,7105.0
1715,266,1712429336237,29.0,Then I see the word backyard.,3242.0
1715,267,1712429338676,22.0,Is it one word or two?,2439.0
1715,268,1712429339438,3.0,***,762.0
1715,269,1712429347146,121.0,"I drive through farm country, through fields of oats and sugar beets and past apple orchards, cattle grazing in pastures.",7708.0
1715,270,1712429353090,99.0,"Then everything changes, more like shacks than farmhouses and stands of timber instead of orchards.",5944.0
1715,271,1712429356666,78.0,"Then mountains, and on the right, far below, I sometimes see the Naches River.",3576.0
1715,272,1712429356944,64.0,A green pickup comes up behind me and stays behind me for miles.,278.0
1715,273,1712429362031,55.0,"I keep slowing at the wrong times, hoping he will pass.",5087.0
1715,274,1712429363244,16.0,Then I speed up.,1213.0
1715,275,1712429367124,36.0,"But this is at the wrong times, too.",3879.0
1715,276,1712429369134,39.0,I grip the wheel until my fingers hurt.,2010.0
1715,277,1712429373196,37.0,On a long clear stretch he goes past.,4062.0
1715,278,1712429377123,73.0,"But he drives along beside for a bit, a crewcut man in a blue work shirt.",3927.0
1715,279,1712429379292,24.0,We look each other over.,2168.0
1715,280,1712429382745,53.0,"Then he waves, toots his horn, and pulls on up ahead.",3453.0
1715,281,1712429384116,29.0,I slow down and find a place.,1370.0
1715,282,1712429385843,35.0,I pull over and shut off the motor.,1727.0
1715,283,1712429388458,42.0,I can hear the river down below the trees.,2615.0
1715,284,1712429392727,35.0,Then I hear the pickup coming back.,4269.0
1715,285,1712429395988,41.0,I lock the doors and roll up the windows.,3260.0
1715,286,1712429397409,30.0,"""You all right?"" the man says.",1419.0
1715,287,1712429398779,21.0,He raps on the glass.,1370.0
1715,288,1712429399591,11.0,"""You okay?""",811.0
1715,289,1712429403645,64.0,He leans his arms on the door and brings his face to the window.,4054.0
1715,290,1712429404691,15.0,I stare at him.,1045.0
1715,291,1712429406785,30.0,I can't think what else to do.,2094.0
1715,292,1712429408102,34.0,"""Is everything all right in there?",1317.0
1715,293,1712429410236,31.0,"How come you're all locked up?""",2134.0
1715,294,1712429411330,16.0,I shake my head.,1094.0
1715,295,1712429412359,24.0,"""Roll down your window.""",1029.0
1715,296,1712429415924,64.0,He shakes his head and looks at the highway and then back at me.,3565.0
1715,297,1712429417381,19.0,"""Roll it down now.""",1457.0
1715,298,1712429421198,32.0,"""Please,"" I say, ""I have to go.""",3817.0
1715,299,1712429423293,50.0,"""Open the door,"" he says as if he isn't listening.",2095.0
1715,300,1712429426051,33.0,"""You're going to choke in there.""",2758.0
1715,301,1712429429396,32.0,"He looks at my breasts, my legs.",3345.0
1715,302,1712429431744,34.0,I can tell that's what he's doing.,2347.0
1715,303,1712429433185,22.0,"""Hey, sugar,"" he says.",1441.0
1715,304,1712429434957,31.0,"""I'm just here to help is all.""",1771.0
1715,305,1712429435829,3.0,***,871.0
1715,306,1712429440103,52.0,The casket is closed and covered with floral sprays.,4274.0
1715,307,1712429444601,45.0,The organ starts up the minute I take a seat.,4498.0
1715,308,1712429449358,40.0,People are coming in and finding chairs.,4757.0
1715,309,1712429453066,63.0,There's a boy in flared pants and a yellow short-sleeved shirt.,3708.0
1715,310,1712429466666,100.0,A door opens and the family comes in in a group and moves over to a curtained place off to one side.,13600.0
1715,311,1712429470066,39.0,Chairs creak as everybody gets settled.,3399.0
1715,312,1712429475085,83.0,"Directly, a nice blond man in a nice dark suit stands and asks us to bow our heads.",5019.0
1715,313,1712429478623,105.0,"He says a prayer for us, the living, and when he finishes, he says a prayer for the soul of the departed.",3538.0
1715,314,1712429481807,43.0,Along with the others I go past the casket.,3184.0
1715,315,1712429485545,66.0,Then I move out onto the front steps and into the afternoon light.,3738.0
1715,316,1712429488706,66.0,There's a woman who limps as she goes down the stairs ahead of me.,3161.0
1715,317,1712429490007,33.0,On the sidewalk she looks around.,1301.0
1715,318,1712429492240,31.0,"""Well, they got him,"" she says.",2233.0
1715,319,1712429494952,27.0,"""If that's any consolation.",2711.0
1715,320,1712429497393,31.0,They arrested him this morning.,2441.0
1715,321,1712429498966,38.0,I heard it on the radio before I come.,1573.0
1715,322,1712429500037,26.0,"A boy right here in town.""",1071.0
1715,323,1712429501802,42.0,We move a few steps down the hot sidewalk.,1764.0
1715,324,1712429504300,25.0,People are starting cars.,2498.0
1715,325,1712429506353,49.0,I put out my hand and hold on to a parking meter.,2053.0
1715,326,1712429514175,36.0,Polished hoods and polished fenders.,7822.0
1715,327,1712429515608,14.0,My head swims.,1433.0
1715,328,1712429517577,41.0,"I say, ""They have friends, these killers.",1969.0
1715,329,1712429520739,16.0,"You can't tell.""",3162.0
1715,330,1712429525758,70.0,"""I have known that child since she was a little girl,"" the woman says.",5019.0
1715,331,1712429530816,93.0,"""She used to come over and I'd bake cookies for her and let her eat them in front of the TV.""",5058.0
1715,332,1712429531758,3.0,***,941.0
1715,333,1712429546090,76.0,"Back home, Stuart sits at the table with a drink of whiskey in front of him.",14331.0
1715,334,1712429550346,57.0,For a crazy instant I think something's happened to Dean.,4256.0
1715,335,1712429551881,14.0,"""Where is he?""",1535.0
1715,336,1712429553003,6.0,I say.,1122.0
1715,337,1712429554487,16.0,"""Where is Dean?""",1482.0
1715,338,1712429556895,27.0,"""Outside,"" my husband says.",2408.0
1715,339,1712429558739,34.0,He drains his glass and stands up.,1844.0
1715,340,1712429561416,40.0,"He says, ""I think I know what you need.""",2676.0
1715,341,1712429568402,138.0,He reaches an arm around my waist and with his other hand he begins to unbutton my jacket and then he goes on to the buttons of my blouse.,6986.0
1715,342,1712429570106,30.0,"""First things first,"" he says.",1704.0
1715,343,1712429571612,23.0,He says something else.,1506.0
1715,344,1712429573662,27.0,But I don't need to listen.,2050.0
1715,345,1712429576676,46.0,I can't hear a thing with so much water going.,3014.0
1715,346,1712429577335,3.0,***,659.0
1666,110,1712597507230,3.0,***,10751.0
1666,111,1712597510309,37.0,My husband eats with a good appetite.,3079.0
1666,112,1712597514419,37.0,But I don't think he's really hungry.,4110.0
1666,113,1712597518779,69.0,"He chews, arms on the table, and stares at something across the room.",4360.0
1666,114,1712597520949,30.0,He looks at me and looks away.,2170.0
1666,115,1712597523579,33.0,He wipes his mouth on the napkin.,2630.0
1666,116,1712597526399,30.0,"He shrugs, and goes on eating.",2820.0
1666,117,1712597529579,42.0,"""What are you staring at me for?"" he says.",3180.0
1666,118,1712597532739,45.0,"""What is it?"" he says and lays down his fork.",3160.0
1666,119,1712597536959,42.0,"""Was I staring?"" I say, and shake my head.",4220.0
1666,120,1712597538409,20.0,The telephone rings.,1450.0
1666,121,1712597539929,27.0,"""Don't answer it,"" he says.",1520.0
1666,122,1712597541839,33.0,"""It might be your mother,"" I say.",1910.0
1666,123,1712597543699,25.0,"""Watch and see,"" he says.",1860.0
1666,124,1712597546109,34.0,I pick up the receiver and listen.,2410.0
1666,125,1712597547549,24.0,My husband stops eating.,1439.0
1666,126,1712597550449,46.0,"""What did I tell you?"" he says when I hang up.",2900.0
1666,127,1712597552258,23.0,He starts to eat again.,1809.0
1666,128,1712597555048,36.0,Then throws his napkin on his plate.,2789.0
1666,129,1712597559070,63.0,"He says, ""Goddamn it, why can't people mind their own business?",4021.0
1666,130,1712597563100,41.0,Tell me what I did wrong and I'll listen!,4030.0
1666,131,1712597565880,28.0,I wasn't the only man there.,2780.0
1666,132,1712597568100,37.0,We talked it over and we all decided.,2220.0
1666,133,1712597569850,29.0,We couldn't just turn around.,1750.0
1666,134,1712597570890,32.0,We were five miles from the car.,1040.0
1666,135,1712597575750,34.0,I won't have you passing judgment.,4860.0
1666,136,1712597577100,13.0,"Do you hear?""",1350.0
1666,137,1712597577920,18.0,"""You know,"" I say.",820.0
1666,138,1712597579330,33.0,"He says, ""What do I know, Claire?",1410.0
1666,139,1712597580750,34.0,Tell me what I'm supposed to know.,1420.0
1666,140,1712597581240,40.0,"I don't know anything except one thing?""",490.0
1666,141,1712597581600,48.0,He gives me what he thinks is a meaningful look.,360.0
1666,142,1712597582030,24.0,"""She was dead,"" he says.",430.0
1666,143,1712597583030,33.0,"""And I'm as sorry as anyone else.",1000.0
1666,144,1712597583660,18.0,"But she was dead.""",630.0
1666,145,1712597584501,26.0,"""That's the point,"" I say.",841.0
1666,146,1712597585450,20.0,He raises his hands.,949.0
1666,147,1712597587241,40.0,He pushes his chair away from the table.,1791.0
1666,148,1712597587850,72.0,He takes out his cigarettes and goes out to the back with a can of beer.,609.0
1666,149,1712597589950,64.0,I see him sit in the lawn chair and pick up the newspaper again.,2100.0
1666,150,1712597590971,39.0,His name is in there on the first page.,1021.0
1666,151,1712597591961,36.0,Along with the names of his friends.,990.0
1666,152,1712597593501,40.0,I close my eyes and hold on to the sink.,1540.0
1666,153,1712597594511,74.0,Then I rake my arm across the drainboard and send the dishes to the floor.,1010.0
1666,154,1712597595381,16.0,He doesn't move.,870.0
1666,155,1712597596021,18.0,I know he's heard.,640.0
1666,156,1712597596951,40.0,He lifts his head as if still listening.,930.0
1666,157,1712597597561,30.0,But he doesn't move otherwise.,610.0
1666,158,1712597598131,23.0,He doesn't turn around.,570.0
1666,159,1712597599981,3.0,***,1850.0
1666,160,1712597602731,88.0,"He and Gordon Johnson and Mel Dorn and Vern Williams, they play poker and bowl and fish.",2750.0
1666,161,1712597603731,85.0,They fish every spring and early summer before visiting relatives can get in the way.,1000.0
1666,162,1712597605141,65.0,"They are decent men, family men, men who take care of their jobs.",1410.0
1666,163,1712597605781,65.0,"They have sons and daughters who go to school with our son, Dean.",640.0
1666,164,1712597606291,55.0,Last Friday these family men left for the Naches River.,510.0
1666,165,1712597606891,76.0,They parked the car in the mountains and hiked to where they wanted to fish.,600.0
1666,166,1712597607391,76.0,"They carried their bedrolls, their food, their playing cards, their whiskey.",500.0
1666,167,1712597607891,42.0,They saw the girl before they set up camp.,500.0
1666,168,1712597608391,19.0,Mel Dorn found her.,500.0
1666,169,1712597609221,25.0,No clothes on her at all.,830.0
1666,170,1712597609611,64.0,She was wedged into some branches that stuck out over the water.,390.0
1666,171,1712597610081,43.0,He called the others and they came to look.,470.0
1666,172,1712597611151,29.0,They talked about what to do.,1070.0
1666,173,1712597611591,82.0,One of the men - my Stuart didn't say which - said they should start back at once.,440.0
1666,174,1712597612111,86.0,"The others stirred the sand with their shoes, said they didn't feel inclined that way.",520.0
1666,175,1712597612540,82.0,"They pleaded fatigue, the late hour, the fact that the girl wasn't going anywhere.",429.0
1666,176,1712597612961,47.0,In the end they went ahead and set up the camp.,420.0
1666,177,1712597613341,42.0,They built a fire and drank their whiskey.,380.0
1666,178,1712597613861,50.0,"When the moon came up, they talked about the girl.",520.0
1666,179,1712597614261,59.0,Someone said they should -keep the body from drifting away.,400.0
1666,180,1712597614711,55.0,They took their flashlights and went back to the river.,450.0
1666,181,1712597615071,66.0,One of the men - it might have been Stuart - waded in and got her.,360.0
1666,182,1712597615471,53.0,He took her by the fingers and pulled her into shore.,400.0
1666,183,1712597616671,87.0,He got some nylon cord and tied it to her wrist and then looped the rest around a tree.,1199.0
1666,184,1712597617521,99.0,"The next morning they cooked breakfast, drank coffee, and drank whiskey, and then split up to fish.",849.0
1666,185,1712597618761,182.0,"That night they cooked fish, cooked potatoes, drank coffee, drank whiskey, then took their cooking things and eating things back down to the river and washed them where the girl was.",1240.0
1666,186,1712597620340,32.0,They played some cards later on.,1579.0
1666,187,1712597621190,55.0,Maybe they played until they couldn't see them anymore.,850.0
1666,188,1712597623520,28.0,Vern Williams went to sleep.,2330.0
1666,189,1712597624870,28.0,But the others told stories.,1350.0
1666,190,1712597625720,100.0,Gordon Johnson said the trout they'd caught were hard because of the terrible coldness of the water.,850.0
1666,191,1712597626250,154.0,"The next morning they got up late, drank whiskey, fished a little, took down their tents, rolled their sleeping bags, gathered their stuff, and hiked out.",530.0
1666,192,1712597628620,41.0,They drove until they got to a telephone.,2370.0
1666,193,1712597629580,86.0,It was Stuart who made the call while the others stood around in the sun and listened.,960.0
1666,194,1712597631570,32.0,He gave the sheriff their names.,1990.0
1666,195,1712597632770,25.0,They had nothing to hide.,1200.0
1666,196,1712597633980,21.0,They weren't ashamed.,1210.0
1666,197,1712597635510,100.0,They said they'd wait until someone could come for better directions and take down their statements.,1530.0
1666,198,1712597636860,3.0,***,1350.0
1666,199,1712597638370,30.0,I was asleep when he got home.,1510.0
1666,200,1712597641631,46.0,But I woke up when I heard him in the kitchen.,3260.0
1666,201,1712597642770,64.0,I found him leaning against the refrigerator with a can of beer.,1139.0
1666,202,1712597648850,68.0,He put his heavy arms around me and rubbed his big hands on my back.,6080.0
1666,203,1712597653780,85.0,In bed he put his hands on me again and then waited as if thinking of something else.,4930.0
1666,204,1712597655800,28.0,I turned and opened my legs.,2020.0
1666,205,1712597657970,36.0,"Afterwards, I think he stayed awake.",2170.0
1666,206,1712597660950,53.0,He was up that morning before I could get out of bed.,2980.0
1666,207,1712597663170,54.0,"To see if there was something in the paper, I suppose.",2220.0
1666,208,1712597665280,46.0,The telephone began ringing right after eight.,2110.0
1666,209,1712597666230,13.0,"""Go to hell!""",950.0
1666,210,1712597667280,18.0,I heard him shout.,1050.0
1666,211,1712597667700,31.0,The telephone rang right again.,420.0
1666,212,1712597668020,59.0,"""I have nothing to add to what I already told the sheriff!""",320.0
1666,213,1712597668320,29.0,He slammed the receiver down.,300.0
1666,214,1712597668710,27.0,"""What is going on?"" I said.",390.0
1666,215,1712597669050,49.0,It was then that he told me what I just told you.,340.0
1666,216,1712597669480,3.0,***,430.0
1666,217,1712597670470,44.0,I sweep up the broken dishes and go outside.,990.0
1666,218,1712597670850,85.0,"He is lying on his back on the grass now, the newspaper and can of beer within reach.",380.0
1666,219,1712597671220,41.0,"""Stuart, could we go for a drive?"" I say.",370.0
1666,220,1712597671540,30.0,He rolls over and looks at me.,320.0
1666,221,1712597671840,37.0,"""We'll pick up some beer,"" he says...",300.0
1666,222,1712597672150,62.0,He gets to his feet and touches me on the hip as he goes past.,310.0
1666,223,1712597672440,28.0,"""Give me a minute,"" he says.",290.0
1666,224,1712597672740,39.0,We drive through town without speaking.,300.0
1666,225,1712597673070,39.0,He stops at a roadside market for beer.,330.0
1666,226,1712597673500,54.0,I notice a great stack of papers just inside the door.,430.0
1666,227,1712597673900,89.0,On the top step a fat woman in a print dress holds out a licorice stick to a little girl.,400.0
1666,228,1712597674340,66.0,"Later on, we cross Everson Creek and turn into the picnic grounds.",440.0
1666,229,1712597674830,79.0,The creek runs under the bridge and into a large pond a few hundred yards away.,490.0
1666,230,1712597675290,28.0,I can see the men out there.,460.0
1666,231,1712597675740,33.0,I can see them out there fishing.,450.0
1666,232,1712597676150,31.0,So much water so close to home.,410.0
1666,233,1712597676520,43.0,"I say, ""Why did you have to go miles away?""",370.0
1666,234,1712597676910,25.0,"""Don't rile me,"" he says.",390.0
1666,235,1712597677270,29.0,We sit on a bench in the sun.,360.0
1666,236,1712597677630,25.0,He opens us cans of beer.,360.0
1666,237,1712597677920,25.0,"He says, ""Relax, Claire.""",290.0
1666,238,1712597678200,30.0,"""They said they were innocent.",280.0
1666,239,1712597678520,27.0,"They said they were crazy.""",320.0
1666,240,1712597678810,15.0,"He says, ""Who?""",290.0
1666,241,1712597679140,38.0,"He says, ""What are you talking about?""",330.0
1666,242,1712597679490,21.0,"""The Maddox brothers.",350.0
1666,243,1712597679790,54.0,They killed a girl named Arlene Hubly where I grew up.,300.0
1666,244,1712597680110,60.0,They cut off her head and threw her into the Cle Elum River.,320.0
1666,245,1712597680409,31.0,"It happened when I was a girl.""",299.0
1666,246,1712597680769,40.0,"""You're going to get me riled,"" he says.",360.0
1666,247,1712597681169,20.0,I look at the creek.,400.0
1666,248,1712597681559,79.0,"I'm right in it, eyes open, face down, staring at the moss on the bottom, dead.",390.0
1666,249,1712597682159,62.0,"""I don't know what's wrong with you,"" he says on the way home.",600.0
1666,250,1712597682549,45.0,"""You're getting me more riled by the minute.""",390.0
1666,251,1712597684389,34.0,There is nothing I can say to him.,1840.0
1666,252,1712597684879,36.0,He tries to concentrate on the road.,490.0
1666,253,1712597685529,47.0,But he keeps looking into the rear-view mirror.,650.0
1666,254,1712597686319,9.0,He knows.,790.0
1666,255,1712597687129,3.0,***,809.0
1666,256,1712597688549,52.0,Stuart believes he is letting me sleep this morning.,1420.0
1666,257,1712597689929,47.0,But I was awake long before the alarm went off.,1380.0
1666,258,1712597690399,74.0,"I was thinking, lying on the far side of the bed away from his hairy legs.",470.0
1666,259,1712597690829,78.0,"He gets Dean off for school, and then he shaves, dresses, and leaves for work.",430.0
1666,260,1712597691220,40.0,Twice he looks in and clears his throat.,391.0
1666,261,1712597692619,26.0,But I keep my eyes closed.,1399.0
1666,262,1712597694419,38.0,In the kitchen I find a note from him.,1800.0
1666,263,1712597695379,19.0,"It's signed ""Love.""",960.0
1666,264,1712597695949,74.0,I sit in the breakfast nook and drink coffee and leave a ring on the note.,570.0
1666,265,1712597696359,67.0,I look at the newspaper and turn it this way and that on the table.,410.0
1666,266,1712597696709,43.0,Then I skid it close and read what it says.,350.0
1666,267,1712597697529,38.0,"The body has been identified, claimed.",820.0
1666,268,1712597698139,155.0,"But it took some examining it, some putting things into it, some cutting, some weighing, some measuring, some putting things back again and sewing them in.",610.0
1666,269,1712597699199,57.0,I sit for a long time holding the newspaper and thinking.,1060.0
1666,270,1712597699639,51.0,Then I call up to get a chair at the hairdresser's.,440.0
1666,271,1712597700099,3.0,***,460.0
1666,272,1712597702979,75.0,I sit under the dryer with a magazine on my lap and let Marnie do my nails.,2880.0
1666,273,1712597704049,42.0,"""I am going to a funeral tomorrow,"" I say.",1070.0
1666,274,1712597706929,38.0,"""I'm sorry to hear that,"" Marnie says.",2880.0
1666,275,1712597707989,25.0,"""It was a murder,"" I say.",1060.0
1666,276,1712597708620,37.0,"""That's the worst kind,"" Marnie says.",631.0
1666,277,1712597709080,35.0,"""We weren't all that close,"" I say.",460.0
1666,278,1712597709489,15.0,"""But you know?""",409.0
1666,279,1712597709929,45.0,"""We'll get you fixed up for it,"" Marnie says.",440.0
1666,280,1712597710340,72.0,"That night I make my bed on the sofa, and in the morning I get up first.",411.0
1666,281,1712597710740,50.0,I put on coffee and fix breakfast while he shaves.,400.0
1666,282,1712597711130,76.0,"He appears in the kitchen doorway, towel over his bare shoulder, appraising.",390.0
1666,283,1712597713370,23.0,"""Here's coffee,"" I say.",2240.0
1666,284,1712597715720,31.0,"""Eggs'll be ready in a minute.”",2350.0
1666,285,1712597716610,37.0,"I wake Dean, and the three of us eat.",890.0
1666,286,1712597717300,79.0,"Whenever Stuart looks at me, I ask Dean if he wants more milk, more toast, etc.",690.0
1666,287,1712597717780,56.0,"""I'll call you today,"" Stuart says as he opens the door.",480.0
1666,288,1712597718510,42.0,"I say, ""I don't think I'll be home today.""",730.0
1666,289,1712597719150,21.0,"""All right,"" he says.",640.0
1666,290,1712597719570,7.0,"""Sure.""",420.0
1666,291,1712597719950,18.0,I dress carefully.,380.0
1666,292,1712597720210,48.0,I try on a hat and look at myself in the mirror.,260.0
1666,293,1712597720530,28.0,I write out a note for Dean.,320.0
1666,294,1712597720860,69.0,"Honey, Mommy has things to do this afternoon, but will be back later.",330.0
1666,295,1712597721170,61.0,You stay in or be in the backyard until one of us comes home.,310.0
1666,296,1712597721520,11.0,"Love, Mommy",350.0
1666,297,1712597721830,48.0,I look at the word Love and then I underline it.,310.0
1666,298,1712597722200,29.0,Then I see the word backyard.,370.0
1666,299,1712597722510,22.0,Is it one word or two?,310.0
1666,300,1712597722900,3.0,***,390.0
1666,301,1712597723550,121.0,"I drive through farm country, through fields of oats and sugar beets and past apple orchards, cattle grazing in pastures.",650.0
1666,302,1712597723880,99.0,"Then everything changes, more like shacks than farmhouses and stands of timber instead of orchards.",330.0
1666,303,1712597724130,78.0,"Then mountains, and on the right, far below, I sometimes see the Naches River.",250.0
1666,304,1712597724330,64.0,A green pickup comes up behind me and stays behind me for miles.,200.0
1666,305,1712597724590,55.0,"I keep slowing at the wrong times, hoping he will pass.",260.0
1666,306,1712597724800,16.0,Then I speed up.,210.0
1666,307,1712597725050,36.0,"But this is at the wrong times, too.",250.0
1666,308,1712597725270,39.0,I grip the wheel until my fingers hurt.,220.0
1666,309,1712597725500,37.0,On a long clear stretch he goes past.,230.0
1666,310,1712597725690,73.0,"But he drives along beside for a bit, a crewcut man in a blue work shirt.",190.0
1666,311,1712597725880,24.0,We look each other over.,190.0
1666,312,1712597726080,53.0,"Then he waves, toots his horn, and pulls on up ahead.",200.0
1666,313,1712597726250,29.0,I slow down and find a place.,170.0
1666,314,1712597726470,35.0,I pull over and shut off the motor.,220.0
1666,315,1712597726690,42.0,I can hear the river down below the trees.,220.0
1666,316,1712597726920,35.0,Then I hear the pickup coming back.,230.0
1666,317,1712597727140,41.0,I lock the doors and roll up the windows.,220.0
1666,318,1712597727330,30.0,"""You all right?"" the man says.",190.0
1666,319,1712597727540,21.0,He raps on the glass.,210.0
1666,320,1712597727770,11.0,"""You okay?""",230.0
1666,321,1712597727990,64.0,He leans his arms on the door and brings his face to the window.,220.0
1666,322,1712597728260,15.0,I stare at him.,270.0
1666,323,1712597728590,30.0,I can't think what else to do.,330.0
1666,324,1712597728910,34.0,"""Is everything all right in there?",320.0
1666,325,1712597729230,31.0,"How come you're all locked up?""",320.0
1666,326,1712597729580,16.0,I shake my head.,350.0
1666,327,1712597729890,24.0,"""Roll down your window.""",310.0
1666,328,1712597730190,64.0,He shakes his head and looks at the highway and then back at me.,300.0
1666,329,1712597730490,19.0,"""Roll it down now.""",300.0
1666,330,1712597730760,32.0,"""Please,"" I say, ""I have to go.""",270.0
1666,331,1712597731010,50.0,"""Open the door,"" he says as if he isn't listening.",250.0
1666,332,1712597731270,33.0,"""You're going to choke in there.""",260.0
1666,333,1712597731520,32.0,"He looks at my breasts, my legs.",250.0
1666,334,1712597731750,34.0,I can tell that's what he's doing.,230.0
1666,335,1712597732030,22.0,"""Hey, sugar,"" he says.",280.0
1666,336,1712597732330,31.0,"""I'm just here to help is all.""",300.0
1666,337,1712597732620,3.0,***,290.0
1666,338,1712597732960,52.0,The casket is closed and covered with floral sprays.,340.0
1666,339,1712597733230,45.0,The organ starts up the minute I take a seat.,270.0
1666,340,1712597733540,40.0,People are coming in and finding chairs.,310.0
1666,341,1712597733840,63.0,There's a boy in flared pants and a yellow short-sleeved shirt.,300.0
1666,342,1712597734080,100.0,A door opens and the family comes in in a group and moves over to a curtained place off to one side.,240.0
1666,343,1712597734400,39.0,Chairs creak as everybody gets settled.,320.0
1666,344,1712597734670,83.0,"Directly, a nice blond man in a nice dark suit stands and asks us to bow our heads.",270.0
1666,345,1712597734970,105.0,"He says a prayer for us, the living, and when he finishes, he says a prayer for the soul of the departed.",300.0
1666,346,1712597735230,43.0,Along with the others I go past the casket.,260.0
1666,347,1712597735530,66.0,Then I move out onto the front steps and into the afternoon light.,300.0
1666,348,1712597735800,66.0,There's a woman who limps as she goes down the stairs ahead of me.,270.0
1666,349,1712597736110,33.0,On the sidewalk she looks around.,310.0
1666,350,1712597736380,31.0,"""Well, they got him,"" she says.",270.0
1666,351,1712597736630,27.0,"""If that's any consolation.",250.0
1666,352,1712597736920,31.0,They arrested him this morning.,290.0
1666,353,1712597737260,38.0,I heard it on the radio before I come.,340.0
1666,354,1712597737550,26.0,"A boy right here in town.""",290.0
1666,355,1712597737830,42.0,We move a few steps down the hot sidewalk.,280.0
1666,356,1712597738100,25.0,People are starting cars.,270.0
1666,357,1712597738370,49.0,I put out my hand and hold on to a parking meter.,270.0
1666,358,1712597738600,36.0,Polished hoods and polished fenders.,230.0
1666,359,1712597738850,14.0,My head swims.,250.0
1666,360,1712597739100,41.0,"I say, ""They have friends, these killers.",250.0
1666,361,1712597739500,16.0,"You can't tell.""",400.0
1666,362,1712597739740,70.0,"""I have known that child since she was a little girl,"" the woman says.",240.0
1666,363,1712597740110,93.0,"""She used to come over and I'd bake cookies for her and let her eat them in front of the TV.""",370.0
1666,364,1712597741039,3.0,***,929.0
1666,365,1712597744579,76.0,"Back home, Stuart sits at the table with a drink of whiskey in front of him.",3540.0
1666,366,1712597745249,57.0,For a crazy instant I think something's happened to Dean.,670.0
1666,367,1712597745859,14.0,"""Where is he?""",610.0
1666,368,1712597746149,6.0,I say.,290.0
1666,369,1712597746389,16.0,"""Where is Dean?""",240.0
1666,370,1712597746599,27.0,"""Outside,"" my husband says.",210.0
1666,371,1712597746859,34.0,He drains his glass and stands up.,260.0
1666,372,1712597747099,40.0,"He says, ""I think I know what you need.""",240.0
1666,373,1712597747379,138.0,He reaches an arm around my waist and with his other hand he begins to unbutton my jacket and then he goes on to the buttons of my blouse.,280.0
1666,374,1712597747649,30.0,"""First things first,"" he says.",270.0
1666,375,1712597747949,23.0,He says something else.,300.0
1666,376,1712597748219,27.0,But I don't need to listen.,270.0
1666,377,1712597748449,46.0,I can't hear a thing with so much water going.,230.0
1666,378,1712597748729,3.0,***,280.0
1710,75,1712614311874,3.0,***,3556.0
1710,76,1712614315394,37.0,My husband eats with a good appetite.,3520.0
1710,77,1712614318008,37.0,But I don't think he's really hungry.,2614.0
1710,78,1712614322781,69.0,"He chews, arms on the table, and stares at something across the room.",4773.0
1710,79,1712614326564,30.0,He looks at me and looks away.,3783.0
1710,80,1712614329277,33.0,He wipes his mouth on the napkin.,2713.0
1710,81,1712614331387,30.0,"He shrugs, and goes on eating.",2110.0
1710,82,1712614333617,42.0,"""What are you staring at me for?"" he says.",2230.0
1710,83,1712614393215,45.0,"""What is it?"" he says and lays down his fork.",59598.0
1710,84,1712614395764,42.0,"""Was I staring?"" I say, and shake my head.",2549.0
1710,85,1712614396955,20.0,The telephone rings.,1190.0
1710,86,1712614398357,27.0,"""Don't answer it,"" he says.",1402.0
1710,87,1712614399869,33.0,"""It might be your mother,"" I say.",1512.0
1710,88,1712614401240,25.0,"""Watch and see,"" he says.",1371.0
1710,89,1712614402653,34.0,I pick up the receiver and listen.,1413.0
1710,90,1712614403630,24.0,My husband stops eating.,977.0
1710,91,1712614405122,46.0,"""What did I tell you?"" he says when I hang up.",1492.0
1710,92,1712614405998,23.0,He starts to eat again.,876.0
1710,93,1712614407460,36.0,Then throws his napkin on his plate.,1462.0
1710,94,1712614409930,63.0,"He says, ""Goddamn it, why can't people mind their own business?",2470.0
1710,95,1712614411391,41.0,Tell me what I did wrong and I'll listen!,1461.0
1710,96,1712614412551,28.0,I wasn't the only man there.,1160.0
1710,97,1712614414074,37.0,We talked it over and we all decided.,1523.0
1710,98,1712614415102,29.0,We couldn't just turn around.,1027.0
1710,99,1712614416482,32.0,We were five miles from the car.,1380.0
1710,100,1712614417693,34.0,I won't have you passing judgment.,1211.0
1710,101,1712614418429,13.0,"Do you hear?""",736.0
1710,102,1712614419285,18.0,"""You know,"" I say.",856.0
1710,103,1712614420466,33.0,"He says, ""What do I know, Claire?",1181.0
1710,104,1712614421878,34.0,Tell me what I'm supposed to know.,1412.0
1710,105,1712614424260,40.0,"I don't know anything except one thing?""",2380.0
1710,106,1712614427450,48.0,He gives me what he thinks is a meaningful look.,3190.0
1710,107,1712614428693,24.0,"""She was dead,"" he says.",1243.0
1710,108,1712614430974,33.0,"""And I'm as sorry as anyone else.",2281.0
1710,109,1712614432024,18.0,"But she was dead.""",1050.0
1710,110,1712614432913,26.0,"""That's the point,"" I say.",889.0
1710,111,1712614433842,20.0,He raises his hands.,929.0
1710,112,1712614435316,40.0,He pushes his chair away from the table.,1474.0
1710,113,1712614438644,72.0,He takes out his cigarettes and goes out to the back with a can of beer.,3327.0
1710,114,1712614443601,64.0,I see him sit in the lawn chair and pick up the newspaper again.,4957.0
1710,115,1712614447243,39.0,His name is in there on the first page.,3641.0
1710,116,1712614450246,36.0,Along with the names of his friends.,3003.0
1710,117,1712614451878,40.0,I close my eyes and hold on to the sink.,1632.0
1710,118,1712614455047,74.0,Then I rake my arm across the drainboard and send the dishes to the floor.,3169.0
1710,119,1712614456538,16.0,He doesn't move.,1490.0
1710,120,1712614457880,18.0,I know he's heard.,1341.0
1710,121,1712614460167,40.0,He lifts his head as if still listening.,2287.0
1710,122,1712614466559,30.0,But he doesn't move otherwise.,6392.0
1710,123,1712614470087,23.0,He doesn't turn around.,3528.0
1710,124,1712614472728,3.0,***,2641.0
1710,125,1712614481377,88.0,"He and Gordon Johnson and Mel Dorn and Vern Williams, they play poker and bowl and fish.",8649.0
1710,126,1712614489826,85.0,They fish every spring and early summer before visiting relatives can get in the way.,8449.0
1710,127,1712614495936,65.0,"They are decent men, family men, men who take care of their jobs.",6110.0
1710,128,1712614498580,65.0,"They have sons and daughters who go to school with our son, Dean.",2643.0
1710,129,1712614501154,55.0,Last Friday these family men left for the Naches River.,2573.0
1710,130,1712614503904,76.0,They parked the car in the mountains and hiked to where they wanted to fish.,2750.0
1710,131,1712614507473,76.0,"They carried their bedrolls, their food, their playing cards, their whiskey.",3569.0
1710,132,1712614509833,42.0,They saw the girl before they set up camp.,2360.0
1710,133,1712614511002,19.0,Mel Dorn found her.,1169.0
1710,134,1712614512354,25.0,No clothes on her at all.,1352.0
1710,135,1712614514925,64.0,She was wedged into some branches that stuck out over the water.,2571.0
1710,136,1712614516380,43.0,He called the others and they came to look.,1455.0
1710,137,1712614517561,29.0,They talked about what to do.,1180.0
1710,138,1712614524348,82.0,One of the men - my Stuart didn't say which - said they should start back at once.,6787.0
1710,139,1712614527767,86.0,"The others stirred the sand with their shoes, said they didn't feel inclined that way.",3419.0
1710,140,1712614532417,82.0,"They pleaded fatigue, the late hour, the fact that the girl wasn't going anywhere.",4650.0
1710,141,1712614534324,47.0,In the end they went ahead and set up the camp.,1906.0
1710,142,1712614536339,42.0,They built a fire and drank their whiskey.,2015.0
1710,143,1712614538044,50.0,"When the moon came up, they talked about the girl.",1704.0
1710,144,1712614540274,59.0,Someone said they should -keep the body from drifting away.,2230.0
1710,145,1712614542199,55.0,They took their flashlights and went back to the river.,1925.0
1710,146,1712614545033,66.0,One of the men - it might have been Stuart - waded in and got her.,2834.0
1710,147,1712614547040,53.0,He took her by the fingers and pulled her into shore.,2006.0
1710,148,1712614550379,87.0,He got some nylon cord and tied it to her wrist and then looped the rest around a tree.,3339.0
1710,149,1712614553930,99.0,"The next morning they cooked breakfast, drank coffee, and drank whiskey, and then split up to fish.",3551.0
1710,150,1712614561889,182.0,"That night they cooked fish, cooked potatoes, drank coffee, drank whiskey, then took their cooking things and eating things back down to the river and washed them where the girl was.",7959.0
1710,151,1712614563060,32.0,They played some cards later on.,1170.0
1710,152,1712614564919,55.0,Maybe they played until they couldn't see them anymore.,1859.0
1710,153,1712614566017,28.0,Vern Williams went to sleep.,1098.0
1710,154,1712614567186,28.0,But the others told stories.,1169.0
1710,155,1712614571764,100.0,Gordon Johnson said the trout they'd caught were hard because of the terrible coldness of the water.,4578.0
1710,156,1712614578905,154.0,"The next morning they got up late, drank whiskey, fished a little, took down their tents, rolled their sleeping bags, gathered their stuff, and hiked out.",7141.0
1710,157,1712614580720,41.0,They drove until they got to a telephone.,1815.0
1710,158,1712614583152,86.0,It was Stuart who made the call while the others stood around in the sun and listened.,2432.0
1710,159,1712614584637,32.0,He gave the sheriff their names.,1483.0
1710,160,1712614585886,25.0,They had nothing to hide.,1249.0
1710,161,1712614586894,21.0,They weren't ashamed.,1008.0
1710,162,1712614590294,100.0,They said they'd wait until someone could come for better directions and take down their statements.,3400.0
1710,163,1712614591252,3.0,***,958.0
1710,164,1712614592270,30.0,I was asleep when he got home.,1018.0
1710,165,1712614593743,46.0,But I woke up when I heard him in the kitchen.,1473.0
1710,166,1712614595810,64.0,I found him leaning against the refrigerator with a can of beer.,2067.0
1710,167,1712614601863,68.0,He put his heavy arms around me and rubbed his big hands on my back.,6053.0
1710,168,1712614607662,85.0,In bed he put his hands on me again and then waited as if thinking of something else.,5799.0
1710,169,1712614612171,28.0,I turned and opened my legs.,4509.0
1710,170,1712614665824,36.0,"Afterwards, I think he stayed awake.",53653.0
1710,171,1712614667759,53.0,He was up that morning before I could get out of bed.,1935.0
1710,172,1712614669746,54.0,"To see if there was something in the paper, I suppose.",1987.0
1710,173,1712614671813,46.0,The telephone began ringing right after eight.,2067.0
1710,174,1712614672781,13.0,"""Go to hell!""",968.0
1710,175,1712614673457,18.0,I heard him shout.,676.0
1710,176,1712614674052,31.0,The telephone rang right again.,595.0
1710,177,1712614675626,59.0,"""I have nothing to add to what I already told the sheriff!""",1573.0
1710,178,1712614676916,29.0,He slammed the receiver down.,1290.0
1710,179,1712614677825,27.0,"""What is going on?"" I said.",909.0
1710,180,1712614679329,49.0,It was then that he told me what I just told you.,1504.0
1710,181,1712614681556,3.0,***,2227.0
1710,182,1712614684088,44.0,I sweep up the broken dishes and go outside.,2531.0
1710,183,1712614686853,85.0,"He is lying on his back on the grass now, the newspaper and can of beer within reach.",2765.0
1710,184,1712614688245,41.0,"""Stuart, could we go for a drive?"" I say.",1392.0
1710,185,1712614690818,30.0,He rolls over and looks at me.,2573.0
1710,186,1712614692575,37.0,"""We'll pick up some beer,"" he says...",1757.0
1710,187,1712614694518,62.0,He gets to his feet and touches me on the hip as he goes past.,1943.0
1710,188,1712614695428,28.0,"""Give me a minute,"" he says.",910.0
1710,189,1712614696860,39.0,We drive through town without speaking.,1432.0
1710,190,1712614697939,39.0,He stops at a roadside market for beer.,1079.0
1710,191,1712614699817,54.0,I notice a great stack of papers just inside the door.,1878.0
1710,192,1712614706931,89.0,On the top step a fat woman in a print dress holds out a licorice stick to a little girl.,7114.0
1710,193,1712614711481,66.0,"Later on, we cross Everson Creek and turn into the picnic grounds.",4550.0
1710,194,1712614724396,79.0,The creek runs under the bridge and into a large pond a few hundred yards away.,12915.0
1710,195,1712614725818,28.0,I can see the men out there.,1422.0
1710,196,1712614727148,33.0,I can see them out there fishing.,1330.0
1710,197,1712614728207,31.0,So much water so close to home.,1059.0
1710,198,1712614730156,43.0,"I say, ""Why did you have to go miles away?""",1949.0
1710,199,1712614731407,25.0,"""Don't rile me,"" he says.",1251.0
1710,200,1712614734141,29.0,We sit on a bench in the sun.,2734.0
1710,201,1712614737158,25.0,He opens us cans of beer.,3017.0
1710,202,1712614740730,25.0,"He says, ""Relax, Claire.""",3572.0
1710,203,1712614741940,30.0,"""They said they were innocent.",1210.0
1710,204,1712614797215,27.0,"They said they were crazy.""",55275.0
1710,205,1712614797962,15.0,"He says, ""Who?""",746.0
1710,206,1712614802524,38.0,"He says, ""What are you talking about?""",4562.0
1710,207,1712614802877,21.0,"""The Maddox brothers.",353.0
1710,208,1712614803189,54.0,They killed a girl named Arlene Hubly where I grew up.,312.0
1710,209,1712614803603,60.0,They cut off her head and threw her into the Cle Elum River.,414.0
1710,210,1712614804047,31.0,"It happened when I was a girl.""",444.0
1710,211,1712614804633,40.0,"""You're going to get me riled,"" he says.",586.0
1710,212,1712614805057,20.0,I look at the creek.,424.0
1710,213,1712614807378,79.0,"I'm right in it, eyes open, face down, staring at the moss on the bottom, dead.",2321.0
1710,214,1712614809368,62.0,"""I don't know what's wrong with you,"" he says on the way home.",1990.0
1710,215,1712614812789,45.0,"""You're getting me more riled by the minute.""",3420.0
1710,216,1712614814526,34.0,There is nothing I can say to him.,1737.0
1710,217,1712614816879,36.0,He tries to concentrate on the road.,2353.0
1710,218,1712614819967,47.0,But he keeps looking into the rear-view mirror.,3088.0
1710,219,1712614823238,9.0,He knows.,3271.0
1710,220,1712614874031,3.0,***,50792.0
1710,221,1712614876393,52.0,Stuart believes he is letting me sleep this morning.,2362.0
1710,222,1712614878158,47.0,But I was awake long before the alarm went off.,1765.0
1710,223,1712614885063,74.0,"I was thinking, lying on the far side of the bed away from his hairy legs.",6905.0
1710,224,1712614906977,78.0,"He gets Dean off for school, and then he shaves, dresses, and leaves for work.",21914.0
1710,225,1712614909257,40.0,Twice he looks in and clears his throat.,2280.0
1710,226,1712614929041,26.0,But I keep my eyes closed.,19784.0
1710,227,1712614930919,38.0,In the kitchen I find a note from him.,1878.0
1710,228,1712614933129,19.0,"It's signed ""Love.""",2210.0
1710,229,1712614936717,74.0,I sit in the breakfast nook and drink coffee and leave a ring on the note.,3588.0
1710,230,1712614939513,67.0,I look at the newspaper and turn it this way and that on the table.,2795.0
1710,231,1712614942037,43.0,Then I skid it close and read what it says.,2524.0
1710,232,1712614944306,38.0,"The body has been identified, claimed.",2269.0
1710,233,1712614950126,155.0,"But it took some examining it, some putting things into it, some cutting, some weighing, some measuring, some putting things back again and sewing them in.",5820.0
1710,234,1712614952893,57.0,I sit for a long time holding the newspaper and thinking.,2767.0
1710,235,1712614954638,51.0,Then I call up to get a chair at the hairdresser's.,1745.0
1710,236,1712614955375,3.0,***,737.0
1710,237,1712614979398,75.0,I sit under the dryer with a magazine on my lap and let Marnie do my nails.,24023.0
1710,238,1712614981368,42.0,"""I am going to a funeral tomorrow,"" I say.",1970.0
1710,239,1712614982902,38.0,"""I'm sorry to hear that,"" Marnie says.",1534.0
1710,240,1712614984869,25.0,"""It was a murder,"" I say.",1967.0
1710,241,1712614986566,37.0,"""That's the worst kind,"" Marnie says.",1697.0
1710,242,1712614988130,35.0,"""We weren't all that close,"" I say.",1564.0
1710,243,1712615007277,15.0,"""But you know?""",19146.0
1710,244,1712615008982,45.0,"""We'll get you fixed up for it,"" Marnie says.",1705.0
1710,245,1712615011748,72.0,"That night I make my bed on the sofa, and in the morning I get up first.",2766.0
1710,246,1712615014009,50.0,I put on coffee and fix breakfast while he shaves.,2261.0
1710,247,1712615016412,76.0,"He appears in the kitchen doorway, towel over his bare shoulder, appraising.",2403.0
1710,248,1712615019662,23.0,"""Here's coffee,"" I say.",3250.0
1710,249,1712615022257,31.0,"""Eggs'll be ready in a minute.”",2594.0
1710,250,1712615023972,37.0,"I wake Dean, and the three of us eat.",1715.0
1710,251,1712615026669,79.0,"Whenever Stuart looks at me, I ask Dean if he wants more milk, more toast, etc.",2696.0
1710,252,1712615027496,56.0,"""I'll call you today,"" Stuart says as he opens the door.",827.0
1710,253,1712615028041,42.0,"I say, ""I don't think I'll be home today.""",545.0
1710,254,1712615028919,21.0,"""All right,"" he says.",878.0
1710,255,1712615029454,7.0,"""Sure.""",535.0
1710,256,1712615030139,18.0,I dress carefully.,685.0
1710,257,1712615032249,48.0,I try on a hat and look at myself in the mirror.,2109.0
1710,258,1712615033409,28.0,I write out a note for Dean.,1159.0
1710,259,1712615034884,69.0,"Honey, Mommy has things to do this afternoon, but will be back later.",1474.0
1710,260,1712615035480,61.0,You stay in or be in the backyard until one of us comes home.,596.0
1710,261,1712615036207,11.0,"Love, Mommy",727.0
1710,262,1712615036682,48.0,I look at the word Love and then I underline it.,475.0
1710,263,1712615037932,29.0,Then I see the word backyard.,1250.0
1710,264,1712615038498,22.0,Is it one word or two?,565.0
1710,265,1712615153872,3.0,***,115373.0
1710,266,1712615158296,121.0,"I drive through farm country, through fields of oats and sugar beets and past apple orchards, cattle grazing in pastures.",4424.0
1710,267,1712615160484,99.0,"Then everything changes, more like shacks than farmhouses and stands of timber instead of orchards.",2188.0
1710,268,1712615162587,78.0,"Then mountains, and on the right, far below, I sometimes see the Naches River.",2103.0
1710,269,1712615163695,64.0,A green pickup comes up behind me and stays behind me for miles.,1108.0
1710,270,1712615165596,55.0,"I keep slowing at the wrong times, hoping he will pass.",1901.0
1710,271,1712615166315,16.0,Then I speed up.,719.0
1710,272,1712615167578,36.0,"But this is at the wrong times, too.",1263.0
1710,273,1712615169022,39.0,I grip the wheel until my fingers hurt.,1444.0
1710,274,1712615170502,37.0,On a long clear stretch he goes past.,1480.0
1710,275,1712615173798,73.0,"But he drives along beside for a bit, a crewcut man in a blue work shirt.",3296.0
1710,276,1712615174783,24.0,We look each other over.,985.0
1710,277,1712615177416,53.0,"Then he waves, toots his horn, and pulls on up ahead.",2633.0
1710,278,1712615178619,29.0,I slow down and find a place.,1203.0
1710,279,1712615180537,35.0,I pull over and shut off the motor.,1918.0
1710,280,1712615182331,42.0,I can hear the river down below the trees.,1794.0
1710,281,1712615183268,35.0,Then I hear the pickup coming back.,937.0
1710,282,1712615184691,41.0,I lock the doors and roll up the windows.,1423.0
1710,283,1712615186029,30.0,"""You all right?"" the man says.",1338.0
1710,284,1712615187513,21.0,He raps on the glass.,1484.0
1710,285,1712615188227,11.0,"""You okay?""",714.0
1710,286,1712615190461,64.0,He leans his arms on the door and brings his face to the window.,2233.0
1710,287,1712615191255,15.0,I stare at him.,794.0
1710,288,1712615192312,30.0,I can't think what else to do.,1057.0
1710,289,1712615193421,34.0,"""Is everything all right in there?",1109.0
1710,290,1712615194698,31.0,"How come you're all locked up?""",1277.0
1710,291,1712615195533,16.0,I shake my head.,835.0
1710,292,1712615196367,24.0,"""Roll down your window.""",834.0
1710,293,1712615198799,64.0,He shakes his head and looks at the highway and then back at me.,2432.0
1710,294,1712615199926,19.0,"""Roll it down now.""",1127.0
1710,295,1712615202437,32.0,"""Please,"" I say, ""I have to go.""",2511.0
1710,296,1712615204114,50.0,"""Open the door,"" he says as if he isn't listening.",1677.0
1710,297,1712615205537,33.0,"""You're going to choke in there.""",1423.0
1710,298,1712615206870,32.0,"He looks at my breasts, my legs.",1333.0
1710,299,1712615208375,34.0,I can tell that's what he's doing.,1505.0
1710,300,1712615209432,22.0,"""Hey, sugar,"" he says.",1057.0
1710,301,1712615210519,31.0,"""I'm just here to help is all.""",1087.0
1710,302,1712615211465,3.0,***,946.0
1710,303,1712615213101,52.0,The casket is closed and covered with floral sprays.,1636.0
1710,304,1712615215265,45.0,The organ starts up the minute I take a seat.,2164.0
1710,305,1712615216809,40.0,People are coming in and finding chairs.,1544.0
1710,306,1712615219516,63.0,There's a boy in flared pants and a yellow short-sleeved shirt.,2707.0
1710,307,1712615223704,100.0,A door opens and the family comes in in a group and moves over to a curtained place off to one side.,4188.0
1710,308,1712615226415,39.0,Chairs creak as everybody gets settled.,2711.0
1710,309,1712615230859,83.0,"Directly, a nice blond man in a nice dark suit stands and asks us to bow our heads.",4443.0
1710,310,1712615235211,105.0,"He says a prayer for us, the living, and when he finishes, he says a prayer for the soul of the departed.",4352.0
1710,311,1712615237923,43.0,Along with the others I go past the casket.,2712.0
1710,312,1712615242224,66.0,Then I move out onto the front steps and into the afternoon light.,4301.0
1710,313,1712615244989,66.0,There's a woman who limps as she goes down the stairs ahead of me.,2765.0
1710,314,1712615246586,33.0,On the sidewalk she looks around.,1597.0
1710,315,1712615269968,31.0,"""Well, they got him,"" she says.",23382.0
1710,316,1712615278113,27.0,"""If that's any consolation.",8145.0
1710,317,1712615285189,31.0,They arrested him this morning.,7076.0
1710,318,1712615286481,38.0,I heard it on the radio before I come.,1292.0
1710,319,1712615287751,26.0,"A boy right here in town.""",1270.0
1710,320,1712615290252,42.0,We move a few steps down the hot sidewalk.,2501.0
1710,321,1712615292945,25.0,People are starting cars.,2693.0
1710,322,1712615295106,49.0,I put out my hand and hold on to a parking meter.,2161.0
1710,323,1712615296591,36.0,Polished hoods and polished fenders.,1485.0
1710,324,1712615298747,14.0,My head swims.,2156.0
1710,325,1712615300749,41.0,"I say, ""They have friends, these killers.",2002.0
1710,326,1712615301735,16.0,"You can't tell.""",986.0
1710,327,1712615305326,70.0,"""I have known that child since she was a little girl,"" the woman says.",3591.0
1710,328,1712615309125,93.0,"""She used to come over and I'd bake cookies for her and let her eat them in front of the TV.""",3799.0
1710,329,1712615310232,3.0,***,1107.0
1710,330,1712615313671,76.0,"Back home, Stuart sits at the table with a drink of whiskey in front of him.",3439.0
1710,331,1712615317392,57.0,For a crazy instant I think something's happened to Dean.,3721.0
1710,332,1712615318134,14.0,"""Where is he?""",742.0
1710,333,1712615318683,6.0,I say.,548.0
1710,334,1712615319288,16.0,"""Where is Dean?""",605.0
1710,335,1712615320254,27.0,"""Outside,"" my husband says.",966.0
1710,336,1712615321401,34.0,He drains his glass and stands up.,1147.0
1710,337,1712615323018,40.0,"He says, ""I think I know what you need.""",1617.0
1710,338,1712615329668,138.0,He reaches an arm around my waist and with his other hand he begins to unbutton my jacket and then he goes on to the buttons of my blouse.,6650.0
1710,339,1712615330694,30.0,"""First things first,"" he says.",1026.0
1710,340,1712615331529,23.0,He says something else.,834.0
1710,341,1712615332334,27.0,But I don't need to listen.,805.0
1710,342,1712615333840,46.0,I can't hear a thing with so much water going.,1506.0
1710,343,1712615334439,3.0,***,599.0
1658,109,1712428070518,3.0,***,13576.0
1658,110,1712428073784,37.0,My husband eats with a good appetite.,3266.0
1658,111,1712428076437,37.0,But I don't think he's really hungry.,2653.0
1658,112,1712428079298,69.0,"He chews, arms on the table, and stares at something across the room.",2860.0
1658,113,1712428081900,30.0,He looks at me and looks away.,2602.0
1658,114,1712428083497,33.0,He wipes his mouth on the napkin.,1597.0
1658,115,1712428085066,30.0,"He shrugs, and goes on eating.",1569.0
1658,116,1712428086633,42.0,"""What are you staring at me for?"" he says.",1567.0
1658,117,1712428088968,45.0,"""What is it?"" he says and lays down his fork.",2335.0
1658,118,1712428090964,42.0,"""Was I staring?"" I say, and shake my head.",1996.0
1658,119,1712428092071,20.0,The telephone rings.,1107.0
1658,120,1712428093643,27.0,"""Don't answer it,"" he says.",1571.0
1658,121,1712428095427,33.0,"""It might be your mother,"" I say.",1784.0
1658,122,1712428097216,25.0,"""Watch and see,"" he says.",1789.0
1658,123,1712428098754,34.0,I pick up the receiver and listen.,1538.0
1658,124,1712428099998,24.0,My husband stops eating.,1244.0
1658,125,1712428101638,46.0,"""What did I tell you?"" he says when I hang up.",1640.0
1658,126,1712428102906,23.0,He starts to eat again.,1268.0
1658,127,1712428104677,36.0,Then throws his napkin on his plate.,1771.0
1658,128,1712428107348,63.0,"He says, ""Goddamn it, why can't people mind their own business?",2671.0
1658,129,1712428109354,41.0,Tell me what I did wrong and I'll listen!,2006.0
1658,130,1712428111338,28.0,I wasn't the only man there.,1984.0
1658,131,1712428113254,37.0,We talked it over and we all decided.,1916.0
1658,132,1712428114514,29.0,We couldn't just turn around.,1260.0
1658,133,1712428115919,32.0,We were five miles from the car.,1405.0
1658,134,1712428117999,34.0,I won't have you passing judgment.,2080.0
1658,135,1712428119177,13.0,"Do you hear?""",1178.0
1658,136,1712428120210,18.0,"""You know,"" I say.",1033.0
1658,137,1712428121564,33.0,"He says, ""What do I know, Claire?",1354.0
1658,138,1712428122844,34.0,Tell me what I'm supposed to know.,1280.0
1658,139,1712428124262,40.0,"I don't know anything except one thing?""",1418.0
1658,140,1712428125927,48.0,He gives me what he thinks is a meaningful look.,1665.0
1658,141,1712428127079,24.0,"""She was dead,"" he says.",1152.0
1658,142,1712428128513,33.0,"""And I'm as sorry as anyone else.",1434.0
1658,143,1712428129933,18.0,"But she was dead.""",1420.0
1658,144,1712428131214,26.0,"""That's the point,"" I say.",1281.0
1658,145,1712428132369,20.0,He raises his hands.,1154.0
1658,146,1712428134002,40.0,He pushes his chair away from the table.,1633.0
1658,147,1712428135733,72.0,He takes out his cigarettes and goes out to the back with a can of beer.,1731.0
1658,148,1712428138100,64.0,I see him sit in the lawn chair and pick up the newspaper again.,2367.0
1658,149,1712428139975,39.0,His name is in there on the first page.,1875.0
1658,150,1712428141305,36.0,Along with the names of his friends.,1330.0
1658,151,1712428142969,40.0,I close my eyes and hold on to the sink.,1664.0
1658,152,1712428146071,74.0,Then I rake my arm across the drainboard and send the dishes to the floor.,3102.0
1658,153,1712428147095,16.0,He doesn't move.,1024.0
1658,154,1712428148375,18.0,I know he's heard.,1280.0
1658,155,1712428150169,40.0,He lifts his head as if still listening.,1794.0
1658,156,1712428151685,30.0,But he doesn't move otherwise.,1516.0
1658,157,1712428152936,23.0,He doesn't turn around.,1251.0
1658,158,1712428154689,3.0,***,1753.0
1658,159,1712428158522,88.0,"He and Gordon Johnson and Mel Dorn and Vern Williams, they play poker and bowl and fish.",3833.0
1658,160,1712428161605,85.0,They fish every spring and early summer before visiting relatives can get in the way.,3083.0
1658,161,1712428165540,65.0,"They are decent men, family men, men who take care of their jobs.",3935.0
1658,162,1712428169015,65.0,"They have sons and daughters who go to school with our son, Dean.",3475.0
1658,163,1712428172208,55.0,Last Friday these family men left for the Naches River.,3193.0
1658,164,1712428176681,76.0,They parked the car in the mountains and hiked to where they wanted to fish.,4473.0
1658,165,1712428180348,76.0,"They carried their bedrolls, their food, their playing cards, their whiskey.",3667.0
1658,166,1712428182935,42.0,They saw the girl before they set up camp.,2587.0
1658,167,1712428184504,19.0,Mel Dorn found her.,1569.0
1658,168,1712428186273,25.0,No clothes on her at all.,1769.0
1658,169,1712428189767,64.0,She was wedged into some branches that stuck out over the water.,3494.0
1658,170,1712428192184,43.0,He called the others and they came to look.,2417.0
1658,171,1712428194069,29.0,They talked about what to do.,1885.0
1658,172,1712428199315,82.0,One of the men - my Stuart didn't say which - said they should start back at once.,5246.0
1658,173,1712428204453,86.0,"The others stirred the sand with their shoes, said they didn't feel inclined that way.",5138.0
1658,174,1712428210361,82.0,"They pleaded fatigue, the late hour, the fact that the girl wasn't going anywhere.",5908.0
1658,175,1712428213242,47.0,In the end they went ahead and set up the camp.,2881.0
1658,176,1712428215285,42.0,They built a fire and drank their whiskey.,2043.0
1658,177,1712428217565,50.0,"When the moon came up, they talked about the girl.",2280.0
1658,178,1712428222384,59.0,Someone said they should -keep the body from drifting away.,4818.0
1658,179,1712428225198,55.0,They took their flashlights and went back to the river.,2814.0
1658,180,1712428230374,66.0,One of the men - it might have been Stuart - waded in and got her.,5176.0
1658,181,1712428233889,53.0,He took her by the fingers and pulled her into shore.,3515.0
1658,182,1712428239269,87.0,He got some nylon cord and tied it to her wrist and then looped the rest around a tree.,5380.0
1658,183,1712428243878,99.0,"The next morning they cooked breakfast, drank coffee, and drank whiskey, and then split up to fish.",4609.0
1658,184,1712428261659,182.0,"That night they cooked fish, cooked potatoes, drank coffee, drank whiskey, then took their cooking things and eating things back down to the river and washed them where the girl was.",17781.0
1658,185,1712428263233,32.0,They played some cards later on.,1574.0
1658,186,1712428267815,55.0,Maybe they played until they couldn't see them anymore.,4582.0
1658,187,1712428270208,28.0,Vern Williams went to sleep.,2393.0
1658,188,1712428271968,28.0,But the others told stories.,1760.0
1658,189,1712428279903,100.0,Gordon Johnson said the trout they'd caught were hard because of the terrible coldness of the water.,7934.0
1658,190,1712428289410,154.0,"The next morning they got up late, drank whiskey, fished a little, took down their tents, rolled their sleeping bags, gathered their stuff, and hiked out.",9506.0
1658,191,1712428291792,41.0,They drove until they got to a telephone.,2382.0
1658,192,1712428295942,86.0,It was Stuart who made the call while the others stood around in the sun and listened.,4150.0
1658,193,1712428297602,32.0,He gave the sheriff their names.,1660.0
1658,194,1712428299458,25.0,They had nothing to hide.,1855.0
1658,195,1712428301032,21.0,They weren't ashamed.,1574.0
1658,196,1712428306818,100.0,They said they'd wait until someone could come for better directions and take down their statements.,5786.0
1658,197,1712428308085,3.0,***,1267.0
1658,198,1712428309857,30.0,I was asleep when he got home.,1772.0
1658,199,1712428312443,46.0,But I woke up when I heard him in the kitchen.,2586.0
1658,200,1712428317772,64.0,I found him leaning against the refrigerator with a can of beer.,5329.0
1658,201,1712428323761,68.0,He put his heavy arms around me and rubbed his big hands on my back.,5989.0
1658,202,1712428329200,85.0,In bed he put his hands on me again and then waited as if thinking of something else.,5439.0
1658,203,1712428330985,28.0,I turned and opened my legs.,1785.0
1658,204,1712428334052,36.0,"Afterwards, I think he stayed awake.",3067.0
1658,205,1712428338474,53.0,He was up that morning before I could get out of bed.,4421.0
1658,206,1712428341538,54.0,"To see if there was something in the paper, I suppose.",3064.0
1658,207,1712428344134,46.0,The telephone began ringing right after eight.,2596.0
1658,208,1712428345202,13.0,"""Go to hell!""",1067.0
1658,209,1712428346661,18.0,I heard him shout.,1459.0
1658,210,1712428348652,31.0,The telephone rang right again.,1991.0
1658,211,1712428353400,59.0,"""I have nothing to add to what I already told the sheriff!""",4748.0
1658,212,1712428355030,29.0,He slammed the receiver down.,1630.0
1658,213,1712428356374,27.0,"""What is going on?"" I said.",1344.0
1658,214,1712428360245,49.0,It was then that he told me what I just told you.,3871.0
1658,215,1712428361319,3.0,***,1074.0
1658,216,1712428364913,44.0,I sweep up the broken dishes and go outside.,3594.0
1658,217,1712428369878,85.0,"He is lying on his back on the grass now, the newspaper and can of beer within reach.",4965.0
1658,218,1712428372851,41.0,"""Stuart, could we go for a drive?"" I say.",2973.0
1658,219,1712428374461,30.0,He rolls over and looks at me.,1610.0
1658,220,1712428377023,37.0,"""We'll pick up some beer,"" he says...",2562.0
1658,221,1712428382051,62.0,He gets to his feet and touches me on the hip as he goes past.,5028.0
1658,222,1712428383273,28.0,"""Give me a minute,"" he says.",1221.0
1658,223,1712428385596,39.0,We drive through town without speaking.,2323.0
1658,224,1712428388795,39.0,He stops at a roadside market for beer.,3199.0
1658,225,1712428391858,54.0,I notice a great stack of papers just inside the door.,3063.0
1658,226,1712428397744,89.0,On the top step a fat woman in a print dress holds out a licorice stick to a little girl.,5886.0
1658,227,1712428402036,66.0,"Later on, we cross Everson Creek and turn into the picnic grounds.",4291.0
1658,228,1712428407617,79.0,The creek runs under the bridge and into a large pond a few hundred yards away.,5580.0
1658,229,1712428409701,28.0,I can see the men out there.,2084.0
1658,230,1712428411472,33.0,I can see them out there fishing.,1770.0
1658,231,1712428413945,31.0,So much water so close to home.,2473.0
1658,232,1712428416993,43.0,"I say, ""Why did you have to go miles away?""",3048.0
1658,233,1712428419466,25.0,"""Don't rile me,"" he says.",2473.0
1658,234,1712428423469,29.0,We sit on a bench in the sun.,4003.0
1658,235,1712428425370,25.0,He opens us cans of beer.,1901.0
1658,236,1712428426514,25.0,"He says, ""Relax, Claire.""",1144.0
1658,237,1712428428573,30.0,"""They said they were innocent.",2059.0
1658,238,1712428430288,27.0,"They said they were crazy.""",1714.0
1658,239,1712428432054,15.0,"He says, ""Who?""",1766.0
1658,240,1712428433744,38.0,"He says, ""What are you talking about?""",1690.0
1658,241,1712428435317,21.0,"""The Maddox brothers.",1573.0
1658,242,1712428439540,54.0,They killed a girl named Arlene Hubly where I grew up.,4223.0
1658,243,1712428443980,60.0,They cut off her head and threw her into the Cle Elum River.,4440.0
1658,244,1712428445794,31.0,"It happened when I was a girl.""",1814.0
1658,245,1712428448080,40.0,"""You're going to get me riled,"" he says.",2286.0
1658,246,1712428449780,20.0,I look at the creek.,1700.0
1658,247,1712428454086,79.0,"I'm right in it, eyes open, face down, staring at the moss on the bottom, dead.",4306.0
1658,248,1712428456719,62.0,"""I don't know what's wrong with you,"" he says on the way home.",2632.0
1658,249,1712428459568,45.0,"""You're getting me more riled by the minute.""",2849.0
1658,250,1712428462825,34.0,There is nothing I can say to him.,3257.0
1658,251,1712428464897,36.0,He tries to concentrate on the road.,2072.0
1658,252,1712428468509,47.0,But he keeps looking into the rear-view mirror.,3612.0
1658,253,1712428469603,9.0,He knows.,1094.0
1658,254,1712428470334,3.0,***,731.0
1658,255,1712428474703,52.0,Stuart believes he is letting me sleep this morning.,4369.0
1658,256,1712428477225,47.0,But I was awake long before the alarm went off.,2522.0
1658,257,1712428482284,74.0,"I was thinking, lying on the far side of the bed away from his hairy legs.",5059.0
1658,258,1712428486910,78.0,"He gets Dean off for school, and then he shaves, dresses, and leaves for work.",4626.0
1658,259,1712428489737,40.0,Twice he looks in and clears his throat.,2827.0
1658,260,1712428491608,26.0,But I keep my eyes closed.,1871.0
1658,261,1712428493778,38.0,In the kitchen I find a note from him.,2170.0
1658,262,1712428495499,19.0,"It's signed ""Love.""",1721.0
1658,263,1712428503482,74.0,I sit in the breakfast nook and drink coffee and leave a ring on the note.,7982.0
1658,264,1712428509513,67.0,I look at the newspaper and turn it this way and that on the table.,6031.0
1658,265,1712428512433,43.0,Then I skid it close and read what it says.,2920.0
1658,266,1712428514858,38.0,"The body has been identified, claimed.",2425.0
1658,267,1712428525196,155.0,"But it took some examining it, some putting things into it, some cutting, some weighing, some measuring, some putting things back again and sewing them in.",10338.0
1658,268,1712428528585,57.0,I sit for a long time holding the newspaper and thinking.,3389.0
1658,269,1712428533436,51.0,Then I call up to get a chair at the hairdresser's.,4851.0
1658,270,1712428534281,3.0,***,845.0
1658,271,1712428540170,75.0,I sit under the dryer with a magazine on my lap and let Marnie do my nails.,5889.0
1658,272,1712428542730,42.0,"""I am going to a funeral tomorrow,"" I say.",2560.0
1658,273,1712428544857,38.0,"""I'm sorry to hear that,"" Marnie says.",2127.0
1658,274,1712428546647,25.0,"""It was a murder,"" I say.",1789.0
1658,275,1712428548512,37.0,"""That's the worst kind,"" Marnie says.",1865.0
1658,276,1712428550634,35.0,"""We weren't all that close,"" I say.",2122.0
1658,277,1712428551780,15.0,"""But you know?""",1146.0
1658,278,1712428554024,45.0,"""We'll get you fixed up for it,"" Marnie says.",2244.0
1658,279,1712428557987,72.0,"That night I make my bed on the sofa, and in the morning I get up first.",3963.0
1658,280,1712428561170,50.0,I put on coffee and fix breakfast while he shaves.,3182.0
1658,281,1712428565731,76.0,"He appears in the kitchen doorway, towel over his bare shoulder, appraising.",4561.0
1658,282,1712428566910,23.0,"""Here's coffee,"" I say.",1179.0
1658,283,1712428568799,31.0,"""Eggs'll be ready in a minute.”",1889.0
1658,284,1712428571208,37.0,"I wake Dean, and the three of us eat.",2409.0
1658,285,1712428576121,79.0,"Whenever Stuart looks at me, I ask Dean if he wants more milk, more toast, etc.",4913.0
1658,286,1712428580221,56.0,"""I'll call you today,"" Stuart says as he opens the door.",4100.0
1658,287,1712428582858,42.0,"I say, ""I don't think I'll be home today.""",2637.0
1658,288,1712428583997,21.0,"""All right,"" he says.",1138.0
1658,289,1712428584849,7.0,"""Sure.""",852.0
1658,290,1712428585721,18.0,I dress carefully.,872.0
1658,291,1712428589781,48.0,I try on a hat and look at myself in the mirror.,4060.0
1658,292,1712428592439,28.0,I write out a note for Dean.,2658.0
1658,293,1712428595469,69.0,"Honey, Mommy has things to do this afternoon, but will be back later.",3030.0
1658,294,1712428599436,61.0,You stay in or be in the backyard until one of us comes home.,3967.0
1658,295,1712428600428,11.0,"Love, Mommy",991.0
1658,296,1712428604187,48.0,I look at the word Love and then I underline it.,3759.0
1658,297,1712428606009,29.0,Then I see the word backyard.,1821.0
1658,298,1712428608587,22.0,Is it one word or two?,2577.0
1658,299,1712428609639,3.0,***,1052.0
1658,300,1712428618627,121.0,"I drive through farm country, through fields of oats and sugar beets and past apple orchards, cattle grazing in pastures.",8987.0
1658,301,1712428624818,99.0,"Then everything changes, more like shacks than farmhouses and stands of timber instead of orchards.",6191.0
1658,302,1712428630170,78.0,"Then mountains, and on the right, far below, I sometimes see the Naches River.",5352.0
1658,303,1712428636080,64.0,A green pickup comes up behind me and stays behind me for miles.,5910.0
1658,304,1712428640548,55.0,"I keep slowing at the wrong times, hoping he will pass.",4468.0
1658,305,1712428641704,16.0,Then I speed up.,1156.0
1658,306,1712428644543,36.0,"But this is at the wrong times, too.",2839.0
1658,307,1712428646715,39.0,I grip the wheel until my fingers hurt.,2172.0
1658,308,1712428649969,37.0,On a long clear stretch he goes past.,3254.0
1658,309,1712428655619,73.0,"But he drives along beside for a bit, a crewcut man in a blue work shirt.",5650.0
1658,310,1712428657293,24.0,We look each other over.,1674.0
1658,311,1712428661169,53.0,"Then he waves, toots his horn, and pulls on up ahead.",3875.0
1658,312,1712428663250,29.0,I slow down and find a place.,2081.0
1658,313,1712428665530,35.0,I pull over and shut off the motor.,2280.0
1658,314,1712428668394,42.0,I can hear the river down below the trees.,2864.0
1658,315,1712428670993,35.0,Then I hear the pickup coming back.,2599.0
1658,316,1712428673301,41.0,I lock the doors and roll up the windows.,2308.0
1658,317,1712428675949,30.0,"""You all right?"" the man says.",2648.0
1658,318,1712428677846,21.0,He raps on the glass.,1897.0
1658,319,1712428678843,11.0,"""You okay?""",997.0
1658,320,1712428681920,64.0,He leans his arms on the door and brings his face to the window.,3077.0
1658,321,1712428683075,15.0,I stare at him.,1155.0
1658,322,1712428684729,30.0,I can't think what else to do.,1654.0
1658,323,1712428686503,34.0,"""Is everything all right in there?",1774.0
1658,324,1712428690153,31.0,"How come you're all locked up?""",3650.0
1658,325,1712428691526,16.0,I shake my head.,1373.0
1658,326,1712428692565,24.0,"""Roll down your window.""",1038.0
1658,327,1712428696716,64.0,He shakes his head and looks at the highway and then back at me.,4151.0
1658,328,1712428697851,19.0,"""Roll it down now.""",1134.0
1658,329,1712428700727,32.0,"""Please,"" I say, ""I have to go.""",2876.0
1658,330,1712428704398,50.0,"""Open the door,"" he says as if he isn't listening.",3671.0
1658,331,1712428706519,33.0,"""You're going to choke in there.""",2120.0
1658,332,1712428709300,32.0,"He looks at my breasts, my legs.",2780.0
1658,333,1712428711974,34.0,I can tell that's what he's doing.,2673.0
1658,334,1712428713669,22.0,"""Hey, sugar,"" he says.",1695.0
1658,335,1712428715588,31.0,"""I'm just here to help is all.""",1919.0
1658,336,1712428716465,3.0,***,877.0
1658,337,1712428719771,52.0,The casket is closed and covered with floral sprays.,3306.0
1658,338,1712428724977,45.0,The organ starts up the minute I take a seat.,5206.0
1658,339,1712428727818,40.0,People are coming in and finding chairs.,2841.0
1658,340,1712428731111,63.0,There's a boy in flared pants and a yellow short-sleeved shirt.,3293.0
1658,341,1712428736945,100.0,A door opens and the family comes in in a group and moves over to a curtained place off to one side.,5833.0
1658,342,1712428740512,39.0,Chairs creak as everybody gets settled.,3567.0
1658,343,1712428747001,83.0,"Directly, a nice blond man in a nice dark suit stands and asks us to bow our heads.",6489.0
1658,344,1712428751678,105.0,"He says a prayer for us, the living, and when he finishes, he says a prayer for the soul of the departed.",4677.0
1658,345,1712428754354,43.0,Along with the others I go past the casket.,2676.0
1658,346,1712428762923,66.0,Then I move out onto the front steps and into the afternoon light.,8569.0
1658,347,1712428768821,66.0,There's a woman who limps as she goes down the stairs ahead of me.,5898.0
1658,348,1712428771426,33.0,On the sidewalk she looks around.,2605.0
1658,349,1712428774521,31.0,"""Well, they got him,"" she says.",3095.0
1658,350,1712428776451,27.0,"""If that's any consolation.",1930.0
1658,351,1712428778015,31.0,They arrested him this morning.,1564.0
1658,352,1712428779746,38.0,I heard it on the radio before I come.,1731.0
1658,353,1712428781649,26.0,"A boy right here in town.""",1903.0
1658,354,1712428784704,42.0,We move a few steps down the hot sidewalk.,3055.0
1658,355,1712428785983,25.0,People are starting cars.,1279.0
1658,356,1712428789969,49.0,I put out my hand and hold on to a parking meter.,3986.0
1658,357,1712428792460,36.0,Polished hoods and polished fenders.,2491.0
1658,358,1712428793778,14.0,My head swims.,1318.0
1658,359,1712428797402,41.0,"I say, ""They have friends, these killers.",3624.0
1658,360,1712428798319,16.0,"You can't tell.""",917.0
1658,361,1712428802081,70.0,"""I have known that child since she was a little girl,"" the woman says.",3762.0
1658,362,1712428807067,93.0,"""She used to come over and I'd bake cookies for her and let her eat them in front of the TV.""",4986.0
1658,363,1712428807943,3.0,***,876.0
1658,364,1712428811412,76.0,"Back home, Stuart sits at the table with a drink of whiskey in front of him.",3469.0
1658,365,1712428815049,57.0,For a crazy instant I think something's happened to Dean.,3636.0
1658,366,1712428816625,14.0,"""Where is he?""",1576.0
1658,367,1712428817647,6.0,I say.,1022.0
1658,368,1712428818404,16.0,"""Where is Dean?""",756.0
1658,369,1712428819877,27.0,"""Outside,"" my husband says.",1473.0
1658,370,1712428822079,34.0,He drains his glass and stands up.,2202.0
1658,371,1712428824627,40.0,"He says, ""I think I know what you need.""",2548.0
1658,372,1712428831893,138.0,He reaches an arm around my waist and with his other hand he begins to unbutton my jacket and then he goes on to the buttons of my blouse.,7266.0
1658,373,1712428833426,30.0,"""First things first,"" he says.",1533.0
1658,374,1712428835202,23.0,He says something else.,1776.0
1658,375,1712428837448,27.0,But I don't need to listen.,2245.0
1658,376,1712428840881,46.0,I can't hear a thing with so much water going.,3433.0
1658,377,1712428841590,3.0,***,709.0
1637,88,1712590229248,3.0,***,2018.0
1637,89,1712590231198,37.0,My husband eats with a good appetite.,1950.0
1637,90,1712590233200,37.0,But I don't think he's really hungry.,2002.0
1637,91,1712590236483,69.0,"He chews, arms on the table, and stares at something across the room.",3283.0
1637,92,1712590240887,30.0,He looks at me and looks away.,4404.0
1637,93,1712590242796,33.0,He wipes his mouth on the napkin.,1909.0
1637,94,1712590244829,30.0,"He shrugs, and goes on eating.",2033.0
1637,95,1712590247522,42.0,"""What are you staring at me for?"" he says.",2693.0
1637,96,1712590250227,45.0,"""What is it?"" he says and lays down his fork.",2705.0
1637,97,1712590253016,42.0,"""Was I staring?"" I say, and shake my head.",2789.0
1637,98,1712590256145,20.0,The telephone rings.,3129.0
1637,99,1712590313524,27.0,"""Don't answer it,"" he says.",57379.0
1637,100,1712590315799,33.0,"""It might be your mother,"" I say.",2275.0
1637,101,1712590317682,25.0,"""Watch and see,"" he says.",1882.0
1637,102,1712590328964,34.0,I pick up the receiver and listen.,11282.0
1637,103,1712590329602,24.0,My husband stops eating.,638.0
1637,104,1712590329802,46.0,"""What did I tell you?"" he says when I hang up.",200.0
1637,105,1712590330532,23.0,He starts to eat again.,730.0
1637,106,1712590332012,36.0,Then throws his napkin on his plate.,1480.0
1637,107,1712590332808,63.0,"He says, ""Goddamn it, why can't people mind their own business?",796.0
1637,108,1712590333685,41.0,Tell me what I did wrong and I'll listen!,877.0
1637,109,1712590361970,28.0,I wasn't the only man there.,28285.0
1637,110,1712590363323,37.0,We talked it over and we all decided.,1353.0
1637,111,1712590370661,29.0,We couldn't just turn around.,7338.0
1637,112,1712590371139,32.0,We were five miles from the car.,478.0
1637,113,1712590371407,34.0,I won't have you passing judgment.,268.0
1637,114,1712590374583,13.0,"Do you hear?""",3176.0
1637,115,1712590376695,18.0,"""You know,"" I say.",2112.0
1637,116,1712590378392,33.0,"He says, ""What do I know, Claire?",1697.0
1637,117,1712590380065,34.0,Tell me what I'm supposed to know.,1672.0
1637,118,1712590383629,40.0,"I don't know anything except one thing?""",3564.0
1637,119,1712590385727,48.0,He gives me what he thinks is a meaningful look.,2098.0
1637,120,1712590387838,24.0,"""She was dead,"" he says.",2111.0
1637,121,1712590395248,33.0,"""And I'm as sorry as anyone else.",7409.0
1637,122,1712590405376,18.0,"But she was dead.""",10128.0
1637,123,1712590410779,26.0,"""That's the point,"" I say.",5403.0
1637,124,1712590413752,20.0,He raises his hands.,2973.0
1637,125,1712590417091,40.0,He pushes his chair away from the table.,3339.0
1637,126,1712590419059,72.0,He takes out his cigarettes and goes out to the back with a can of beer.,1968.0
1637,127,1712590421967,64.0,I see him sit in the lawn chair and pick up the newspaper again.,2908.0
1637,128,1712590424518,39.0,His name is in there on the first page.,2551.0
1637,129,1712590428600,36.0,Along with the names of his friends.,4082.0
1637,130,1712590431307,40.0,I close my eyes and hold on to the sink.,2706.0
1637,131,1712590455370,74.0,Then I rake my arm across the drainboard and send the dishes to the floor.,24063.0
1637,132,1712590458226,16.0,He doesn't move.,2856.0
1637,133,1712590461632,18.0,I know he's heard.,3406.0
1637,134,1712590464106,40.0,He lifts his head as if still listening.,2474.0
1637,135,1712590468870,30.0,But he doesn't move otherwise.,4764.0
1637,136,1712590474104,23.0,He doesn't turn around.,5234.0
1637,137,1712590476185,3.0,***,2081.0
1637,138,1712590482796,88.0,"He and Gordon Johnson and Mel Dorn and Vern Williams, they play poker and bowl and fish.",6610.0
1637,139,1712590484870,85.0,They fish every spring and early summer before visiting relatives can get in the way.,2074.0
1637,140,1712590488123,65.0,"They are decent men, family men, men who take care of their jobs.",3253.0
1637,141,1712590491337,65.0,"They have sons and daughters who go to school with our son, Dean.",3213.0
1637,142,1712590492979,55.0,Last Friday these family men left for the Naches River.,1642.0
1637,143,1712590495269,76.0,They parked the car in the mountains and hiked to where they wanted to fish.,2290.0
1637,144,1712590497494,76.0,"They carried their bedrolls, their food, their playing cards, their whiskey.",2225.0
1637,145,1712590499791,42.0,They saw the girl before they set up camp.,2297.0
1637,146,1712590501301,19.0,Mel Dorn found her.,1509.0
1637,147,1712590502598,25.0,No clothes on her at all.,1297.0
1637,148,1712590505652,64.0,She was wedged into some branches that stuck out over the water.,3054.0
1637,149,1712590509148,43.0,He called the others and they came to look.,3495.0
1637,150,1712590519164,29.0,They talked about what to do.,10016.0
1637,151,1712590523848,82.0,One of the men - my Stuart didn't say which - said they should start back at once.,4684.0
1637,152,1712590529705,86.0,"The others stirred the sand with their shoes, said they didn't feel inclined that way.",5857.0
1637,153,1712590534851,82.0,"They pleaded fatigue, the late hour, the fact that the girl wasn't going anywhere.",5146.0
1637,154,1712590537656,47.0,In the end they went ahead and set up the camp.,2805.0
1637,155,1712590540392,42.0,They built a fire and drank their whiskey.,2736.0
1637,156,1712590545576,50.0,"When the moon came up, they talked about the girl.",5183.0
1637,157,1712590549416,59.0,Someone said they should -keep the body from drifting away.,3840.0
1637,158,1712590555405,55.0,They took their flashlights and went back to the river.,5989.0
1637,159,1712590559981,66.0,One of the men - it might have been Stuart - waded in and got her.,4576.0
1637,160,1712590565758,53.0,He took her by the fingers and pulled her into shore.,5777.0
1637,161,1712590570207,87.0,He got some nylon cord and tied it to her wrist and then looped the rest around a tree.,4449.0
1637,162,1712590574389,99.0,"The next morning they cooked breakfast, drank coffee, and drank whiskey, and then split up to fish.",4182.0
1637,163,1712590587495,182.0,"That night they cooked fish, cooked potatoes, drank coffee, drank whiskey, then took their cooking things and eating things back down to the river and washed them where the girl was.",13106.0
1637,164,1712590596254,32.0,They played some cards later on.,8759.0
1637,165,1712590613681,55.0,Maybe they played until they couldn't see them anymore.,17427.0
1637,166,1712590618756,28.0,Vern Williams went to sleep.,5075.0
1637,167,1712590655866,28.0,But the others told stories.,37110.0
1637,168,1712590658298,100.0,Gordon Johnson said the trout they'd caught were hard because of the terrible coldness of the water.,2432.0
1637,169,1712590664461,154.0,"The next morning they got up late, drank whiskey, fished a little, took down their tents, rolled their sleeping bags, gathered their stuff, and hiked out.",6163.0
1637,170,1712590666750,41.0,They drove until they got to a telephone.,2289.0
1637,171,1712590669942,86.0,It was Stuart who made the call while the others stood around in the sun and listened.,3191.0
1637,172,1712590672316,32.0,He gave the sheriff their names.,2374.0
1637,173,1712590673340,25.0,They had nothing to hide.,1024.0
1637,174,1712590674403,21.0,They weren't ashamed.,1063.0
1637,175,1712590675812,100.0,They said they'd wait until someone could come for better directions and take down their statements.,1409.0
1637,176,1712590810392,3.0,***,134580.0
1637,177,1712590811610,30.0,I was asleep when he got home.,1218.0
1637,178,1712590813236,46.0,But I woke up when I heard him in the kitchen.,1626.0
1637,179,1712590814783,64.0,I found him leaning against the refrigerator with a can of beer.,1547.0
1637,180,1712590816166,68.0,He put his heavy arms around me and rubbed his big hands on my back.,1381.0
1637,181,1712590817753,85.0,In bed he put his hands on me again and then waited as if thinking of something else.,1587.0
1637,182,1712590820982,28.0,I turned and opened my legs.,3229.0
1637,183,1712590829736,36.0,"Afterwards, I think he stayed awake.",8754.0
1637,184,1712590830810,53.0,He was up that morning before I could get out of bed.,1074.0
1637,185,1712590832444,54.0,"To see if there was something in the paper, I suppose.",1634.0
1637,186,1712590834884,46.0,The telephone began ringing right after eight.,2440.0
1637,187,1712590837574,13.0,"""Go to hell!""",2690.0
1637,188,1712590842902,18.0,I heard him shout.,5328.0
1637,189,1712590846229,31.0,The telephone rang right again.,3327.0
1637,190,1712590848133,59.0,"""I have nothing to add to what I already told the sheriff!""",1904.0
1637,191,1712590849938,29.0,He slammed the receiver down.,1805.0
1637,192,1712590851836,27.0,"""What is going on?"" I said.",1898.0
1637,193,1712590853690,49.0,It was then that he told me what I just told you.,1854.0
1637,194,1712590855317,3.0,***,1627.0
1637,195,1712590857579,44.0,I sweep up the broken dishes and go outside.,2262.0
1637,196,1712590857917,85.0,"He is lying on his back on the grass now, the newspaper and can of beer within reach.",338.0
1637,197,1712590859786,41.0,"""Stuart, could we go for a drive?"" I say.",1869.0
1637,198,1712590862907,30.0,He rolls over and looks at me.,3121.0
1637,199,1712590864906,37.0,"""We'll pick up some beer,"" he says...",1999.0
1637,200,1712590865922,62.0,He gets to his feet and touches me on the hip as he goes past.,1016.0
1637,201,1712590874247,28.0,"""Give me a minute,"" he says.",8325.0
1637,202,1712590876095,39.0,We drive through town without speaking.,1848.0
1637,203,1712590878066,39.0,He stops at a roadside market for beer.,1971.0
1637,204,1712590881093,54.0,I notice a great stack of papers just inside the door.,3027.0
1637,205,1712590884629,89.0,On the top step a fat woman in a print dress holds out a licorice stick to a little girl.,3535.0
1637,206,1712590888444,66.0,"Later on, we cross Everson Creek and turn into the picnic grounds.",3815.0
1637,207,1712590891150,79.0,The creek runs under the bridge and into a large pond a few hundred yards away.,2706.0
1637,208,1712590893360,28.0,I can see the men out there.,2210.0
1637,209,1712590895147,33.0,I can see them out there fishing.,1787.0
1637,210,1712590897308,31.0,So much water so close to home.,2161.0
1637,211,1712590899181,43.0,"I say, ""Why did you have to go miles away?""",1873.0
1637,212,1712590900734,25.0,"""Don't rile me,"" he says.",1553.0
1637,213,1712590903795,29.0,We sit on a bench in the sun.,3061.0
1637,214,1712590907275,25.0,He opens us cans of beer.,3480.0
1637,215,1712590909539,25.0,"He says, ""Relax, Claire.""",2264.0
1637,216,1712590913649,30.0,"""They said they were innocent.",4110.0
1637,217,1712590918848,27.0,"They said they were crazy.""",5199.0
1637,218,1712590922658,15.0,"He says, ""Who?""",3810.0
1637,219,1712590925238,38.0,"He says, ""What are you talking about?""",2580.0
1637,220,1712590926997,21.0,"""The Maddox brothers.",1759.0
1637,221,1712590929387,54.0,They killed a girl named Arlene Hubly where I grew up.,2390.0
1637,222,1712590932051,60.0,They cut off her head and threw her into the Cle Elum River.,2664.0
1637,223,1712590935432,31.0,"It happened when I was a girl.""",3381.0
1637,224,1712590937476,40.0,"""You're going to get me riled,"" he says.",2044.0
1637,225,1712590939377,20.0,I look at the creek.,1901.0
1637,226,1712590941298,79.0,"I'm right in it, eyes open, face down, staring at the moss on the bottom, dead.",1921.0
1637,227,1712590945044,62.0,"""I don't know what's wrong with you,"" he says on the way home.",3746.0
1637,228,1712590947046,45.0,"""You're getting me more riled by the minute.""",2002.0
1637,229,1712590948949,34.0,There is nothing I can say to him.,1903.0
1637,230,1712590950929,36.0,He tries to concentrate on the road.,1980.0
1637,231,1712590953676,47.0,But he keeps looking into the rear-view mirror.,2747.0
1637,232,1712590955146,9.0,He knows.,1470.0
1637,233,1712591001166,3.0,***,46020.0
1637,234,1712591003080,52.0,Stuart believes he is letting me sleep this morning.,1914.0
1637,235,1712591004185,47.0,But I was awake long before the alarm went off.,1105.0
1637,236,1712591007434,74.0,"I was thinking, lying on the far side of the bed away from his hairy legs.",3249.0
1637,237,1712591012332,78.0,"He gets Dean off for school, and then he shaves, dresses, and leaves for work.",4898.0
1637,238,1712591014830,40.0,Twice he looks in and clears his throat.,2497.0
1637,239,1712591017276,26.0,But I keep my eyes closed.,2446.0
1637,240,1712591019944,38.0,In the kitchen I find a note from him.,2668.0
1637,241,1712591021875,19.0,"It's signed ""Love.""",1930.0
1637,242,1712591024402,74.0,I sit in the breakfast nook and drink coffee and leave a ring on the note.,2527.0
1637,243,1712591026625,67.0,I look at the newspaper and turn it this way and that on the table.,2223.0
1637,244,1712591028904,43.0,Then I skid it close and read what it says.,2279.0
1637,245,1712591030650,38.0,"The body has been identified, claimed.",1746.0
1637,246,1712591034108,155.0,"But it took some examining it, some putting things into it, some cutting, some weighing, some measuring, some putting things back again and sewing them in.",3458.0
1637,247,1712591036948,57.0,I sit for a long time holding the newspaper and thinking.,2840.0
1637,248,1712591039086,51.0,Then I call up to get a chair at the hairdresser's.,2138.0
1637,249,1712591045436,3.0,***,6350.0
1637,250,1712591047970,75.0,I sit under the dryer with a magazine on my lap and let Marnie do my nails.,2534.0
1637,251,1712591050370,42.0,"""I am going to a funeral tomorrow,"" I say.",2400.0
1637,252,1712591065384,38.0,"""I'm sorry to hear that,"" Marnie says.",15014.0
1637,253,1712591066902,25.0,"""It was a murder,"" I say.",1518.0
1637,254,1712591068715,37.0,"""That's the worst kind,"" Marnie says.",1813.0
1637,255,1712591070753,35.0,"""We weren't all that close,"" I say.",2038.0
1637,256,1712591072359,15.0,"""But you know?""",1606.0
1637,257,1712591076101,45.0,"""We'll get you fixed up for it,"" Marnie says.",3742.0
1637,258,1712591077478,72.0,"That night I make my bed on the sofa, and in the morning I get up first.",1377.0
1637,259,1712591078716,50.0,I put on coffee and fix breakfast while he shaves.,1238.0
1637,260,1712591081413,76.0,"He appears in the kitchen doorway, towel over his bare shoulder, appraising.",2697.0
1637,261,1712591084483,23.0,"""Here's coffee,"" I say.",3070.0
1637,262,1712591086224,31.0,"""Eggs'll be ready in a minute.”",1741.0
1637,263,1712591087505,37.0,"I wake Dean, and the three of us eat.",1281.0
1637,264,1712591089457,79.0,"Whenever Stuart looks at me, I ask Dean if he wants more milk, more toast, etc.",1952.0
1637,265,1712591090946,56.0,"""I'll call you today,"" Stuart says as he opens the door.",1488.0
1637,266,1712591093010,42.0,"I say, ""I don't think I'll be home today.""",2064.0
1637,267,1712591094745,21.0,"""All right,"" he says.",1735.0
1637,268,1712591095905,7.0,"""Sure.""",1160.0
1637,269,1712591097265,18.0,I dress carefully.,1360.0
1637,270,1712591098777,48.0,I try on a hat and look at myself in the mirror.,1512.0
1637,271,1712591100317,28.0,I write out a note for Dean.,1540.0
1637,272,1712591104198,69.0,"Honey, Mommy has things to do this afternoon, but will be back later.",3881.0
1637,273,1712591108462,61.0,You stay in or be in the backyard until one of us comes home.,4264.0
1637,274,1712591111795,11.0,"Love, Mommy",3333.0
1637,275,1712591115389,48.0,I look at the word Love and then I underline it.,3594.0
1637,276,1712591117346,29.0,Then I see the word backyard.,1957.0
1637,277,1712591119262,22.0,Is it one word or two?,1916.0
1637,278,1712591121568,3.0,***,2306.0
1637,279,1712591133229,121.0,"I drive through farm country, through fields of oats and sugar beets and past apple orchards, cattle grazing in pastures.",11661.0
1637,280,1712591137401,99.0,"Then everything changes, more like shacks than farmhouses and stands of timber instead of orchards.",4172.0
1637,281,1712591140527,78.0,"Then mountains, and on the right, far below, I sometimes see the Naches River.",3126.0
1637,282,1712591143456,64.0,A green pickup comes up behind me and stays behind me for miles.,2929.0
1637,283,1712591145133,55.0,"I keep slowing at the wrong times, hoping he will pass.",1677.0
1637,284,1712591146512,16.0,Then I speed up.,1379.0
1637,285,1712591148047,36.0,"But this is at the wrong times, too.",1535.0
1637,286,1712591149015,39.0,I grip the wheel until my fingers hurt.,968.0
1637,287,1712591150053,37.0,On a long clear stretch he goes past.,1038.0
1637,288,1712591155921,73.0,"But he drives along beside for a bit, a crewcut man in a blue work shirt.",5868.0
1637,289,1712591160361,24.0,We look each other over.,4440.0
1637,290,1712591161276,53.0,"Then he waves, toots his horn, and pulls on up ahead.",915.0
1637,291,1712591167832,29.0,I slow down and find a place.,6556.0
1637,292,1712591170218,35.0,I pull over and shut off the motor.,2385.0
1637,293,1712591175441,42.0,I can hear the river down below the trees.,5223.0
1637,294,1712591182962,35.0,Then I hear the pickup coming back.,7521.0
1637,295,1712591186547,41.0,I lock the doors and roll up the windows.,3584.0
1637,296,1712591187634,30.0,"""You all right?"" the man says.",1087.0
1637,297,1712591190840,21.0,He raps on the glass.,3206.0
1637,298,1712591192092,11.0,"""You okay?""",1252.0
1637,299,1712591194293,64.0,He leans his arms on the door and brings his face to the window.,2201.0
1637,300,1712591198514,15.0,I stare at him.,4221.0
1637,301,1712591205205,30.0,I can't think what else to do.,6691.0
1637,302,1712591209410,34.0,"""Is everything all right in there?",4205.0
1637,303,1712591215872,31.0,"How come you're all locked up?""",6462.0
1637,304,1712591222564,16.0,I shake my head.,6692.0
1637,305,1712591224511,24.0,"""Roll down your window.""",1947.0
1637,306,1712591227418,64.0,He shakes his head and looks at the highway and then back at me.,2907.0
1637,307,1712591229077,19.0,"""Roll it down now.""",1658.0
1637,308,1712591230196,32.0,"""Please,"" I say, ""I have to go.""",1118.0
1637,309,1712591231382,50.0,"""Open the door,"" he says as if he isn't listening.",1186.0
1637,310,1712591233273,33.0,"""You're going to choke in there.""",1891.0
1637,311,1712591234696,32.0,"He looks at my breasts, my legs.",1423.0
1637,312,1712591236725,34.0,I can tell that's what he's doing.,2029.0
1637,313,1712591237826,22.0,"""Hey, sugar,"" he says.",1101.0
1637,314,1712591239027,31.0,"""I'm just here to help is all.""",1201.0
1637,315,1712591245872,3.0,***,6845.0
1637,316,1712591249569,52.0,The casket is closed and covered with floral sprays.,3697.0
1637,317,1712591252984,45.0,The organ starts up the minute I take a seat.,3414.0
1637,318,1712591257924,40.0,People are coming in and finding chairs.,4940.0
1637,319,1712591260202,63.0,There's a boy in flared pants and a yellow short-sleeved shirt.,2278.0
1637,320,1712591264378,100.0,A door opens and the family comes in in a group and moves over to a curtained place off to one side.,4176.0
1637,321,1712591266845,39.0,Chairs creak as everybody gets settled.,2467.0
1637,322,1712591268096,83.0,"Directly, a nice blond man in a nice dark suit stands and asks us to bow our heads.",1251.0
1637,323,1712591270373,105.0,"He says a prayer for us, the living, and when he finishes, he says a prayer for the soul of the departed.",2277.0
1637,324,1712591273556,43.0,Along with the others I go past the casket.,3183.0
1637,325,1712591275116,66.0,Then I move out onto the front steps and into the afternoon light.,1560.0
1637,326,1712591277596,66.0,There's a woman who limps as she goes down the stairs ahead of me.,2480.0
1637,327,1712591281032,33.0,On the sidewalk she looks around.,3436.0
1637,328,1712591282325,31.0,"""Well, they got him,"" she says.",1292.0
1637,329,1712591284166,27.0,"""If that's any consolation.",1841.0
1637,330,1712591285877,31.0,They arrested him this morning.,1711.0
1637,331,1712591287107,38.0,I heard it on the radio before I come.,1229.0
1637,332,1712591288420,26.0,"A boy right here in town.""",1313.0
1637,333,1712591290884,42.0,We move a few steps down the hot sidewalk.,2464.0
1637,334,1712591292774,25.0,People are starting cars.,1889.0
1637,335,1712591294508,49.0,I put out my hand and hold on to a parking meter.,1733.0
1637,336,1712591296470,36.0,Polished hoods and polished fenders.,1962.0
1637,337,1712591300528,14.0,My head swims.,4058.0
1637,338,1712591302347,41.0,"I say, ""They have friends, these killers.",1818.0
1637,339,1712591304643,16.0,"You can't tell.""",2296.0
1637,340,1712591307674,70.0,"""I have known that child since she was a little girl,"" the woman says.",3031.0
1637,341,1712591310914,93.0,"""She used to come over and I'd bake cookies for her and let her eat them in front of the TV.""",3240.0
1637,342,1712591311954,3.0,***,1040.0
1637,343,1712591314955,76.0,"Back home, Stuart sits at the table with a drink of whiskey in front of him.",3001.0
1637,344,1712591317716,57.0,For a crazy instant I think something's happened to Dean.,2761.0
1637,345,1712591318842,14.0,"""Where is he?""",1126.0
1637,346,1712591319780,6.0,I say.,938.0
1637,347,1712591320986,16.0,"""Where is Dean?""",1206.0
1637,348,1712591322520,27.0,"""Outside,"" my husband says.",1534.0
1637,349,1712591324668,34.0,He drains his glass and stands up.,2147.0
1637,350,1712591326672,40.0,"He says, ""I think I know what you need.""",2004.0
1637,351,1712591329671,138.0,He reaches an arm around my waist and with his other hand he begins to unbutton my jacket and then he goes on to the buttons of my blouse.,2999.0
1637,352,1712591332281,30.0,"""First things first,"" he says.",2610.0
1637,353,1712591336345,23.0,He says something else.,4064.0
1637,354,1712591339048,27.0,But I don't need to listen.,2702.0
1637,355,1712591340745,46.0,I can't hear a thing with so much water going.,1697.0
1637,356,1712591343439,3.0,***,2694.0
1627,98,1712620236581,3.0,***,2629.0
1627,99,1712620238049,37.0,My husband eats with a good appetite.,1468.0
1627,100,1712620239672,37.0,But I don't think he's really hungry.,1622.0
1627,101,1712620243787,69.0,"He chews, arms on the table, and stares at something across the room.",4114.0
1627,102,1712620244870,30.0,He looks at me and looks away.,1083.0
1627,103,1712620245867,33.0,He wipes his mouth on the napkin.,997.0
1627,104,1712620247316,30.0,"He shrugs, and goes on eating.",1448.0
1627,105,1712620249332,42.0,"""What are you staring at me for?"" he says.",2016.0
1627,106,1712620251120,45.0,"""What is it?"" he says and lays down his fork.",1787.0
1627,107,1712620252357,42.0,"""Was I staring?"" I say, and shake my head.",1236.0
1627,108,1712620253009,20.0,The telephone rings.,652.0
1627,109,1712620253635,27.0,"""Don't answer it,"" he says.",626.0
1627,110,1712620254569,33.0,"""It might be your mother,"" I say.",934.0
1627,111,1712620256125,25.0,"""Watch and see,"" he says.",1556.0
1627,112,1712620257606,34.0,I pick up the receiver and listen.,1481.0
1627,113,1712620258465,24.0,My husband stops eating.,859.0
1627,114,1712620259826,46.0,"""What did I tell you?"" he says when I hang up.",1361.0
1627,115,1712620260512,23.0,He starts to eat again.,686.0
1627,116,1712620262940,36.0,Then throws his napkin on his plate.,2428.0
1627,117,1712620264664,63.0,"He says, ""Goddamn it, why can't people mind their own business?",1722.0
1627,118,1712620267431,41.0,Tell me what I did wrong and I'll listen!,2767.0
1627,119,1712620269780,28.0,I wasn't the only man there.,2349.0
1627,120,1712620271276,37.0,We talked it over and we all decided.,1496.0
1627,121,1712620272691,29.0,We couldn't just turn around.,1415.0
1627,122,1712620273826,32.0,We were five miles from the car.,1135.0
1627,123,1712620280194,34.0,I won't have you passing judgment.,6368.0
1627,124,1712620280908,13.0,"Do you hear?""",714.0
1627,125,1712620282829,18.0,"""You know,"" I say.",1921.0
1627,126,1712620284985,33.0,"He says, ""What do I know, Claire?",2156.0
1627,127,1712620286561,34.0,Tell me what I'm supposed to know.,1576.0
1627,128,1712620288714,40.0,"I don't know anything except one thing?""",2153.0
1627,129,1712620290805,48.0,He gives me what he thinks is a meaningful look.,2091.0
1627,130,1712620291836,24.0,"""She was dead,"" he says.",1031.0
1627,131,1712620294451,33.0,"""And I'm as sorry as anyone else.",2615.0
1627,132,1712620295257,18.0,"But she was dead.""",806.0
1627,133,1712620297032,26.0,"""That's the point,"" I say.",1775.0
1627,134,1712620297828,20.0,He raises his hands.,796.0
1627,135,1712620299334,40.0,He pushes his chair away from the table.,1505.0
1627,136,1712620303345,72.0,He takes out his cigarettes and goes out to the back with a can of beer.,4011.0
1627,137,1712620307277,64.0,I see him sit in the lawn chair and pick up the newspaper again.,3932.0
1627,138,1712620310470,39.0,His name is in there on the first page.,3193.0
1627,139,1712620312085,36.0,Along with the names of his friends.,1615.0
1627,140,1712620315306,40.0,I close my eyes and hold on to the sink.,3221.0
1627,141,1712620322732,74.0,Then I rake my arm across the drainboard and send the dishes to the floor.,7425.0
1627,142,1712620323795,16.0,He doesn't move.,1062.0
1627,143,1712620324920,18.0,I know he's heard.,1125.0
1627,144,1712620327674,40.0,He lifts his head as if still listening.,2754.0
1627,145,1712620329610,30.0,But he doesn't move otherwise.,1936.0
1627,146,1712620332464,23.0,He doesn't turn around.,2853.0
1627,147,1712620332942,3.0,***,478.0
1627,148,1712620342678,88.0,"He and Gordon Johnson and Mel Dorn and Vern Williams, they play poker and bowl and fish.",9735.0
1627,149,1712620346283,85.0,They fish every spring and early summer before visiting relatives can get in the way.,3605.0
1627,150,1712620522855,65.0,"They are decent men, family men, men who take care of their jobs.",176571.0
1627,151,1712620526747,65.0,"They have sons and daughters who go to school with our son, Dean.",3892.0
1627,152,1712620528461,55.0,Last Friday these family men left for the Naches River.,1714.0
1627,153,1712620533283,76.0,They parked the car in the mountains and hiked to where they wanted to fish.,4822.0
1627,154,1712620535162,76.0,"They carried their bedrolls, their food, their playing cards, their whiskey.",1879.0
1627,155,1712620537786,42.0,They saw the girl before they set up camp.,2624.0
1627,156,1712620538856,19.0,Mel Dorn found her.,1070.0
1627,157,1712620539958,25.0,No clothes on her at all.,1102.0
1627,158,1712620542517,64.0,She was wedged into some branches that stuck out over the water.,2557.0
1627,159,1712620543496,43.0,He called the others and they came to look.,979.0
1627,160,1712620544294,29.0,They talked about what to do.,797.0
1627,161,1712620548202,82.0,One of the men - my Stuart didn't say which - said they should start back at once.,3908.0
1627,162,1712620551790,86.0,"The others stirred the sand with their shoes, said they didn't feel inclined that way.",3587.0
1627,163,1712620555890,82.0,"They pleaded fatigue, the late hour, the fact that the girl wasn't going anywhere.",4100.0
1627,164,1712620563445,47.0,In the end they went ahead and set up the camp.,7554.0
1627,165,1712620569579,42.0,They built a fire and drank their whiskey.,6134.0
1627,166,1712620572565,50.0,"When the moon came up, they talked about the girl.",2985.0
1627,167,1712620575582,59.0,Someone said they should -keep the body from drifting away.,3016.0
1627,168,1712620580910,55.0,They took their flashlights and went back to the river.,5328.0
1627,169,1712620585420,66.0,One of the men - it might have been Stuart - waded in and got her.,4510.0
1627,170,1712620588459,53.0,He took her by the fingers and pulled her into shore.,3039.0
1627,171,1712620591947,87.0,He got some nylon cord and tied it to her wrist and then looped the rest around a tree.,3487.0
1627,172,1712620593852,99.0,"The next morning they cooked breakfast, drank coffee, and drank whiskey, and then split up to fish.",1905.0
1627,173,1712620601629,182.0,"That night they cooked fish, cooked potatoes, drank coffee, drank whiskey, then took their cooking things and eating things back down to the river and washed them where the girl was.",7777.0
1627,174,1712620603110,32.0,They played some cards later on.,1480.0
1627,175,1712620604900,55.0,Maybe they played until they couldn't see them anymore.,1790.0
1627,176,1712620606370,28.0,Vern Williams went to sleep.,1470.0
1627,177,1712620607796,28.0,But the others told stories.,1426.0
1627,178,1712620671511,100.0,Gordon Johnson said the trout they'd caught were hard because of the terrible coldness of the water.,63715.0
1627,179,1712620674017,154.0,"The next morning they got up late, drank whiskey, fished a little, took down their tents, rolled their sleeping bags, gathered their stuff, and hiked out.",2506.0
1627,180,1712620674926,41.0,They drove until they got to a telephone.,909.0
1627,181,1712620677111,86.0,It was Stuart who made the call while the others stood around in the sun and listened.,2184.0
1627,182,1712620678875,32.0,He gave the sheriff their names.,1764.0
1627,183,1712620680094,25.0,They had nothing to hide.,1217.0
1627,184,1712620680738,21.0,They weren't ashamed.,644.0
1627,185,1712620685438,100.0,They said they'd wait until someone could come for better directions and take down their statements.,4700.0
1627,186,1712620687360,3.0,***,1922.0
1627,187,1712620689254,30.0,I was asleep when he got home.,1894.0
1627,188,1712620692338,46.0,But I woke up when I heard him in the kitchen.,3084.0
1627,189,1712620694090,64.0,I found him leaning against the refrigerator with a can of beer.,1752.0
1627,190,1712620702706,68.0,He put his heavy arms around me and rubbed his big hands on my back.,8615.0
1627,191,1712620706416,85.0,In bed he put his hands on me again and then waited as if thinking of something else.,3709.0
1627,192,1712620707275,28.0,I turned and opened my legs.,859.0
1627,193,1712620709548,36.0,"Afterwards, I think he stayed awake.",2273.0
1627,194,1712620711648,53.0,He was up that morning before I could get out of bed.,2099.0
1627,195,1712620713231,54.0,"To see if there was something in the paper, I suppose.",1582.0
1627,196,1712620715452,46.0,The telephone began ringing right after eight.,2221.0
1627,197,1712620716050,13.0,"""Go to hell!""",598.0
1627,198,1712620716863,18.0,I heard him shout.,813.0
1627,199,1712620717784,31.0,The telephone rang right again.,921.0
1627,200,1712620720412,59.0,"""I have nothing to add to what I already told the sheriff!""",2628.0
1627,201,1712620721148,29.0,He slammed the receiver down.,736.0
1627,202,1712620721755,27.0,"""What is going on?"" I said.",607.0
1627,203,1712620724383,49.0,It was then that he told me what I just told you.,2628.0
1627,204,1712620726709,3.0,***,2326.0
1627,205,1712620727998,44.0,I sweep up the broken dishes and go outside.,1289.0
1627,206,1712620733484,85.0,"He is lying on his back on the grass now, the newspaper and can of beer within reach.",5486.0
1627,207,1712620744310,41.0,"""Stuart, could we go for a drive?"" I say.",10826.0
1627,208,1712620769729,30.0,He rolls over and looks at me.,25419.0
1627,209,1712620770670,37.0,"""We'll pick up some beer,"" he says...",941.0
1627,210,1712620779266,62.0,He gets to his feet and touches me on the hip as he goes past.,8596.0
1627,211,1712620779874,28.0,"""Give me a minute,"" he says.",608.0
1627,212,1712620781299,39.0,We drive through town without speaking.,1425.0
1627,213,1712620782059,39.0,He stops at a roadside market for beer.,760.0
1627,214,1712620784425,54.0,I notice a great stack of papers just inside the door.,2365.0
1627,215,1712620788197,89.0,On the top step a fat woman in a print dress holds out a licorice stick to a little girl.,3772.0
1627,216,1712620789591,66.0,"Later on, we cross Everson Creek and turn into the picnic grounds.",1394.0
1627,217,1712620791273,79.0,The creek runs under the bridge and into a large pond a few hundred yards away.,1682.0
1627,218,1712620792066,28.0,I can see the men out there.,793.0
1627,219,1712620792783,33.0,I can see them out there fishing.,717.0
1627,220,1712620794727,31.0,So much water so close to home.,1944.0
1627,221,1712620796708,43.0,"I say, ""Why did you have to go miles away?""",1981.0
1627,222,1712620797533,25.0,"""Don't rile me,"" he says.",825.0
1627,223,1712620798524,29.0,We sit on a bench in the sun.,990.0
1627,224,1712620799389,25.0,He opens us cans of beer.,865.0
1627,225,1712620800153,25.0,"He says, ""Relax, Claire.""",763.0
1627,226,1712620801306,30.0,"""They said they were innocent.",1153.0
1627,227,1712620802133,27.0,"They said they were crazy.""",826.0
1627,228,1712620803284,15.0,"He says, ""Who?""",1150.0
1627,229,1712620804689,38.0,"He says, ""What are you talking about?""",1405.0
1627,230,1712620805484,21.0,"""The Maddox brothers.",795.0
1627,231,1712620808125,54.0,They killed a girl named Arlene Hubly where I grew up.,2641.0
1627,232,1712620810063,60.0,They cut off her head and threw her into the Cle Elum River.,1938.0
1627,233,1712620811268,31.0,"It happened when I was a girl.""",1204.0
1627,234,1712620812993,40.0,"""You're going to get me riled,"" he says.",1724.0
1627,235,1712620813667,20.0,I look at the creek.,674.0
1627,236,1712620827496,79.0,"I'm right in it, eyes open, face down, staring at the moss on the bottom, dead.",13828.0
1627,237,1712620844777,62.0,"""I don't know what's wrong with you,"" he says on the way home.",17281.0
1627,238,1712620846761,45.0,"""You're getting me more riled by the minute.""",1984.0
1627,239,1712620849899,34.0,There is nothing I can say to him.,3138.0
1627,240,1712620850134,36.0,He tries to concentrate on the road.,235.0
1627,241,1712620853035,47.0,But he keeps looking into the rear-view mirror.,2901.0
1627,242,1712620856939,9.0,He knows.,3904.0
1627,243,1712620860002,3.0,***,3063.0
1627,244,1712620861668,52.0,Stuart believes he is letting me sleep this morning.,1666.0
1627,245,1712620863544,47.0,But I was awake long before the alarm went off.,1876.0
1627,246,1712620867247,74.0,"I was thinking, lying on the far side of the bed away from his hairy legs.",3703.0
1627,247,1712620872625,78.0,"He gets Dean off for school, and then he shaves, dresses, and leaves for work.",5377.0
1627,248,1712620874227,40.0,Twice he looks in and clears his throat.,1601.0
1627,249,1712620874792,26.0,But I keep my eyes closed.,565.0
1627,250,1712620877501,38.0,In the kitchen I find a note from him.,2708.0
1627,251,1712620879454,19.0,"It's signed ""Love.""",1951.0
1627,252,1712620887602,74.0,I sit in the breakfast nook and drink coffee and leave a ring on the note.,8148.0
1627,253,1712620892722,67.0,I look at the newspaper and turn it this way and that on the table.,5119.0
1627,254,1712620894337,43.0,Then I skid it close and read what it says.,1615.0
1627,255,1712620895523,38.0,"The body has been identified, claimed.",1184.0
1627,256,1712620922484,155.0,"But it took some examining it, some putting things into it, some cutting, some weighing, some measuring, some putting things back again and sewing them in.",26960.0
1627,257,1712620924205,57.0,I sit for a long time holding the newspaper and thinking.,1721.0
1627,258,1712620926803,51.0,Then I call up to get a chair at the hairdresser's.,2598.0
1627,259,1712620927972,3.0,***,1169.0
1627,260,1712620931384,75.0,I sit under the dryer with a magazine on my lap and let Marnie do my nails.,3412.0
1627,261,1712620932520,42.0,"""I am going to a funeral tomorrow,"" I say.",1135.0
1627,262,1712620933346,38.0,"""I'm sorry to hear that,"" Marnie says.",826.0
1627,263,1712620934241,25.0,"""It was a murder,"" I say.",895.0
1627,264,1712620935156,37.0,"""That's the worst kind,"" Marnie says.",915.0
1627,265,1712620936067,35.0,"""We weren't all that close,"" I say.",911.0
1627,266,1712620936715,15.0,"""But you know?""",648.0
1627,267,1712620939437,45.0,"""We'll get you fixed up for it,"" Marnie says.",2722.0
1627,268,1712620947779,72.0,"That night I make my bed on the sofa, and in the morning I get up first.",8342.0
1627,269,1712620949815,50.0,I put on coffee and fix breakfast while he shaves.,2036.0
1627,270,1712620973173,76.0,"He appears in the kitchen doorway, towel over his bare shoulder, appraising.",23358.0
1627,271,1712620973871,23.0,"""Here's coffee,"" I say.",697.0
1627,272,1712620975114,31.0,"""Eggs'll be ready in a minute.”",1243.0
1627,273,1712620976294,37.0,"I wake Dean, and the three of us eat.",1180.0
1627,274,1712620980742,79.0,"Whenever Stuart looks at me, I ask Dean if he wants more milk, more toast, etc.",4448.0
1627,275,1712620982723,56.0,"""I'll call you today,"" Stuart says as he opens the door.",1981.0
1627,276,1712620983870,42.0,"I say, ""I don't think I'll be home today.""",1147.0
1627,277,1712620984585,21.0,"""All right,"" he says.",714.0
1627,278,1712620985101,7.0,"""Sure.""",516.0
1627,279,1712620985761,18.0,I dress carefully.,659.0
1627,280,1712620988053,48.0,I try on a hat and look at myself in the mirror.,2290.0
1627,281,1712620989211,28.0,I write out a note for Dean.,1158.0
1627,282,1712620992074,69.0,"Honey, Mommy has things to do this afternoon, but will be back later.",2863.0
1627,283,1712620996361,61.0,You stay in or be in the backyard until one of us comes home.,4287.0
1627,284,1712620997018,11.0,"Love, Mommy",657.0
1627,285,1712620998901,48.0,I look at the word Love and then I underline it.,1882.0
1627,286,1712621003252,29.0,Then I see the word backyard.,4351.0
1627,287,1712621004248,22.0,Is it one word or two?,996.0
1627,288,1712621004725,3.0,***,477.0
1627,289,1712621014393,121.0,"I drive through farm country, through fields of oats and sugar beets and past apple orchards, cattle grazing in pastures.",9666.0
1627,290,1712621018708,99.0,"Then everything changes, more like shacks than farmhouses and stands of timber instead of orchards.",4315.0
1627,291,1712621023327,78.0,"Then mountains, and on the right, far below, I sometimes see the Naches River.",4619.0
1627,292,1712621027810,64.0,A green pickup comes up behind me and stays behind me for miles.,4483.0
1627,293,1712621032021,55.0,"I keep slowing at the wrong times, hoping he will pass.",4211.0
1627,294,1712621032767,16.0,Then I speed up.,745.0
1627,295,1712621033956,36.0,"But this is at the wrong times, too.",1188.0
1627,296,1712621035165,39.0,I grip the wheel until my fingers hurt.,1208.0
1627,297,1712621038685,37.0,On a long clear stretch he goes past.,3520.0
1627,298,1712621046389,73.0,"But he drives along beside for a bit, a crewcut man in a blue work shirt.",7704.0
1627,299,1712621048351,24.0,We look each other over.,1962.0
1627,300,1712621049997,53.0,"Then he waves, toots his horn, and pulls on up ahead.",1646.0
1627,301,1712621051011,29.0,I slow down and find a place.,1014.0
1627,302,1712621052572,35.0,I pull over and shut off the motor.,1561.0
1627,303,1712621055974,42.0,I can hear the river down below the trees.,3402.0
1627,304,1712621056936,35.0,Then I hear the pickup coming back.,962.0
1627,305,1712621057930,41.0,I lock the doors and roll up the windows.,994.0
1627,306,1712621058559,30.0,"""You all right?"" the man says.",629.0
1627,307,1712621059461,21.0,He raps on the glass.,902.0
1627,308,1712621060018,11.0,"""You okay?""",557.0
1627,309,1712621063290,64.0,He leans his arms on the door and brings his face to the window.,3272.0
1627,310,1712621063808,15.0,I stare at him.,517.0
1627,311,1712621064529,30.0,I can't think what else to do.,721.0
1627,312,1712621065596,34.0,"""Is everything all right in there?",1067.0
1627,313,1712621066522,31.0,"How come you're all locked up?""",926.0
1627,314,1712621067139,16.0,I shake my head.,613.0
1627,315,1712621067897,24.0,"""Roll down your window.""",758.0
1627,316,1712621070986,64.0,He shakes his head and looks at the highway and then back at me.,3089.0
1627,317,1712621071525,19.0,"""Roll it down now.""",539.0
1627,318,1712621072409,32.0,"""Please,"" I say, ""I have to go.""",883.0
1627,319,1712621073676,50.0,"""Open the door,"" he says as if he isn't listening.",1267.0
1627,320,1712621075434,33.0,"""You're going to choke in there.""",1758.0
1627,321,1712621077661,32.0,"He looks at my breasts, my legs.",2227.0
1627,322,1712621078926,34.0,I can tell that's what he's doing.,1265.0
1627,323,1712621079825,22.0,"""Hey, sugar,"" he says.",899.0
1627,324,1712621081327,31.0,"""I'm just here to help is all.""",1502.0
1627,325,1712621081935,3.0,***,608.0
1627,326,1712621084551,52.0,The casket is closed and covered with floral sprays.,2616.0
1627,327,1712621087069,45.0,The organ starts up the minute I take a seat.,2518.0
1627,328,1712621088469,40.0,People are coming in and finding chairs.,1400.0
1627,329,1712621091696,63.0,There's a boy in flared pants and a yellow short-sleeved shirt.,3227.0
1627,330,1712621097589,100.0,A door opens and the family comes in in a group and moves over to a curtained place off to one side.,5893.0
1627,331,1712621099174,39.0,Chairs creak as everybody gets settled.,1585.0
1627,332,1712621103170,83.0,"Directly, a nice blond man in a nice dark suit stands and asks us to bow our heads.",3996.0
1627,333,1712621105784,105.0,"He says a prayer for us, the living, and when he finishes, he says a prayer for the soul of the departed.",2614.0
1627,334,1712621106889,43.0,Along with the others I go past the casket.,1105.0
1627,335,1712621111080,66.0,Then I move out onto the front steps and into the afternoon light.,4191.0
1627,336,1712621116319,66.0,There's a woman who limps as she goes down the stairs ahead of me.,5239.0
1627,337,1712621118470,33.0,On the sidewalk she looks around.,2151.0
1627,338,1712621120132,31.0,"""Well, they got him,"" she says.",1662.0
1627,339,1712621121019,27.0,"""If that's any consolation.",887.0
1627,340,1712621121856,31.0,They arrested him this morning.,836.0
1627,341,1712621122928,38.0,I heard it on the radio before I come.,1072.0
1627,342,1712621124135,26.0,"A boy right here in town.""",1206.0
1627,343,1712621126480,42.0,We move a few steps down the hot sidewalk.,2344.0
1627,344,1712621127380,25.0,People are starting cars.,900.0
1627,345,1712621129366,49.0,I put out my hand and hold on to a parking meter.,1985.0
1627,346,1712621131033,36.0,Polished hoods and polished fenders.,1667.0
1627,347,1712621131675,14.0,My head swims.,642.0
1627,348,1712621133096,41.0,"I say, ""They have friends, these killers.",1421.0
1627,349,1712621133654,16.0,"You can't tell.""",558.0
1627,350,1712621136496,70.0,"""I have known that child since she was a little girl,"" the woman says.",2840.0
1627,351,1712621139527,93.0,"""She used to come over and I'd bake cookies for her and let her eat them in front of the TV.""",3031.0
1627,352,1712621139980,3.0,***,453.0
1627,353,1712621142374,76.0,"Back home, Stuart sits at the table with a drink of whiskey in front of him.",2394.0
1627,354,1712621144415,57.0,For a crazy instant I think something's happened to Dean.,2040.0
1627,355,1712621144900,14.0,"""Where is he?""",485.0
1627,356,1712621145318,6.0,I say.,418.0
1627,357,1712621145871,16.0,"""Where is Dean?""",553.0
1627,358,1712621146476,27.0,"""Outside,"" my husband says.",604.0
1627,359,1712621147503,34.0,He drains his glass and stands up.,1027.0
1627,360,1712621151403,40.0,"He says, ""I think I know what you need.""",3900.0
1627,361,1712621158110,138.0,He reaches an arm around my waist and with his other hand he begins to unbutton my jacket and then he goes on to the buttons of my blouse.,6707.0
1627,362,1712621159278,30.0,"""First things first,"" he says.",1168.0
1627,363,1712621160486,23.0,He says something else.,1208.0
1627,364,1712621161077,27.0,But I don't need to listen.,591.0
1627,365,1712621163788,46.0,I can't hear a thing with so much water going.,2711.0
1627,366,1712621164334,3.0,***,546.0
1664,105,1712590279929,3.0,***,3569.0
1664,106,1712590281418,37.0,My husband eats with a good appetite.,1489.0
1664,107,1712590284985,37.0,But I don't think he's really hungry.,3567.0
1664,108,1712590288105,69.0,"He chews, arms on the table, and stares at something across the room.",3120.0
1664,109,1712590289225,30.0,He looks at me and looks away.,1119.0
1664,110,1712590290418,33.0,He wipes his mouth on the napkin.,1193.0
1664,111,1712590292273,30.0,"He shrugs, and goes on eating.",1855.0
1664,112,1712590293769,42.0,"""What are you staring at me for?"" he says.",1496.0
1664,113,1712590295913,45.0,"""What is it?"" he says and lays down his fork.",2144.0
1664,114,1712590297969,42.0,"""Was I staring?"" I say, and shake my head.",2056.0
1664,115,1712590298689,20.0,The telephone rings.,719.0
1664,116,1712590299618,27.0,"""Don't answer it,"" he says.",929.0
1664,117,1712590301338,33.0,"""It might be your mother,"" I say.",1720.0
1664,118,1712590302090,25.0,"""Watch and see,"" he says.",752.0
1664,119,1712590303105,34.0,I pick up the receiver and listen.,1015.0
1664,120,1712590303929,24.0,My husband stops eating.,824.0
1664,121,1712590306281,46.0,"""What did I tell you?"" he says when I hang up.",2352.0
1664,122,1712590307025,23.0,He starts to eat again.,744.0
1664,123,1712590308169,36.0,Then throws his napkin on his plate.,1144.0
1664,124,1712590311266,63.0,"He says, ""Goddamn it, why can't people mind their own business?",3097.0
1664,125,1712590312626,41.0,Tell me what I did wrong and I'll listen!,1360.0
1664,126,1712590314082,28.0,I wasn't the only man there.,1456.0
1664,127,1712590315969,37.0,We talked it over and we all decided.,1887.0
1664,128,1712590316785,29.0,We couldn't just turn around.,816.0
1664,129,1712590318122,32.0,We were five miles from the car.,1337.0
1664,130,1712590319033,34.0,I won't have you passing judgment.,911.0
1664,131,1712590319634,13.0,"Do you hear?""",601.0
1664,132,1712590320329,18.0,"""You know,"" I say.",695.0
1664,133,1712590322114,33.0,"He says, ""What do I know, Claire?",1785.0
1664,134,1712590323553,34.0,Tell me what I'm supposed to know.,1439.0
1664,135,1712590325881,40.0,"I don't know anything except one thing?""",2328.0
1664,136,1712590328633,48.0,He gives me what he thinks is a meaningful look.,2752.0
1664,137,1712590330945,24.0,"""She was dead,"" he says.",2312.0
1664,138,1712590331946,33.0,"""And I'm as sorry as anyone else.",1001.0
1664,139,1712590332841,18.0,"But she was dead.""",895.0
1664,140,1712590334153,26.0,"""That's the point,"" I say.",1312.0
1664,141,1712590335105,20.0,He raises his hands.,952.0
1664,142,1712590336137,40.0,He pushes his chair away from the table.,1032.0
1664,143,1712590338057,72.0,He takes out his cigarettes and goes out to the back with a can of beer.,1920.0
1664,144,1712590341177,64.0,I see him sit in the lawn chair and pick up the newspaper again.,3120.0
1664,145,1712590342721,39.0,His name is in there on the first page.,1544.0
1664,146,1712590343561,36.0,Along with the names of his friends.,840.0
1664,147,1712590345513,40.0,I close my eyes and hold on to the sink.,1952.0
1664,148,1712590347793,74.0,Then I rake my arm across the drainboard and send the dishes to the floor.,2280.0
1664,149,1712590348609,16.0,He doesn't move.,816.0
1664,150,1712590349441,18.0,I know he's heard.,831.0
1664,151,1712590350849,40.0,He lifts his head as if still listening.,1408.0
1664,152,1712590352441,30.0,But he doesn't move otherwise.,1592.0
1664,153,1712590353289,23.0,He doesn't turn around.,847.0
1664,154,1712590354321,3.0,***,1032.0
1664,155,1712590362497,88.0,"He and Gordon Johnson and Mel Dorn and Vern Williams, they play poker and bowl and fish.",8175.0
1664,156,1712590365273,85.0,They fish every spring and early summer before visiting relatives can get in the way.,2776.0
1664,157,1712590367225,65.0,"They are decent men, family men, men who take care of their jobs.",1952.0
1664,158,1712590371017,65.0,"They have sons and daughters who go to school with our son, Dean.",3792.0
1664,159,1712590374353,55.0,Last Friday these family men left for the Naches River.,3336.0
1664,160,1712590376265,76.0,They parked the car in the mountains and hiked to where they wanted to fish.,1912.0
1664,161,1712590377569,76.0,"They carried their bedrolls, their food, their playing cards, their whiskey.",1303.0
1664,162,1712590379881,42.0,They saw the girl before they set up camp.,2312.0
1664,163,1712590381657,19.0,Mel Dorn found her.,1776.0
1664,164,1712590382521,25.0,No clothes on her at all.,864.0
1664,165,1712590384209,64.0,She was wedged into some branches that stuck out over the water.,1688.0
1664,166,1712590385233,43.0,He called the others and they came to look.,1024.0
1664,167,1712590385969,29.0,They talked about what to do.,736.0
1664,168,1712590390721,82.0,One of the men - my Stuart didn't say which - said they should start back at once.,4752.0
1664,169,1712590392866,86.0,"The others stirred the sand with their shoes, said they didn't feel inclined that way.",2145.0
1664,170,1712590395906,82.0,"They pleaded fatigue, the late hour, the fact that the girl wasn't going anywhere.",3040.0
1664,171,1712590397138,47.0,In the end they went ahead and set up the camp.,1232.0
1664,172,1712590398026,42.0,They built a fire and drank their whiskey.,888.0
1664,173,1712590399241,50.0,"When the moon came up, they talked about the girl.",1215.0
1664,174,1712590401154,59.0,Someone said they should -keep the body from drifting away.,1913.0
1664,175,1712590402290,55.0,They took their flashlights and went back to the river.,1136.0
1664,176,1712590404513,66.0,One of the men - it might have been Stuart - waded in and got her.,2223.0
1664,177,1712590405914,53.0,He took her by the fingers and pulled her into shore.,1400.0
1664,178,1712590408641,87.0,He got some nylon cord and tied it to her wrist and then looped the rest around a tree.,2727.0
1664,179,1712590411001,99.0,"The next morning they cooked breakfast, drank coffee, and drank whiskey, and then split up to fish.",2360.0
1664,180,1712590416209,182.0,"That night they cooked fish, cooked potatoes, drank coffee, drank whiskey, then took their cooking things and eating things back down to the river and washed them where the girl was.",5208.0
1664,181,1712590417009,32.0,They played some cards later on.,800.0
1664,182,1712590418922,55.0,Maybe they played until they couldn't see them anymore.,1913.0
1664,183,1712590419930,28.0,Vern Williams went to sleep.,1008.0
1664,184,1712590421065,28.0,But the others told stories.,1135.0
1664,185,1712590424898,100.0,Gordon Johnson said the trout they'd caught were hard because of the terrible coldness of the water.,3833.0
1664,186,1712590427834,154.0,"The next morning they got up late, drank whiskey, fished a little, took down their tents, rolled their sleeping bags, gathered their stuff, and hiked out.",2936.0
1664,187,1712590429354,41.0,They drove until they got to a telephone.,1520.0
1664,188,1712590431393,86.0,It was Stuart who made the call while the others stood around in the sun and listened.,2039.0
1664,189,1712590432274,32.0,He gave the sheriff their names.,881.0
1664,190,1712590433153,25.0,They had nothing to hide.,879.0
1664,191,1712590433730,21.0,They weren't ashamed.,576.0
1664,192,1712590436146,100.0,They said they'd wait until someone could come for better directions and take down their statements.,2415.0
1664,193,1712590436586,3.0,***,440.0
1664,194,1712590438722,30.0,I was asleep when he got home.,2136.0
1664,195,1712590440537,46.0,But I woke up when I heard him in the kitchen.,1815.0
1664,196,1712590441986,64.0,I found him leaning against the refrigerator with a can of beer.,1449.0
1664,197,1712590443745,68.0,He put his heavy arms around me and rubbed his big hands on my back.,1759.0
1664,198,1712590448898,85.0,In bed he put his hands on me again and then waited as if thinking of something else.,5153.0
1664,199,1712590450113,28.0,I turned and opened my legs.,1215.0
1664,200,1712590450970,36.0,"Afterwards, I think he stayed awake.",856.0
1664,201,1712590453881,53.0,He was up that morning before I could get out of bed.,2911.0
1664,202,1712590455953,54.0,"To see if there was something in the paper, I suppose.",2072.0
1664,203,1712590457233,46.0,The telephone began ringing right after eight.,1280.0
1664,204,1712590458009,13.0,"""Go to hell!""",776.0
1664,205,1712590458577,18.0,I heard him shout.,568.0
1664,206,1712590459241,31.0,The telephone rang right again.,664.0
1664,207,1712590461425,59.0,"""I have nothing to add to what I already told the sheriff!""",2184.0
1664,208,1712590462217,29.0,He slammed the receiver down.,792.0
1664,209,1712590462913,27.0,"""What is going on?"" I said.",696.0
1664,210,1712590467601,49.0,It was then that he told me what I just told you.,4688.0
1664,211,1712590469321,3.0,***,1720.0
1664,212,1712590471201,44.0,I sweep up the broken dishes and go outside.,1880.0
1664,213,1712590473553,85.0,"He is lying on his back on the grass now, the newspaper and can of beer within reach.",2352.0
1664,214,1712590476105,41.0,"""Stuart, could we go for a drive?"" I say.",2552.0
1664,215,1712590477257,30.0,He rolls over and looks at me.,1152.0
1664,216,1712590478417,37.0,"""We'll pick up some beer,"" he says...",1160.0
1664,217,1712590479929,62.0,He gets to his feet and touches me on the hip as he goes past.,1512.0
1664,218,1712590480978,28.0,"""Give me a minute,"" he says.",1048.0
1664,219,1712590482121,39.0,We drive through town without speaking.,1143.0
1664,220,1712590483689,39.0,He stops at a roadside market for beer.,1568.0
1664,221,1712590485505,54.0,I notice a great stack of papers just inside the door.,1816.0
1664,222,1712590487657,89.0,On the top step a fat woman in a print dress holds out a licorice stick to a little girl.,2152.0
1664,223,1712590489105,66.0,"Later on, we cross Everson Creek and turn into the picnic grounds.",1448.0
1664,224,1712590490617,79.0,The creek runs under the bridge and into a large pond a few hundred yards away.,1512.0
1664,225,1712590491705,28.0,I can see the men out there.,1088.0
1664,226,1712590492729,33.0,I can see them out there fishing.,1024.0
1664,227,1712590493505,31.0,So much water so close to home.,776.0
1664,228,1712590495633,43.0,"I say, ""Why did you have to go miles away?""",2128.0
1664,229,1712590496569,25.0,"""Don't rile me,"" he says.",936.0
1664,230,1712590497169,29.0,We sit on a bench in the sun.,600.0
1664,231,1712590497737,25.0,He opens us cans of beer.,568.0
1664,232,1712590498561,25.0,"He says, ""Relax, Claire.""",824.0
1664,233,1712590500537,30.0,"""They said they were innocent.",1976.0
1664,234,1712590501761,27.0,"They said they were crazy.""",1224.0
1664,235,1712590502321,15.0,"He says, ""Who?""",560.0
1664,236,1712590503497,38.0,"He says, ""What are you talking about?""",1176.0
1664,237,1712590504177,21.0,"""The Maddox brothers.",680.0
1664,238,1712590506393,54.0,They killed a girl named Arlene Hubly where I grew up.,2216.0
1664,239,1712590508609,60.0,They cut off her head and threw her into the Cle Elum River.,2216.0
1664,240,1712590511985,31.0,"It happened when I was a girl.""",3376.0
1664,241,1712590513961,40.0,"""You're going to get me riled,"" he says.",1976.0
1664,242,1712590514857,20.0,I look at the creek.,896.0
1664,243,1712590518265,79.0,"I'm right in it, eyes open, face down, staring at the moss on the bottom, dead.",3408.0
1664,244,1712590520593,62.0,"""I don't know what's wrong with you,"" he says on the way home.",2328.0
1664,245,1712590521993,45.0,"""You're getting me more riled by the minute.""",1400.0
1664,246,1712590522682,34.0,There is nothing I can say to him.,689.0
1664,247,1712590523401,36.0,He tries to concentrate on the road.,719.0
1664,248,1712590524401,47.0,But he keeps looking into the rear-view mirror.,1000.0
1664,249,1712590524945,9.0,He knows.,544.0
1664,250,1712590526129,3.0,***,1184.0
1664,251,1712590528649,52.0,Stuart believes he is letting me sleep this morning.,2520.0
1664,252,1712590530793,47.0,But I was awake long before the alarm went off.,2144.0
1664,253,1712590532585,74.0,"I was thinking, lying on the far side of the bed away from his hairy legs.",1792.0
1664,254,1712590536185,78.0,"He gets Dean off for school, and then he shaves, dresses, and leaves for work.",3600.0
1664,255,1712590537401,40.0,Twice he looks in and clears his throat.,1216.0
1664,256,1712590539689,26.0,But I keep my eyes closed.,2288.0
1664,257,1712590541401,38.0,In the kitchen I find a note from him.,1712.0
1664,258,1712590542074,19.0,"It's signed ""Love.""",672.0
1664,259,1712590543873,74.0,I sit in the breakfast nook and drink coffee and leave a ring on the note.,1799.0
1664,260,1712590545945,67.0,I look at the newspaper and turn it this way and that on the table.,2072.0
1664,261,1712590547393,43.0,Then I skid it close and read what it says.,1448.0
1664,262,1712590548793,38.0,"The body has been identified, claimed.",1400.0
1664,263,1712590553033,155.0,"But it took some examining it, some putting things into it, some cutting, some weighing, some measuring, some putting things back again and sewing them in.",4240.0
1664,264,1712590555561,57.0,I sit for a long time holding the newspaper and thinking.,2528.0
1664,265,1712590558089,51.0,Then I call up to get a chair at the hairdresser's.,2528.0
1664,266,1712590558801,3.0,***,712.0
1664,267,1712590561153,75.0,I sit under the dryer with a magazine on my lap and let Marnie do my nails.,2352.0
1664,268,1712590562449,42.0,"""I am going to a funeral tomorrow,"" I say.",1296.0
1664,269,1712590563712,38.0,"""I'm sorry to hear that,"" Marnie says.",1263.0
1664,270,1712590565441,25.0,"""It was a murder,"" I say.",1728.0
1664,271,1712590566321,37.0,"""That's the worst kind,"" Marnie says.",880.0
1664,272,1712590567905,35.0,"""We weren't all that close,"" I say.",1584.0
1664,273,1712590568537,15.0,"""But you know?""",632.0
1664,274,1712590570729,45.0,"""We'll get you fixed up for it,"" Marnie says.",2192.0
1664,275,1712590573585,72.0,"That night I make my bed on the sofa, and in the morning I get up first.",2856.0
1664,276,1712590574713,50.0,I put on coffee and fix breakfast while he shaves.,1128.0
1664,277,1712590576449,76.0,"He appears in the kitchen doorway, towel over his bare shoulder, appraising.",1736.0
1664,278,1712590577265,23.0,"""Here's coffee,"" I say.",816.0
1664,279,1712590578025,31.0,"""Eggs'll be ready in a minute.”",760.0
1664,280,1712590579041,37.0,"I wake Dean, and the three of us eat.",1016.0
1664,281,1712590580929,79.0,"Whenever Stuart looks at me, I ask Dean if he wants more milk, more toast, etc.",1888.0
1664,282,1712590582289,56.0,"""I'll call you today,"" Stuart says as he opens the door.",1360.0
1664,283,1712590583729,42.0,"I say, ""I don't think I'll be home today.""",1440.0
1664,284,1712590584257,21.0,"""All right,"" he says.",528.0
1664,285,1712590584753,7.0,"""Sure.""",496.0
1664,286,1712590585185,18.0,I dress carefully.,432.0
1664,287,1712590586385,48.0,I try on a hat and look at myself in the mirror.,1200.0
1664,288,1712590587593,28.0,I write out a note for Dean.,1208.0
1664,289,1712590589569,69.0,"Honey, Mommy has things to do this afternoon, but will be back later.",1976.0
1664,290,1712590591017,61.0,You stay in or be in the backyard until one of us comes home.,1447.0
1664,291,1712590591577,11.0,"Love, Mommy",560.0
1664,292,1712590593241,48.0,I look at the word Love and then I underline it.,1664.0
1664,293,1712590594113,29.0,Then I see the word backyard.,872.0
1664,294,1712590594689,22.0,Is it one word or two?,576.0
1664,295,1712590595201,3.0,***,512.0
1664,296,1712590597521,121.0,"I drive through farm country, through fields of oats and sugar beets and past apple orchards, cattle grazing in pastures.",2320.0
1664,297,1712590600017,99.0,"Then everything changes, more like shacks than farmhouses and stands of timber instead of orchards.",2496.0
1664,298,1712590602185,78.0,"Then mountains, and on the right, far below, I sometimes see the Naches River.",2168.0
1664,299,1712590603945,64.0,A green pickup comes up behind me and stays behind me for miles.,1760.0
1664,300,1712590605313,55.0,"I keep slowing at the wrong times, hoping he will pass.",1368.0
1664,301,1712590605985,16.0,Then I speed up.,672.0
1664,302,1712590607177,36.0,"But this is at the wrong times, too.",1192.0
1664,303,1712590608313,39.0,I grip the wheel until my fingers hurt.,1136.0
1664,304,1712590610201,37.0,On a long clear stretch he goes past.,1888.0
1664,305,1712590614425,73.0,"But he drives along beside for a bit, a crewcut man in a blue work shirt.",4224.0
1664,306,1712590615305,24.0,We look each other over.,880.0
1664,307,1712590617289,53.0,"Then he waves, toots his horn, and pulls on up ahead.",1984.0
1664,308,1712590618457,29.0,I slow down and find a place.,1168.0
1664,309,1712590620281,35.0,I pull over and shut off the motor.,1824.0
1664,310,1712590621873,42.0,I can hear the river down below the trees.,1592.0
1664,311,1712590622905,35.0,Then I hear the pickup coming back.,1032.0
1664,312,1712590624089,41.0,I lock the doors and roll up the windows.,1184.0
1664,313,1712590625185,30.0,"""You all right?"" the man says.",1096.0
1664,314,1712590626225,21.0,He raps on the glass.,1040.0
1664,315,1712590626833,11.0,"""You okay?""",608.0
1664,316,1712590628489,64.0,He leans his arms on the door and brings his face to the window.,1656.0
1664,317,1712590629209,15.0,I stare at him.,720.0
1664,318,1712590629881,30.0,I can't think what else to do.,671.0
1664,319,1712590630617,34.0,"""Is everything all right in there?",736.0
1664,320,1712590631649,31.0,"How come you're all locked up?""",1032.0
1664,321,1712590632480,16.0,I shake my head.,831.0
1664,322,1712590633296,24.0,"""Roll down your window.""",816.0
1664,323,1712590635536,64.0,He shakes his head and looks at the highway and then back at me.,2240.0
1664,324,1712590636112,19.0,"""Roll it down now.""",576.0
1664,325,1712590637888,32.0,"""Please,"" I say, ""I have to go.""",1776.0
1664,326,1712590639568,50.0,"""Open the door,"" he says as if he isn't listening.",1680.0
1664,327,1712590640800,33.0,"""You're going to choke in there.""",1232.0
1664,328,1712590642136,32.0,"He looks at my breasts, my legs.",1336.0
1664,329,1712590643720,34.0,I can tell that's what he's doing.,1584.0
1664,330,1712590644984,22.0,"""Hey, sugar,"" he says.",1264.0
1664,331,1712590645888,31.0,"""I'm just here to help is all.""",904.0
1664,332,1712590646576,3.0,***,688.0
1664,333,1712590649136,52.0,The casket is closed and covered with floral sprays.,2560.0
1664,334,1712590650408,45.0,The organ starts up the minute I take a seat.,1272.0
1664,335,1712590651352,40.0,People are coming in and finding chairs.,944.0
1664,336,1712590654120,63.0,There's a boy in flared pants and a yellow short-sleeved shirt.,2768.0
1664,337,1712590657904,100.0,A door opens and the family comes in in a group and moves over to a curtained place off to one side.,3784.0
1664,338,1712590658944,39.0,Chairs creak as everybody gets settled.,1040.0
1664,339,1712590661432,83.0,"Directly, a nice blond man in a nice dark suit stands and asks us to bow our heads.",2488.0
1664,340,1712590662832,105.0,"He says a prayer for us, the living, and when he finishes, he says a prayer for the soul of the departed.",1400.0
1664,341,1712590664480,43.0,Along with the others I go past the casket.,1648.0
1664,342,1712590666336,66.0,Then I move out onto the front steps and into the afternoon light.,1856.0
1664,343,1712590669639,66.0,There's a woman who limps as she goes down the stairs ahead of me.,3303.0
1664,344,1712590670600,33.0,On the sidewalk she looks around.,961.0
1664,345,1712590672584,31.0,"""Well, they got him,"" she says.",1984.0
1664,346,1712590673192,27.0,"""If that's any consolation.",608.0
1664,347,1712590673888,31.0,They arrested him this morning.,696.0
1664,348,1712590674952,38.0,I heard it on the radio before I come.,1064.0
1664,349,1712590676056,26.0,"A boy right here in town.""",1104.0
1664,350,1712590678064,42.0,We move a few steps down the hot sidewalk.,2008.0
1664,351,1712590679056,25.0,People are starting cars.,992.0
1664,352,1712590681136,49.0,I put out my hand and hold on to a parking meter.,2080.0
1664,353,1712590682104,36.0,Polished hoods and polished fenders.,968.0
1664,354,1712590682712,14.0,My head swims.,608.0
1664,355,1712590685352,41.0,"I say, ""They have friends, these killers.",2640.0
1664,356,1712590685992,16.0,"You can't tell.""",640.0
1664,357,1712590688480,70.0,"""I have known that child since she was a little girl,"" the woman says.",2488.0
1664,358,1712590689848,93.0,"""She used to come over and I'd bake cookies for her and let her eat them in front of the TV.""",1368.0
1664,359,1712590690280,3.0,***,432.0
1664,360,1712590692288,76.0,"Back home, Stuart sits at the table with a drink of whiskey in front of him.",2008.0
1664,361,1712590694073,57.0,For a crazy instant I think something's happened to Dean.,1785.0
1664,362,1712590694776,14.0,"""Where is he?""",703.0
1664,363,1712590695497,6.0,I say.,721.0
1664,364,1712590696072,16.0,"""Where is Dean?""",575.0
1664,365,1712590697152,27.0,"""Outside,"" my husband says.",1080.0
1664,366,1712590698400,34.0,He drains his glass and stands up.,1248.0
1664,367,1712590700704,40.0,"He says, ""I think I know what you need.""",2304.0
1664,368,1712590706032,138.0,He reaches an arm around my waist and with his other hand he begins to unbutton my jacket and then he goes on to the buttons of my blouse.,5328.0
1664,369,1712590707288,30.0,"""First things first,"" he says.",1256.0
1664,370,1712590708008,23.0,He says something else.,720.0
1664,371,1712590708872,27.0,But I don't need to listen.,864.0
1664,372,1712590710192,46.0,I can't hear a thing with so much water going.,1320.0
1664,373,1712590710624,3.0,***,432.0
1695,149,1712619142328,3.0,***,4193.0
1695,150,1712619145402,37.0,My husband eats with a good appetite.,3074.0
1695,151,1712619148431,37.0,But I don't think he's really hungry.,3029.0
1695,152,1712619153301,69.0,"He chews, arms on the table, and stares at something across the room.",4870.0
1695,153,1712619156111,30.0,He looks at me and looks away.,2810.0
1695,154,1712619158238,33.0,He wipes his mouth on the napkin.,2126.0
1695,155,1712619162640,30.0,"He shrugs, and goes on eating.",4402.0
1695,156,1712619165602,42.0,"""What are you staring at me for?"" he says.",2962.0
1695,157,1712619168780,45.0,"""What is it?"" he says and lays down his fork.",3177.0
1695,158,1712619172192,42.0,"""Was I staring?"" I say, and shake my head.",3412.0
1695,159,1712619173256,20.0,The telephone rings.,1063.0
1695,160,1712619175187,27.0,"""Don't answer it,"" he says.",1931.0
1695,161,1712619178237,33.0,"""It might be your mother,"" I say.",3050.0
1695,162,1712619179683,25.0,"""Watch and see,"" he says.",1445.0
1695,163,1712619181123,34.0,I pick up the receiver and listen.,1440.0
1695,164,1712619182937,24.0,My husband stops eating.,1814.0
1695,165,1712619187288,46.0,"""What did I tell you?"" he says when I hang up.",4351.0
1695,166,1712619188691,23.0,He starts to eat again.,1402.0
1695,167,1712619190751,36.0,Then throws his napkin on his plate.,2060.0
1695,168,1712619195748,63.0,"He says, ""Goddamn it, why can't people mind their own business?",4997.0
1695,169,1712619202849,41.0,Tell me what I did wrong and I'll listen!,7101.0
1695,170,1712619209512,28.0,I wasn't the only man there.,6663.0
1695,171,1712619213835,37.0,We talked it over and we all decided.,4323.0
1695,172,1712619215933,29.0,We couldn't just turn around.,2098.0
1695,173,1712619220223,32.0,We were five miles from the car.,4290.0
1695,174,1712619223043,34.0,I won't have you passing judgment.,2820.0
1695,175,1712619226190,13.0,"Do you hear?""",3147.0
1695,176,1712619230600,18.0,"""You know,"" I say.",4410.0
1695,177,1712619235685,33.0,"He says, ""What do I know, Claire?",5085.0
1695,178,1712619238904,34.0,Tell me what I'm supposed to know.,3219.0
1695,179,1712619241380,40.0,"I don't know anything except one thing?""",2476.0
1695,180,1712619244998,48.0,He gives me what he thinks is a meaningful look.,3618.0
1695,181,1712619249131,24.0,"""She was dead,"" he says.",4133.0
1695,182,1712619251708,33.0,"""And I'm as sorry as anyone else.",2577.0
1695,183,1712619254335,18.0,"But she was dead.""",2627.0
1695,184,1712619256878,26.0,"""That's the point,"" I say.",2543.0
1695,185,1712619258498,20.0,He raises his hands.,1619.0
1695,186,1712619260543,40.0,He pushes his chair away from the table.,2045.0
1695,187,1712619266607,72.0,He takes out his cigarettes and goes out to the back with a can of beer.,6064.0
1695,188,1712619270434,64.0,I see him sit in the lawn chair and pick up the newspaper again.,3827.0
1695,189,1712619272966,39.0,His name is in there on the first page.,2531.0
1695,190,1712619274725,36.0,Along with the names of his friends.,1759.0
1695,191,1712619278983,40.0,I close my eyes and hold on to the sink.,4258.0
1695,192,1712619287529,74.0,Then I rake my arm across the drainboard and send the dishes to the floor.,8546.0
1695,193,1712619289211,16.0,He doesn't move.,1681.0
1695,194,1712619293867,18.0,I know he's heard.,4656.0
1695,195,1712619299700,40.0,He lifts his head as if still listening.,5833.0
1695,196,1712619303592,30.0,But he doesn't move otherwise.,3892.0
1695,197,1712619304721,23.0,He doesn't turn around.,1129.0
1695,198,1712619305656,3.0,***,935.0
1695,199,1712619312927,88.0,"He and Gordon Johnson and Mel Dorn and Vern Williams, they play poker and bowl and fish.",7270.0
1695,200,1712619318818,85.0,They fish every spring and early summer before visiting relatives can get in the way.,5891.0
1695,201,1712619322307,65.0,"They are decent men, family men, men who take care of their jobs.",3489.0
1695,202,1712619327732,65.0,"They have sons and daughters who go to school with our son, Dean.",5425.0
1695,203,1712619331944,55.0,Last Friday these family men left for the Naches River.,4212.0
1695,204,1712619335570,76.0,They parked the car in the mountains and hiked to where they wanted to fish.,3626.0
1695,205,1712619342542,76.0,"They carried their bedrolls, their food, their playing cards, their whiskey.",6972.0
1695,206,1712619345407,42.0,They saw the girl before they set up camp.,2864.0
1695,207,1712619347598,19.0,Mel Dorn found her.,2190.0
1695,208,1712619349609,25.0,No clothes on her at all.,2011.0
1695,209,1712619355961,64.0,She was wedged into some branches that stuck out over the water.,6352.0
1695,210,1712619358031,43.0,He called the others and they came to look.,2070.0
1695,211,1712619359615,29.0,They talked about what to do.,1584.0
1695,212,1712619365346,82.0,One of the men - my Stuart didn't say which - said they should start back at once.,5731.0
1695,213,1712619374676,86.0,"The others stirred the sand with their shoes, said they didn't feel inclined that way.",9330.0
1695,214,1712619382862,82.0,"They pleaded fatigue, the late hour, the fact that the girl wasn't going anywhere.",8186.0
1695,215,1712619385541,47.0,In the end they went ahead and set up the camp.,2679.0
1695,216,1712619389774,42.0,They built a fire and drank their whiskey.,4233.0
1695,217,1712619393174,50.0,"When the moon came up, they talked about the girl.",3400.0
1695,218,1712619398192,59.0,Someone said they should -keep the body from drifting away.,5018.0
1695,219,1712619401171,55.0,They took their flashlights and went back to the river.,2979.0
1695,220,1712619405182,66.0,One of the men - it might have been Stuart - waded in and got her.,4011.0
1695,221,1712619410487,53.0,He took her by the fingers and pulled her into shore.,5305.0
1695,222,1712619423735,87.0,He got some nylon cord and tied it to her wrist and then looped the rest around a tree.,13248.0
1695,223,1712619435321,99.0,"The next morning they cooked breakfast, drank coffee, and drank whiskey, and then split up to fish.",11586.0
1695,224,1712619450140,182.0,"That night they cooked fish, cooked potatoes, drank coffee, drank whiskey, then took their cooking things and eating things back down to the river and washed them where the girl was.",14819.0
1695,225,1712619453414,32.0,They played some cards later on.,3274.0
1695,226,1712619456742,55.0,Maybe they played until they couldn't see them anymore.,3328.0
1695,227,1712619459061,28.0,Vern Williams went to sleep.,2319.0
1695,228,1712619465372,28.0,But the others told stories.,6311.0
1695,229,1712619470808,100.0,Gordon Johnson said the trout they'd caught were hard because of the terrible coldness of the water.,5436.0
1695,230,1712619482222,154.0,"The next morning they got up late, drank whiskey, fished a little, took down their tents, rolled their sleeping bags, gathered their stuff, and hiked out.",11414.0
1695,231,1712619485616,41.0,They drove until they got to a telephone.,3394.0
1695,232,1712619490751,86.0,It was Stuart who made the call while the others stood around in the sun and listened.,5135.0
1695,233,1712619492662,32.0,He gave the sheriff their names.,1911.0
1695,234,1712619494394,25.0,They had nothing to hide.,1731.0
1695,235,1712619496312,21.0,They weren't ashamed.,1918.0
1695,236,1712619503804,100.0,They said they'd wait until someone could come for better directions and take down their statements.,7492.0
1695,237,1712619504684,3.0,***,880.0
1695,238,1712619507549,30.0,I was asleep when he got home.,2864.0
1695,239,1712619510227,46.0,But I woke up when I heard him in the kitchen.,2677.0
1695,240,1712619513140,64.0,I found him leaning against the refrigerator with a can of beer.,2913.0
1695,241,1712619518283,68.0,He put his heavy arms around me and rubbed his big hands on my back.,5143.0
1695,242,1712619523342,85.0,In bed he put his hands on me again and then waited as if thinking of something else.,5058.0
1695,243,1712619525255,28.0,I turned and opened my legs.,1912.0
1695,244,1712619530806,36.0,"Afterwards, I think he stayed awake.",5551.0
1695,245,1712619534347,53.0,He was up that morning before I could get out of bed.,3541.0
1695,246,1712619537218,54.0,"To see if there was something in the paper, I suppose.",2871.0
1695,247,1712619543041,46.0,The telephone began ringing right after eight.,5823.0
1695,248,1712619544829,13.0,"""Go to hell!""",1788.0
1695,249,1712619547019,18.0,I heard him shout.,2189.0
1695,250,1712619549907,31.0,The telephone rang right again.,2888.0
1695,251,1712619553745,59.0,"""I have nothing to add to what I already told the sheriff!""",3837.0
1695,252,1712619554956,29.0,He slammed the receiver down.,1211.0
1695,253,1712619556332,27.0,"""What is going on?"" I said.",1376.0
1695,254,1712619560964,49.0,It was then that he told me what I just told you.,4632.0
1695,255,1712619561679,3.0,***,715.0
1695,256,1712619564243,44.0,I sweep up the broken dishes and go outside.,2564.0
1695,257,1712619569713,85.0,"He is lying on his back on the grass now, the newspaper and can of beer within reach.",5470.0
1695,258,1712619572990,41.0,"""Stuart, could we go for a drive?"" I say.",3277.0
1695,259,1712619574722,30.0,He rolls over and looks at me.,1732.0
1695,260,1712619577856,37.0,"""We'll pick up some beer,"" he says...",3134.0
1695,261,1712619582414,62.0,He gets to his feet and touches me on the hip as he goes past.,4557.0
1695,262,1712619584169,28.0,"""Give me a minute,"" he says.",1755.0
1695,263,1712619586161,39.0,We drive through town without speaking.,1992.0
1695,264,1712619588901,39.0,He stops at a roadside market for beer.,2739.0
1695,265,1712619593152,54.0,I notice a great stack of papers just inside the door.,4251.0
1695,266,1712619608464,89.0,On the top step a fat woman in a print dress holds out a licorice stick to a little girl.,15312.0
1695,267,1712619612532,66.0,"Later on, we cross Everson Creek and turn into the picnic grounds.",4068.0
1695,268,1712619620267,79.0,The creek runs under the bridge and into a large pond a few hundred yards away.,7735.0
1695,269,1712619622015,28.0,I can see the men out there.,1748.0
1695,270,1712619623967,33.0,I can see them out there fishing.,1952.0
1695,271,1712619627981,31.0,So much water so close to home.,4014.0
1695,272,1712619632701,43.0,"I say, ""Why did you have to go miles away?""",4720.0
1695,273,1712619634863,25.0,"""Don't rile me,"" he says.",2161.0
1695,274,1712619642563,29.0,We sit on a bench in the sun.,7700.0
1695,275,1712619644478,25.0,He opens us cans of beer.,1915.0
1695,276,1712619646168,25.0,"He says, ""Relax, Claire.""",1690.0
1695,277,1712619650093,30.0,"""They said they were innocent.",3925.0
1695,278,1712619653502,27.0,"They said they were crazy.""",3409.0
1695,279,1712619658887,15.0,"He says, ""Who?""",5385.0
1695,280,1712619663042,38.0,"He says, ""What are you talking about?""",4153.0
1695,281,1712619664481,21.0,"""The Maddox brothers.",1439.0
1695,282,1712619668348,54.0,They killed a girl named Arlene Hubly where I grew up.,3866.0
1695,283,1712619672800,60.0,They cut off her head and threw her into the Cle Elum River.,4452.0
1695,284,1712619674864,31.0,"It happened when I was a girl.""",2064.0
1695,285,1712619677361,40.0,"""You're going to get me riled,"" he says.",2496.0
1695,286,1712619680449,20.0,I look at the creek.,3087.0
1695,287,1712619691437,79.0,"I'm right in it, eyes open, face down, staring at the moss on the bottom, dead.",10988.0
1695,288,1712619696971,62.0,"""I don't know what's wrong with you,"" he says on the way home.",5534.0
1695,289,1712619699638,45.0,"""You're getting me more riled by the minute.""",2667.0
1695,290,1712619701423,34.0,There is nothing I can say to him.,1785.0
1695,291,1712619703037,36.0,He tries to concentrate on the road.,1614.0
1695,292,1712619705013,47.0,But he keeps looking into the rear-view mirror.,1976.0
1695,293,1712619705906,9.0,He knows.,893.0
1695,294,1712619706735,3.0,***,829.0
1695,295,1712619710013,52.0,Stuart believes he is letting me sleep this morning.,3278.0
1695,296,1712619712779,47.0,But I was awake long before the alarm went off.,2766.0
1695,297,1712619717362,74.0,"I was thinking, lying on the far side of the bed away from his hairy legs.",4583.0
1695,298,1712619722615,78.0,"He gets Dean off for school, and then he shaves, dresses, and leaves for work.",5252.0
1695,299,1712619727040,40.0,Twice he looks in and clears his throat.,4425.0
1695,300,1712619729077,26.0,But I keep my eyes closed.,2037.0
1695,301,1712619731480,38.0,In the kitchen I find a note from him.,2403.0
1695,302,1712619733644,19.0,"It's signed ""Love.""",2163.0
1695,303,1712619744992,74.0,I sit in the breakfast nook and drink coffee and leave a ring on the note.,11348.0
1695,304,1712619750372,67.0,I look at the newspaper and turn it this way and that on the table.,5380.0
1695,305,1712619755640,43.0,Then I skid it close and read what it says.,5268.0
1695,306,1712619757772,38.0,"The body has been identified, claimed.",2132.0
1695,307,1712619771475,155.0,"But it took some examining it, some putting things into it, some cutting, some weighing, some measuring, some putting things back again and sewing them in.",13703.0
1695,308,1712619774091,57.0,I sit for a long time holding the newspaper and thinking.,2615.0
1695,309,1712619777237,51.0,Then I call up to get a chair at the hairdresser's.,3146.0
1695,310,1712619777957,3.0,***,719.0
1695,311,1712619782755,75.0,I sit under the dryer with a magazine on my lap and let Marnie do my nails.,4797.0
1695,312,1712619784957,42.0,"""I am going to a funeral tomorrow,"" I say.",2202.0
1695,313,1712619786843,38.0,"""I'm sorry to hear that,"" Marnie says.",1886.0
1695,314,1712619788874,25.0,"""It was a murder,"" I say.",2030.0
1695,315,1712619790559,37.0,"""That's the worst kind,"" Marnie says.",1684.0
1695,316,1712619792911,35.0,"""We weren't all that close,"" I say.",2351.0
1695,317,1712619794489,15.0,"""But you know?""",1578.0
1695,318,1712619798209,45.0,"""We'll get you fixed up for it,"" Marnie says.",3720.0
1695,319,1712619802705,72.0,"That night I make my bed on the sofa, and in the morning I get up first.",4496.0
1695,320,1712619806959,50.0,I put on coffee and fix breakfast while he shaves.,4254.0
1695,321,1712619814212,76.0,"He appears in the kitchen doorway, towel over his bare shoulder, appraising.",7253.0
1695,322,1712619815548,23.0,"""Here's coffee,"" I say.",1336.0
1695,323,1712619817733,31.0,"""Eggs'll be ready in a minute.”",2184.0
1695,324,1712619820661,37.0,"I wake Dean, and the three of us eat.",2928.0
1695,325,1712619825727,79.0,"Whenever Stuart looks at me, I ask Dean if he wants more milk, more toast, etc.",5066.0
1695,326,1712619829928,56.0,"""I'll call you today,"" Stuart says as he opens the door.",4201.0
1695,327,1712619832309,42.0,"I say, ""I don't think I'll be home today.""",2381.0
1695,328,1712619833364,21.0,"""All right,"" he says.",1055.0
1695,329,1712619834907,7.0,"""Sure.""",1542.0
1695,330,1712619837495,18.0,I dress carefully.,2588.0
1695,331,1712619841943,48.0,I try on a hat and look at myself in the mirror.,4448.0
1695,332,1712619844243,28.0,I write out a note for Dean.,2300.0
1695,333,1712619848105,69.0,"Honey, Mommy has things to do this afternoon, but will be back later.",3862.0
1695,334,1712619854257,61.0,You stay in or be in the backyard until one of us comes home.,6152.0
1695,335,1712619855383,11.0,"Love, Mommy",1126.0
1695,336,1712619858629,48.0,I look at the word Love and then I underline it.,3246.0
1695,337,1712619865469,29.0,Then I see the word backyard.,6840.0
1695,338,1712619868466,22.0,Is it one word or two?,2997.0
1695,339,1712619869180,3.0,***,714.0
1695,340,1712619884551,121.0,"I drive through farm country, through fields of oats and sugar beets and past apple orchards, cattle grazing in pastures.",15371.0
1695,341,1712619891815,99.0,"Then everything changes, more like shacks than farmhouses and stands of timber instead of orchards.",7264.0
1695,342,1712619898401,78.0,"Then mountains, and on the right, far below, I sometimes see the Naches River.",6585.0
1695,343,1712619902348,64.0,A green pickup comes up behind me and stays behind me for miles.,3947.0
1695,344,1712619905873,55.0,"I keep slowing at the wrong times, hoping he will pass.",3524.0
1695,345,1712619907205,16.0,Then I speed up.,1332.0
1695,346,1712619909885,36.0,"But this is at the wrong times, too.",2680.0
1695,347,1712619912275,39.0,I grip the wheel until my fingers hurt.,2390.0
1695,348,1712619915120,37.0,On a long clear stretch he goes past.,2844.0
1695,349,1712619920415,73.0,"But he drives along beside for a bit, a crewcut man in a blue work shirt.",5295.0
1695,350,1712619922867,24.0,We look each other over.,2452.0
1695,351,1712619927299,53.0,"Then he waves, toots his horn, and pulls on up ahead.",4432.0
1695,352,1712619929616,29.0,I slow down and find a place.,2317.0
1695,353,1712619931743,35.0,I pull over and shut off the motor.,2127.0
1695,354,1712619937945,42.0,I can hear the river down below the trees.,6202.0
1695,355,1712619941391,35.0,Then I hear the pickup coming back.,3446.0
1695,356,1712619943580,41.0,I lock the doors and roll up the windows.,2189.0
1695,357,1712619945344,30.0,"""You all right?"" the man says.",1764.0
1695,358,1712619946928,21.0,He raps on the glass.,1584.0
1695,359,1712619948382,11.0,"""You okay?""",1454.0
1695,360,1712619952161,64.0,He leans his arms on the door and brings his face to the window.,3778.0
1695,361,1712619953680,15.0,I stare at him.,1519.0
1695,362,1712619955790,30.0,I can't think what else to do.,2110.0
1695,363,1712619957318,34.0,"""Is everything all right in there?",1527.0
1695,364,1712619960132,31.0,"How come you're all locked up?""",2814.0
1695,365,1712619962224,16.0,I shake my head.,2091.0
1695,366,1712619963932,24.0,"""Roll down your window.""",1708.0
1695,367,1712619967861,64.0,He shakes his head and looks at the highway and then back at me.,3929.0
1695,368,1712619969903,19.0,"""Roll it down now.""",2042.0
1695,369,1712619972930,32.0,"""Please,"" I say, ""I have to go.""",3027.0
1695,370,1712619975789,50.0,"""Open the door,"" he says as if he isn't listening.",2858.0
1695,371,1712619978480,33.0,"""You're going to choke in there.""",2691.0
1695,372,1712619982648,32.0,"He looks at my breasts, my legs.",4168.0
1695,373,1712619985353,34.0,I can tell that's what he's doing.,2705.0
1695,374,1712619988077,22.0,"""Hey, sugar,"" he says.",2723.0
1695,375,1712619990773,31.0,"""I'm just here to help is all.""",2696.0
1695,376,1712619991566,3.0,***,793.0
1695,377,1712619996177,52.0,The casket is closed and covered with floral sprays.,4611.0
1695,378,1712620002966,45.0,The organ starts up the minute I take a seat.,6789.0
1695,379,1712620005892,40.0,People are coming in and finding chairs.,2926.0
1695,380,1712620009893,63.0,There's a boy in flared pants and a yellow short-sleeved shirt.,4001.0
1695,381,1712620017120,100.0,A door opens and the family comes in in a group and moves over to a curtained place off to one side.,7227.0
1695,382,1712620020831,39.0,Chairs creak as everybody gets settled.,3710.0
1695,383,1712620027876,83.0,"Directly, a nice blond man in a nice dark suit stands and asks us to bow our heads.",7044.0
1695,384,1712620035257,105.0,"He says a prayer for us, the living, and when he finishes, he says a prayer for the soul of the departed.",7381.0
1695,385,1712620037867,43.0,Along with the others I go past the casket.,2610.0
1695,386,1712620042811,66.0,Then I move out onto the front steps and into the afternoon light.,4944.0
1695,387,1712620046732,66.0,There's a woman who limps as she goes down the stairs ahead of me.,3921.0
1695,388,1712620049139,33.0,On the sidewalk she looks around.,2407.0
1695,389,1712620053256,31.0,"""Well, they got him,"" she says.",4117.0
1695,390,1712620055664,27.0,"""If that's any consolation.",2408.0
1695,391,1712620057440,31.0,They arrested him this morning.,1776.0
1695,392,1712620061041,38.0,I heard it on the radio before I come.,3601.0
1695,393,1712620063399,26.0,"A boy right here in town.""",2358.0
1695,394,1712620066382,42.0,We move a few steps down the hot sidewalk.,2983.0
1695,395,1712620068625,25.0,People are starting cars.,2243.0
1695,396,1712620074327,49.0,I put out my hand and hold on to a parking meter.,5702.0
1695,397,1712620078857,36.0,Polished hoods and polished fenders.,4530.0
1695,398,1712620080490,14.0,My head swims.,1633.0
1695,399,1712620086971,41.0,"I say, ""They have friends, these killers.",6481.0
1695,400,1712620091156,16.0,"You can't tell.""",4185.0
1695,401,1712620096329,70.0,"""I have known that child since she was a little girl,"" the woman says.",5173.0
1695,402,1712620102625,93.0,"""She used to come over and I'd bake cookies for her and let her eat them in front of the TV.""",6296.0
1695,403,1712620103163,3.0,***,538.0
1695,404,1712620106849,76.0,"Back home, Stuart sits at the table with a drink of whiskey in front of him.",3686.0
1695,405,1712620109987,57.0,For a crazy instant I think something's happened to Dean.,3138.0
1695,406,1712620111320,14.0,"""Where is he?""",1333.0
1695,407,1712620112291,6.0,I say.,971.0
1695,408,1712620113314,16.0,"""Where is Dean?""",1023.0
1695,409,1712620114856,27.0,"""Outside,"" my husband says.",1542.0
1695,410,1712620116526,34.0,He drains his glass and stands up.,1670.0
1695,411,1712620119942,40.0,"He says, ""I think I know what you need.""",3415.0
1695,412,1712620129537,138.0,He reaches an arm around my waist and with his other hand he begins to unbutton my jacket and then he goes on to the buttons of my blouse.,9594.0
1695,413,1712620131410,30.0,"""First things first,"" he says.",1873.0
1695,414,1712620133668,23.0,He says something else.,2258.0
1695,415,1712620136587,27.0,But I don't need to listen.,2919.0
1695,416,1712620140761,46.0,I can't hear a thing with so much water going.,4174.0
1695,417,1712620141530,3.0,***,769.0
1654,118,1712614362713,3.0,***,3232.0
1654,119,1712614372001,37.0,My husband eats with a good appetite.,9288.0
1654,120,1712614374016,37.0,But I don't think he's really hungry.,2015.0
1654,121,1712614378425,69.0,"He chews, arms on the table, and stares at something across the room.",4409.0
1654,122,1712614381209,30.0,He looks at me and looks away.,2784.0
1654,123,1712614384220,33.0,He wipes his mouth on the napkin.,3011.0
1654,124,1712614386272,30.0,"He shrugs, and goes on eating.",2052.0
1654,125,1712614389304,42.0,"""What are you staring at me for?"" he says.",3032.0
1654,126,1712614392360,45.0,"""What is it?"" he says and lays down his fork.",3056.0
1654,127,1712614396385,42.0,"""Was I staring?"" I say, and shake my head.",4025.0
1654,128,1712614398064,20.0,The telephone rings.,1679.0
1654,129,1712614399504,27.0,"""Don't answer it,"" he says.",1440.0
1654,130,1712614401457,33.0,"""It might be your mother,"" I say.",1952.0
1654,131,1712614403136,25.0,"""Watch and see,"" he says.",1679.0
1654,132,1712614404697,34.0,I pick up the receiver and listen.,1561.0
1654,133,1712614406272,24.0,My husband stops eating.,1575.0
1654,134,1712614408520,46.0,"""What did I tell you?"" he says when I hang up.",2248.0
1654,135,1712614410120,23.0,He starts to eat again.,1600.0
1654,136,1712614412168,36.0,Then throws his napkin on his plate.,2047.0
1654,137,1712614415681,63.0,"He says, ""Goddamn it, why can't people mind their own business?",3512.0
1654,138,1712614418713,41.0,Tell me what I did wrong and I'll listen!,3032.0
1654,139,1712614420312,28.0,I wasn't the only man there.,1599.0
1654,140,1712614422249,37.0,We talked it over and we all decided.,1936.0
1654,141,1712614423608,29.0,We couldn't just turn around.,1359.0
1654,142,1712614425304,32.0,We were five miles from the car.,1696.0
1654,143,1712614427024,34.0,I won't have you passing judgment.,1720.0
1654,144,1712614428136,13.0,"Do you hear?""",1111.0
1654,145,1712614429345,18.0,"""You know,"" I say.",1209.0
1654,146,1712614432488,33.0,"He says, ""What do I know, Claire?",3143.0
1654,147,1712614434080,34.0,Tell me what I'm supposed to know.,1592.0
1654,148,1712614436281,40.0,"I don't know anything except one thing?""",2200.0
1654,149,1712614441009,48.0,He gives me what he thinks is a meaningful look.,4728.0
1654,150,1712614442696,24.0,"""She was dead,"" he says.",1687.0
1654,151,1712614445057,33.0,"""And I'm as sorry as anyone else.",2360.0
1654,152,1712614446105,18.0,"But she was dead.""",1048.0
1654,153,1712614447240,26.0,"""That's the point,"" I say.",1135.0
1654,154,1712614448449,20.0,He raises his hands.,1209.0
1654,155,1712614450905,40.0,He pushes his chair away from the table.,2456.0
1654,156,1712614454945,72.0,He takes out his cigarettes and goes out to the back with a can of beer.,4040.0
1654,157,1712614457528,64.0,I see him sit in the lawn chair and pick up the newspaper again.,2583.0
1654,158,1712614459472,39.0,His name is in there on the first page.,1944.0
1654,159,1712614460801,36.0,Along with the names of his friends.,1328.0
1654,160,1712614462577,40.0,I close my eyes and hold on to the sink.,1776.0
1654,161,1712614466577,74.0,Then I rake my arm across the drainboard and send the dishes to the floor.,4000.0
1654,162,1712614468553,16.0,He doesn't move.,1975.0
1654,163,1712614469889,18.0,I know he's heard.,1336.0
1654,164,1712614472889,40.0,He lifts his head as if still listening.,2999.0
1654,165,1712614475081,30.0,But he doesn't move otherwise.,2192.0
1654,166,1712614477136,23.0,He doesn't turn around.,2055.0
1654,167,1712614478193,3.0,***,1056.0
1654,168,1712614481793,88.0,"He and Gordon Johnson and Mel Dorn and Vern Williams, they play poker and bowl and fish.",3600.0
1654,169,1712614487457,85.0,They fish every spring and early summer before visiting relatives can get in the way.,5664.0
1654,170,1712614489768,65.0,"They are decent men, family men, men who take care of their jobs.",2311.0
1654,171,1712614492601,65.0,"They have sons and daughters who go to school with our son, Dean.",2833.0
1654,172,1712614496177,55.0,Last Friday these family men left for the Naches River.,3576.0
1654,173,1712614498928,76.0,They parked the car in the mountains and hiked to where they wanted to fish.,2751.0
1654,174,1712614501241,76.0,"They carried their bedrolls, their food, their playing cards, their whiskey.",2312.0
1654,175,1712614504065,42.0,They saw the girl before they set up camp.,2824.0
1654,176,1712614505384,19.0,Mel Dorn found her.,1319.0
1654,177,1712614506552,25.0,No clothes on her at all.,1168.0
1654,178,1712614509888,64.0,She was wedged into some branches that stuck out over the water.,3336.0
1654,179,1712614512896,43.0,He called the others and they came to look.,3008.0
1654,180,1712614514760,29.0,They talked about what to do.,1864.0
1654,181,1712614519176,82.0,One of the men - my Stuart didn't say which - said they should start back at once.,4416.0
1654,182,1712614522024,86.0,"The others stirred the sand with their shoes, said they didn't feel inclined that way.",2848.0
1654,183,1712614528544,82.0,"They pleaded fatigue, the late hour, the fact that the girl wasn't going anywhere.",6520.0
1654,184,1712614531112,47.0,In the end they went ahead and set up the camp.,2568.0
1654,185,1712614532480,42.0,They built a fire and drank their whiskey.,1368.0
1654,186,1712614534000,50.0,"When the moon came up, they talked about the girl.",1520.0
1654,187,1712614536624,59.0,Someone said they should -keep the body from drifting away.,2624.0
1654,188,1712614539128,55.0,They took their flashlights and went back to the river.,2504.0
1654,189,1712614541688,66.0,One of the men - it might have been Stuart - waded in and got her.,2560.0
1654,190,1712614543664,53.0,He took her by the fingers and pulled her into shore.,1976.0
1654,191,1712614549264,87.0,He got some nylon cord and tied it to her wrist and then looped the rest around a tree.,5600.0
1654,192,1712614552520,99.0,"The next morning they cooked breakfast, drank coffee, and drank whiskey, and then split up to fish.",3256.0
1654,193,1712614560000,182.0,"That night they cooked fish, cooked potatoes, drank coffee, drank whiskey, then took their cooking things and eating things back down to the river and washed them where the girl was.",7480.0
1654,194,1712614561336,32.0,They played some cards later on.,1336.0
1654,195,1712614574216,55.0,Maybe they played until they couldn't see them anymore.,12880.0
1654,196,1712614575968,28.0,Vern Williams went to sleep.,1752.0
1654,197,1712614576864,28.0,But the others told stories.,896.0
1654,198,1712614584112,100.0,Gordon Johnson said the trout they'd caught were hard because of the terrible coldness of the water.,7248.0
1654,199,1712614589704,154.0,"The next morning they got up late, drank whiskey, fished a little, took down their tents, rolled their sleeping bags, gathered their stuff, and hiked out.",5592.0
1654,200,1712614593296,41.0,They drove until they got to a telephone.,3592.0
1654,201,1712614596648,86.0,It was Stuart who made the call while the others stood around in the sun and listened.,3352.0
1654,202,1712614598552,32.0,He gave the sheriff their names.,1904.0
1654,203,1712614599784,25.0,They had nothing to hide.,1232.0
1654,204,1712614600640,21.0,They weren't ashamed.,856.0
1654,205,1712614604416,100.0,They said they'd wait until someone could come for better directions and take down their statements.,3776.0
1654,206,1712614605288,3.0,***,872.0
1654,207,1712614607272,30.0,I was asleep when he got home.,1984.0
1654,208,1712614609048,46.0,But I woke up when I heard him in the kitchen.,1776.0
1654,209,1712614617944,64.0,I found him leaning against the refrigerator with a can of beer.,8896.0
1654,210,1712614620568,68.0,He put his heavy arms around me and rubbed his big hands on my back.,2624.0
1654,211,1712614624480,85.0,In bed he put his hands on me again and then waited as if thinking of something else.,3912.0
1654,212,1712614625720,28.0,I turned and opened my legs.,1240.0
1654,213,1712614627288,36.0,"Afterwards, I think he stayed awake.",1568.0
1654,214,1712614630720,53.0,He was up that morning before I could get out of bed.,3432.0
1654,215,1712614633496,54.0,"To see if there was something in the paper, I suppose.",2776.0
1654,216,1712614634889,46.0,The telephone began ringing right after eight.,1393.0
1654,217,1712614636305,13.0,"""Go to hell!""",1416.0
1654,218,1712614637273,18.0,I heard him shout.,968.0
1654,219,1712614638168,31.0,The telephone rang right again.,895.0
1654,220,1712614640113,59.0,"""I have nothing to add to what I already told the sheriff!""",1945.0
1654,221,1712614640937,29.0,He slammed the receiver down.,824.0
1654,222,1712614641673,27.0,"""What is going on?"" I said.",736.0
1654,223,1712614644425,49.0,It was then that he told me what I just told you.,2752.0
1654,224,1712614644937,3.0,***,512.0
1654,225,1712614646721,44.0,I sweep up the broken dishes and go outside.,1784.0
1654,226,1712614654553,85.0,"He is lying on his back on the grass now, the newspaper and can of beer within reach.",7832.0
1654,227,1712614655905,41.0,"""Stuart, could we go for a drive?"" I say.",1352.0
1654,228,1712614656889,30.0,He rolls over and looks at me.,984.0
1654,229,1712614658961,37.0,"""We'll pick up some beer,"" he says...",2072.0
1654,230,1712614662969,62.0,He gets to his feet and touches me on the hip as he goes past.,4008.0
1654,231,1712614663793,28.0,"""Give me a minute,"" he says.",824.0
1654,232,1712614664953,39.0,We drive through town without speaking.,1160.0
1654,233,1712614673272,39.0,He stops at a roadside market for beer.,8319.0
1654,234,1712614676561,54.0,I notice a great stack of papers just inside the door.,3288.0
1654,235,1712614681665,89.0,On the top step a fat woman in a print dress holds out a licorice stick to a little girl.,5104.0
1654,236,1712614684952,66.0,"Later on, we cross Everson Creek and turn into the picnic grounds.",3287.0
1654,237,1712614689625,79.0,The creek runs under the bridge and into a large pond a few hundred yards away.,4672.0
1654,238,1712614692513,28.0,I can see the men out there.,2888.0
1654,239,1712614694793,33.0,I can see them out there fishing.,2280.0
1654,240,1712614696921,31.0,So much water so close to home.,2128.0
1654,241,1712614698969,43.0,"I say, ""Why did you have to go miles away?""",2048.0
1654,242,1712614700169,25.0,"""Don't rile me,"" he says.",1200.0
1654,243,1712614701569,29.0,We sit on a bench in the sun.,1400.0
1654,244,1712614702529,25.0,He opens us cans of beer.,960.0
1654,245,1712614703457,25.0,"He says, ""Relax, Claire.""",928.0
1654,246,1712614705169,30.0,"""They said they were innocent.",1712.0
1654,247,1712614706465,27.0,"They said they were crazy.""",1296.0
1654,248,1712614707089,15.0,"He says, ""Who?""",624.0
1654,249,1712614708161,38.0,"He says, ""What are you talking about?""",1072.0
1654,250,1712614709641,21.0,"""The Maddox brothers.",1480.0
1654,251,1712614712209,54.0,They killed a girl named Arlene Hubly where I grew up.,2568.0
1654,252,1712614714393,60.0,They cut off her head and threw her into the Cle Elum River.,2184.0
1654,253,1712614717105,31.0,"It happened when I was a girl.""",2712.0
1654,254,1712614719473,40.0,"""You're going to get me riled,"" he says.",2368.0
1654,255,1712614720185,20.0,I look at the creek.,712.0
1654,256,1712614726561,79.0,"I'm right in it, eyes open, face down, staring at the moss on the bottom, dead.",6376.0
1654,257,1712614728921,62.0,"""I don't know what's wrong with you,"" he says on the way home.",2360.0
1654,258,1712614730129,45.0,"""You're getting me more riled by the minute.""",1208.0
1654,259,1712614730825,34.0,There is nothing I can say to him.,696.0
1654,260,1712614732257,36.0,He tries to concentrate on the road.,1432.0
1654,261,1712614735401,47.0,But he keeps looking into the rear-view mirror.,3144.0
1654,262,1712614736089,9.0,He knows.,688.0
1654,263,1712614736521,3.0,***,432.0
1654,264,1712614739897,52.0,Stuart believes he is letting me sleep this morning.,3376.0
1654,265,1712614742977,47.0,But I was awake long before the alarm went off.,3080.0
1654,266,1712614746401,74.0,"I was thinking, lying on the far side of the bed away from his hairy legs.",3424.0
1654,267,1712614750321,78.0,"He gets Dean off for school, and then he shaves, dresses, and leaves for work.",3920.0
1654,268,1712614752697,40.0,Twice he looks in and clears his throat.,2376.0
1654,269,1712614753881,26.0,But I keep my eyes closed.,1184.0
1654,270,1712614755785,38.0,In the kitchen I find a note from him.,1904.0
1654,271,1712614757730,19.0,"It's signed ""Love.""",1945.0
1654,272,1712614763777,74.0,I sit in the breakfast nook and drink coffee and leave a ring on the note.,6047.0
1654,273,1712614767169,67.0,I look at the newspaper and turn it this way and that on the table.,3392.0
1654,274,1712614769057,43.0,Then I skid it close and read what it says.,1888.0
1654,275,1712614771081,38.0,"The body has been identified, claimed.",2024.0
1654,276,1712614777593,155.0,"But it took some examining it, some putting things into it, some cutting, some weighing, some measuring, some putting things back again and sewing them in.",6512.0
1654,277,1712614779737,57.0,I sit for a long time holding the newspaper and thinking.,2144.0
1654,278,1712614784185,51.0,Then I call up to get a chair at the hairdresser's.,4448.0
1654,279,1712614784817,3.0,***,632.0
1654,280,1712614801641,75.0,I sit under the dryer with a magazine on my lap and let Marnie do my nails.,16824.0
1654,281,1712614803809,42.0,"""I am going to a funeral tomorrow,"" I say.",2168.0
1654,282,1712614804825,38.0,"""I'm sorry to hear that,"" Marnie says.",1016.0
1654,283,1712614806017,25.0,"""It was a murder,"" I say.",1192.0
1654,284,1712614807081,37.0,"""That's the worst kind,"" Marnie says.",1064.0
1654,285,1712614808217,35.0,"""We weren't all that close,"" I say.",1136.0
1654,286,1712614808985,15.0,"""But you know?""",768.0
1654,287,1712614810497,45.0,"""We'll get you fixed up for it,"" Marnie says.",1512.0
1654,288,1712614814265,72.0,"That night I make my bed on the sofa, and in the morning I get up first.",3768.0
1654,289,1712614816712,50.0,I put on coffee and fix breakfast while he shaves.,2447.0
1654,290,1712614819472,76.0,"He appears in the kitchen doorway, towel over his bare shoulder, appraising.",2760.0
1654,291,1712614820440,23.0,"""Here's coffee,"" I say.",968.0
1654,292,1712614821816,31.0,"""Eggs'll be ready in a minute.”",1376.0
1654,293,1712614823056,37.0,"I wake Dean, and the three of us eat.",1240.0
1654,294,1712614827360,79.0,"Whenever Stuart looks at me, I ask Dean if he wants more milk, more toast, etc.",4304.0
1654,295,1712614829056,56.0,"""I'll call you today,"" Stuart says as he opens the door.",1695.0
1654,296,1712614830576,42.0,"I say, ""I don't think I'll be home today.""",1520.0
1654,297,1712614831352,21.0,"""All right,"" he says.",776.0
1654,298,1712614831992,7.0,"""Sure.""",640.0
1654,299,1712614832616,18.0,I dress carefully.,624.0
1654,300,1712614834448,48.0,I try on a hat and look at myself in the mirror.,1832.0
1654,301,1712614835736,28.0,I write out a note for Dean.,1288.0
1654,302,1712614838273,69.0,"Honey, Mommy has things to do this afternoon, but will be back later.",2537.0
1654,303,1712614840664,61.0,You stay in or be in the backyard until one of us comes home.,2391.0
1654,304,1712614842096,11.0,"Love, Mommy",1432.0
1654,305,1712614847040,48.0,I look at the word Love and then I underline it.,4943.0
1654,306,1712614848752,29.0,Then I see the word backyard.,1712.0
1654,307,1712614850728,22.0,Is it one word or two?,1975.0
1654,308,1712614851248,3.0,***,520.0
1654,309,1712614856408,121.0,"I drive through farm country, through fields of oats and sugar beets and past apple orchards, cattle grazing in pastures.",5160.0
1654,310,1712614858896,99.0,"Then everything changes, more like shacks than farmhouses and stands of timber instead of orchards.",2488.0
1654,311,1712614863248,78.0,"Then mountains, and on the right, far below, I sometimes see the Naches River.",4352.0
1654,312,1712614868112,64.0,A green pickup comes up behind me and stays behind me for miles.,4864.0
1654,313,1712614871888,55.0,"I keep slowing at the wrong times, hoping he will pass.",3776.0
1654,314,1712614872960,16.0,Then I speed up.,1072.0
1654,315,1712614875304,36.0,"But this is at the wrong times, too.",2344.0
1654,316,1712614877993,39.0,I grip the wheel until my fingers hurt.,2689.0
1654,317,1712614880801,37.0,On a long clear stretch he goes past.,2808.0
1654,318,1712614884385,73.0,"But he drives along beside for a bit, a crewcut man in a blue work shirt.",3584.0
1654,319,1712614885361,24.0,We look each other over.,976.0
1654,320,1712614888609,53.0,"Then he waves, toots his horn, and pulls on up ahead.",3248.0
1654,321,1712614889705,29.0,I slow down and find a place.,1096.0
1654,322,1712614891481,35.0,I pull over and shut off the motor.,1776.0
1654,323,1712614894825,42.0,I can hear the river down below the trees.,3344.0
1654,324,1712614896145,35.0,Then I hear the pickup coming back.,1320.0
1654,325,1712614897801,41.0,I lock the doors and roll up the windows.,1656.0
1654,326,1712614898849,30.0,"""You all right?"" the man says.",1048.0
1654,327,1712614900585,21.0,He raps on the glass.,1736.0
1654,328,1712614901177,11.0,"""You okay?""",592.0
1654,329,1712614905337,64.0,He leans his arms on the door and brings his face to the window.,4160.0
1654,330,1712614906193,15.0,I stare at him.,856.0
1654,331,1712614907457,30.0,I can't think what else to do.,1264.0
1654,332,1712614908401,34.0,"""Is everything all right in there?",944.0
1654,333,1712614909113,31.0,"How come you're all locked up?""",712.0
1654,334,1712614909937,16.0,I shake my head.,824.0
1654,335,1712614911017,24.0,"""Roll down your window.""",1080.0
1654,336,1712614914433,64.0,He shakes his head and looks at the highway and then back at me.,3416.0
1654,337,1712614915865,19.0,"""Roll it down now.""",1432.0
1654,338,1712614917105,32.0,"""Please,"" I say, ""I have to go.""",1240.0
1654,339,1712614919513,50.0,"""Open the door,"" he says as if he isn't listening.",2408.0
1654,340,1712614921833,33.0,"""You're going to choke in there.""",2320.0
1654,341,1712614923081,32.0,"He looks at my breasts, my legs.",1248.0
1654,342,1712614923985,34.0,I can tell that's what he's doing.,904.0
1654,343,1712614925561,22.0,"""Hey, sugar,"" he says.",1576.0
1654,344,1712614928257,31.0,"""I'm just here to help is all.""",2696.0
1654,345,1712614928761,3.0,***,504.0
1654,346,1712614933321,52.0,The casket is closed and covered with floral sprays.,4560.0
1654,347,1712614948321,45.0,The organ starts up the minute I take a seat.,15000.0
1654,348,1712614949481,40.0,People are coming in and finding chairs.,1160.0
1654,349,1712614951401,63.0,There's a boy in flared pants and a yellow short-sleeved shirt.,1920.0
1654,350,1712614957593,100.0,A door opens and the family comes in in a group and moves over to a curtained place off to one side.,6192.0
1654,351,1712614959401,39.0,Chairs creak as everybody gets settled.,1808.0
1654,352,1712614963425,83.0,"Directly, a nice blond man in a nice dark suit stands and asks us to bow our heads.",4024.0
1654,353,1712614967553,105.0,"He says a prayer for us, the living, and when he finishes, he says a prayer for the soul of the departed.",4128.0
1654,354,1712614968857,43.0,Along with the others I go past the casket.,1304.0
1654,355,1712614971977,66.0,Then I move out onto the front steps and into the afternoon light.,3120.0
1654,356,1712614974697,66.0,There's a woman who limps as she goes down the stairs ahead of me.,2720.0
1654,357,1712614975457,33.0,On the sidewalk she looks around.,760.0
1654,358,1712614976809,31.0,"""Well, they got him,"" she says.",1352.0
1654,359,1712614977737,27.0,"""If that's any consolation.",928.0
1654,360,1712614978569,31.0,They arrested him this morning.,832.0
1654,361,1712614979649,38.0,I heard it on the radio before I come.,1080.0
1654,362,1712614980993,26.0,"A boy right here in town.""",1344.0
1654,363,1712614984913,42.0,We move a few steps down the hot sidewalk.,3920.0
1654,364,1712614986689,25.0,People are starting cars.,1776.0
1654,365,1712614990033,49.0,I put out my hand and hold on to a parking meter.,3344.0
1654,366,1712614991833,36.0,Polished hoods and polished fenders.,1800.0
1654,367,1712614992553,14.0,My head swims.,720.0
1654,368,1712614995809,41.0,"I say, ""They have friends, these killers.",3256.0
1654,369,1712614997049,16.0,"You can't tell.""",1240.0
1654,370,1712615000073,70.0,"""I have known that child since she was a little girl,"" the woman says.",3024.0
1654,371,1712615004017,93.0,"""She used to come over and I'd bake cookies for her and let her eat them in front of the TV.""",3944.0
1654,372,1712615004721,3.0,***,704.0
1654,373,1712615008153,76.0,"Back home, Stuart sits at the table with a drink of whiskey in front of him.",3432.0
1654,374,1712615012193,57.0,For a crazy instant I think something's happened to Dean.,4040.0
1654,375,1712615012905,14.0,"""Where is he?""",712.0
1654,376,1712615013385,6.0,I say.,480.0
1654,377,1712615014145,16.0,"""Where is Dean?""",760.0
1654,378,1712615015529,27.0,"""Outside,"" my husband says.",1384.0
1654,379,1712615016929,34.0,He drains his glass and stands up.,1400.0
1654,380,1712615018953,40.0,"He says, ""I think I know what you need.""",2024.0
1654,381,1712615031985,138.0,He reaches an arm around my waist and with his other hand he begins to unbutton my jacket and then he goes on to the buttons of my blouse.,13032.0
1654,382,1712615034329,30.0,"""First things first,"" he says.",2344.0
1654,383,1712615035041,23.0,He says something else.,712.0
1654,384,1712615035873,27.0,But I don't need to listen.,832.0
1654,385,1712615038649,46.0,I can't hear a thing with so much water going.,2776.0
1654,386,1712615039169,3.0,***,520.0
1645,57,1712619417452,3.0,***,2802.0
1645,58,1712619421278,37.0,My husband eats with a good appetite.,3826.0
1645,59,1712619421525,37.0,But I don't think he's really hungry.,247.0
1645,60,1712619422047,69.0,"He chews, arms on the table, and stares at something across the room.",522.0
1645,61,1712619422284,30.0,He looks at me and looks away.,237.0
1645,62,1712619422505,33.0,He wipes his mouth on the napkin.,221.0
1645,63,1712619422726,30.0,"He shrugs, and goes on eating.",221.0
1645,64,1712619422940,42.0,"""What are you staring at me for?"" he says.",213.0
1645,65,1712619431178,45.0,"""What is it?"" he says and lays down his fork.",8238.0
1645,66,1712619431575,42.0,"""Was I staring?"" I say, and shake my head.",397.0
1645,67,1712619431756,20.0,The telephone rings.,181.0
1645,68,1712619431929,27.0,"""Don't answer it,"" he says.",173.0
1645,69,1712619432087,33.0,"""It might be your mother,"" I say.",158.0
1645,70,1712619432585,25.0,"""Watch and see,"" he says.",498.0
1645,71,1712619432718,34.0,I pick up the receiver and listen.,133.0
1645,72,1712619432848,24.0,My husband stops eating.,130.0
1645,73,1712619432981,46.0,"""What did I tell you?"" he says when I hang up.",133.0
1645,74,1712619433111,23.0,He starts to eat again.,130.0
1645,75,1712619433243,36.0,Then throws his napkin on his plate.,132.0
1645,76,1712619433374,63.0,"He says, ""Goddamn it, why can't people mind their own business?",131.0
1645,77,1712619433507,41.0,Tell me what I did wrong and I'll listen!,132.0
1645,78,1712619433639,28.0,I wasn't the only man there.,132.0
1645,79,1712619433770,37.0,We talked it over and we all decided.,131.0
1645,80,1712619433901,29.0,We couldn't just turn around.,130.0
1645,81,1712619434033,32.0,We were five miles from the car.,131.0
1645,82,1712619434164,34.0,I won't have you passing judgment.,131.0
1645,83,1712619434296,13.0,"Do you hear?""",132.0
1645,84,1712619434427,18.0,"""You know,"" I say.",131.0
1645,85,1712619434559,33.0,"He says, ""What do I know, Claire?",132.0
1645,86,1712619434692,34.0,Tell me what I'm supposed to know.,132.0
1645,87,1712619434822,40.0,"I don't know anything except one thing?""",130.0
1645,88,1712619434953,48.0,He gives me what he thinks is a meaningful look.,131.0
1645,89,1712619435086,24.0,"""She was dead,"" he says.",132.0
1645,90,1712619435217,33.0,"""And I'm as sorry as anyone else.",131.0
1645,91,1712619435350,18.0,"But she was dead.""",132.0
1645,92,1712619435480,26.0,"""That's the point,"" I say.",130.0
1645,93,1712619435612,20.0,He raises his hands.,132.0
1645,94,1712619435744,40.0,He pushes his chair away from the table.,132.0
1645,95,1712619435875,72.0,He takes out his cigarettes and goes out to the back with a can of beer.,130.0
1645,96,1712619436007,64.0,I see him sit in the lawn chair and pick up the newspaper again.,132.0
1645,97,1712619436139,39.0,His name is in there on the first page.,131.0
1645,98,1712619436269,36.0,Along with the names of his friends.,129.0
1645,99,1712619436402,40.0,I close my eyes and hold on to the sink.,133.0
1645,100,1712619436533,74.0,Then I rake my arm across the drainboard and send the dishes to the floor.,131.0
1645,101,1712619436665,16.0,He doesn't move.,132.0
1645,102,1712619436796,18.0,I know he's heard.,131.0
1645,103,1712619436927,40.0,He lifts his head as if still listening.,131.0
1645,104,1712619437060,30.0,But he doesn't move otherwise.,133.0
1645,105,1712619437190,23.0,He doesn't turn around.,129.0
1645,106,1712619437322,3.0,***,132.0
1645,107,1712619437455,88.0,"He and Gordon Johnson and Mel Dorn and Vern Williams, they play poker and bowl and fish.",132.0
1645,108,1712619437585,85.0,They fish every spring and early summer before visiting relatives can get in the way.,130.0
1645,109,1712619437718,65.0,"They are decent men, family men, men who take care of their jobs.",133.0
1645,110,1712619437849,65.0,"They have sons and daughters who go to school with our son, Dean.",131.0
1645,111,1712619437980,55.0,Last Friday these family men left for the Naches River.,130.0
1645,112,1712619438113,76.0,They parked the car in the mountains and hiked to where they wanted to fish.,133.0
1645,113,1712619438243,76.0,"They carried their bedrolls, their food, their playing cards, their whiskey.",130.0
1645,114,1712619438374,42.0,They saw the girl before they set up camp.,131.0
1645,115,1712619438506,19.0,Mel Dorn found her.,132.0
1645,116,1712619438637,25.0,No clothes on her at all.,131.0
1645,117,1712619463614,64.0,She was wedged into some branches that stuck out over the water.,24977.0
1645,118,1712619477714,43.0,He called the others and they came to look.,14100.0
1645,119,1712619493198,29.0,They talked about what to do.,15484.0
1645,120,1712619494895,82.0,One of the men - my Stuart didn't say which - said they should start back at once.,1697.0
1645,121,1712619495459,86.0,"The others stirred the sand with their shoes, said they didn't feel inclined that way.",564.0
1645,122,1712619495648,82.0,"They pleaded fatigue, the late hour, the fact that the girl wasn't going anywhere.",189.0
1645,123,1712619537893,47.0,In the end they went ahead and set up the camp.,42244.0
1645,124,1712619554491,42.0,They built a fire and drank their whiskey.,16597.0
1645,125,1712619567927,50.0,"When the moon came up, they talked about the girl.",13436.0
1645,126,1712619584746,59.0,Someone said they should -keep the body from drifting away.,16819.0
1645,127,1712619598063,55.0,They took their flashlights and went back to the river.,13317.0
1645,128,1712619611100,66.0,One of the men - it might have been Stuart - waded in and got her.,13037.0
1645,129,1712619688423,53.0,He took her by the fingers and pulled her into shore.,77323.0
1645,130,1712619701868,87.0,He got some nylon cord and tied it to her wrist and then looped the rest around a tree.,13445.0
1645,131,1712619714550,99.0,"The next morning they cooked breakfast, drank coffee, and drank whiskey, and then split up to fish.",12682.0
1645,132,1712619727016,182.0,"That night they cooked fish, cooked potatoes, drank coffee, drank whiskey, then took their cooking things and eating things back down to the river and washed them where the girl was.",12466.0
1645,133,1712619740415,32.0,They played some cards later on.,13399.0
1645,134,1712619741179,55.0,Maybe they played until they couldn't see them anymore.,764.0
1645,135,1712619741392,28.0,Vern Williams went to sleep.,213.0
1645,136,1712619741891,28.0,But the others told stories.,499.0
1645,137,1712619742024,100.0,Gordon Johnson said the trout they'd caught were hard because of the terrible coldness of the water.,133.0
1645,138,1712619742154,154.0,"The next morning they got up late, drank whiskey, fished a little, took down their tents, rolled their sleeping bags, gathered their stuff, and hiked out.",130.0
1645,139,1712619742287,41.0,They drove until they got to a telephone.,133.0
1645,140,1712619742418,86.0,It was Stuart who made the call while the others stood around in the sun and listened.,131.0
1645,141,1712619742550,32.0,He gave the sheriff their names.,132.0
1645,142,1712619742681,25.0,They had nothing to hide.,131.0
1645,143,1712619742813,21.0,They weren't ashamed.,132.0
1645,144,1712619742946,100.0,They said they'd wait until someone could come for better directions and take down their statements.,133.0
1645,145,1712619743076,3.0,***,130.0
1645,146,1712619743207,30.0,I was asleep when he got home.,131.0
1645,147,1712619743341,46.0,But I woke up when I heard him in the kitchen.,133.0
1645,148,1712619743471,64.0,I found him leaning against the refrigerator with a can of beer.,130.0
1645,149,1712619743607,68.0,He put his heavy arms around me and rubbed his big hands on my back.,135.0
1645,150,1712619743735,85.0,In bed he put his hands on me again and then waited as if thinking of something else.,128.0
1645,151,1712619743867,28.0,I turned and opened my legs.,131.0
1645,152,1712619743999,36.0,"Afterwards, I think he stayed awake.",132.0
1645,153,1712619744130,53.0,He was up that morning before I could get out of bed.,131.0
1645,154,1712619744263,54.0,"To see if there was something in the paper, I suppose.",132.0
1645,155,1712619744393,46.0,The telephone began ringing right after eight.,130.0
1645,156,1712619744525,13.0,"""Go to hell!""",132.0
1645,157,1712619744656,18.0,I heard him shout.,131.0
1645,158,1712619744788,31.0,The telephone rang right again.,132.0
1645,159,1712619744920,59.0,"""I have nothing to add to what I already told the sheriff!""",132.0
1645,160,1712619745051,29.0,He slammed the receiver down.,131.0
1645,161,1712619745183,27.0,"""What is going on?"" I said.",132.0
1645,162,1712619745315,49.0,It was then that he told me what I just told you.,132.0
1645,163,1712619745446,3.0,***,131.0
1645,164,1712619745963,44.0,I sweep up the broken dishes and go outside.,517.0
1645,165,1712619746462,85.0,"He is lying on his back on the grass now, the newspaper and can of beer within reach.",499.0
1645,166,1712619746593,41.0,"""Stuart, could we go for a drive?"" I say.",131.0
1645,167,1712619746725,30.0,He rolls over and looks at me.,132.0
1645,168,1712619746857,37.0,"""We'll pick up some beer,"" he says...",132.0
1645,169,1712619746988,62.0,He gets to his feet and touches me on the hip as he goes past.,131.0
1645,170,1712619747120,28.0,"""Give me a minute,"" he says.",132.0
1645,171,1712619747252,39.0,We drive through town without speaking.,132.0
1645,172,1712619747383,39.0,He stops at a roadside market for beer.,131.0
1645,173,1712619747515,54.0,I notice a great stack of papers just inside the door.,131.0
1645,174,1712619747647,89.0,On the top step a fat woman in a print dress holds out a licorice stick to a little girl.,132.0
1645,175,1712619747779,66.0,"Later on, we cross Everson Creek and turn into the picnic grounds.",131.0
1645,176,1712619747910,79.0,The creek runs under the bridge and into a large pond a few hundred yards away.,131.0
1645,177,1712619748042,28.0,I can see the men out there.,132.0
1645,178,1712619748174,33.0,I can see them out there fishing.,132.0
1645,179,1712619748305,31.0,So much water so close to home.,131.0
1645,180,1712619748437,43.0,"I say, ""Why did you have to go miles away?""",132.0
1645,181,1712619748569,25.0,"""Don't rile me,"" he says.",132.0
1645,182,1712619748700,29.0,We sit on a bench in the sun.,131.0
1645,183,1712619748832,25.0,He opens us cans of beer.,132.0
1645,184,1712619748964,25.0,"He says, ""Relax, Claire.""",132.0
1645,185,1712619749095,30.0,"""They said they were innocent.",131.0
1645,186,1712619749227,27.0,"They said they were crazy.""",132.0
1645,187,1712619749359,15.0,"He says, ""Who?""",132.0
1645,188,1712619749490,38.0,"He says, ""What are you talking about?""",131.0
1645,189,1712619749622,21.0,"""The Maddox brothers.",132.0
1645,190,1712619749754,54.0,They killed a girl named Arlene Hubly where I grew up.,132.0
1645,191,1712619749885,60.0,They cut off her head and threw her into the Cle Elum River.,131.0
1645,192,1712619750017,31.0,"It happened when I was a girl.""",131.0
1645,193,1712619750149,40.0,"""You're going to get me riled,"" he says.",132.0
1645,194,1712619750281,20.0,I look at the creek.,132.0
1645,195,1712619750412,79.0,"I'm right in it, eyes open, face down, staring at the moss on the bottom, dead.",131.0
1645,196,1712619750544,62.0,"""I don't know what's wrong with you,"" he says on the way home.",132.0
1645,197,1712619750675,45.0,"""You're getting me more riled by the minute.""",131.0
1645,198,1712619750807,34.0,There is nothing I can say to him.,132.0
1645,199,1712619750938,36.0,He tries to concentrate on the road.,131.0
1645,200,1712619751070,47.0,But he keeps looking into the rear-view mirror.,132.0
1645,201,1712619751202,9.0,He knows.,132.0
1645,202,1712619751334,3.0,***,132.0
1645,203,1712619751466,52.0,Stuart believes he is letting me sleep this morning.,132.0
1645,204,1712619751597,47.0,But I was awake long before the alarm went off.,131.0
1645,205,1712619751729,74.0,"I was thinking, lying on the far side of the bed away from his hairy legs.",132.0
1645,206,1712619751862,78.0,"He gets Dean off for school, and then he shaves, dresses, and leaves for work.",133.0
1645,207,1712619751992,40.0,Twice he looks in and clears his throat.,130.0
1645,208,1712619752124,26.0,But I keep my eyes closed.,132.0
1645,209,1712619752255,38.0,In the kitchen I find a note from him.,131.0
1645,210,1712619752387,19.0,"It's signed ""Love.""",132.0
1645,211,1712619752518,74.0,I sit in the breakfast nook and drink coffee and leave a ring on the note.,131.0
1645,212,1712619752650,67.0,I look at the newspaper and turn it this way and that on the table.,132.0
1645,213,1712619752782,43.0,Then I skid it close and read what it says.,132.0
1645,214,1712619752913,38.0,"The body has been identified, claimed.",131.0
1645,215,1712619753045,155.0,"But it took some examining it, some putting things into it, some cutting, some weighing, some measuring, some putting things back again and sewing them in.",132.0
1645,216,1712619753177,57.0,I sit for a long time holding the newspaper and thinking.,132.0
1645,217,1712619753308,51.0,Then I call up to get a chair at the hairdresser's.,131.0
1645,218,1712619753440,3.0,***,131.0
1645,219,1712619753572,75.0,I sit under the dryer with a magazine on my lap and let Marnie do my nails.,132.0
1645,220,1712619753703,42.0,"""I am going to a funeral tomorrow,"" I say.",131.0
1645,221,1712619753835,38.0,"""I'm sorry to hear that,"" Marnie says.",132.0
1645,222,1712619753967,25.0,"""It was a murder,"" I say.",132.0
1645,223,1712619754098,37.0,"""That's the worst kind,"" Marnie says.",131.0
1645,224,1712619754230,35.0,"""We weren't all that close,"" I say.",131.0
1645,225,1712619754362,15.0,"""But you know?""",132.0
1645,226,1712619754493,45.0,"""We'll get you fixed up for it,"" Marnie says.",131.0
1645,227,1712619754625,72.0,"That night I make my bed on the sofa, and in the morning I get up first.",132.0
1645,228,1712619754757,50.0,I put on coffee and fix breakfast while he shaves.,132.0
1645,229,1712619754891,76.0,"He appears in the kitchen doorway, towel over his bare shoulder, appraising.",134.0
1645,230,1712619755020,23.0,"""Here's coffee,"" I say.",129.0
1645,231,1712619755151,31.0,"""Eggs'll be ready in a minute.”",131.0
1645,232,1712619755283,37.0,"I wake Dean, and the three of us eat.",131.0
1645,233,1712619755415,79.0,"Whenever Stuart looks at me, I ask Dean if he wants more milk, more toast, etc.",132.0
1645,234,1712619755547,56.0,"""I'll call you today,"" Stuart says as he opens the door.",132.0
1645,235,1712619755678,42.0,"I say, ""I don't think I'll be home today.""",131.0
1645,236,1712619755810,21.0,"""All right,"" he says.",132.0
1645,237,1712619755941,7.0,"""Sure.""",131.0
1645,238,1712619756073,18.0,I dress carefully.,131.0
1645,239,1712619756205,48.0,I try on a hat and look at myself in the mirror.,132.0
1645,240,1712619756336,28.0,I write out a note for Dean.,131.0
1645,241,1712619756468,69.0,"Honey, Mommy has things to do this afternoon, but will be back later.",131.0
1645,242,1712619756600,61.0,You stay in or be in the backyard until one of us comes home.,132.0
1645,243,1712619756732,11.0,"Love, Mommy",131.0
1645,244,1712619756863,48.0,I look at the word Love and then I underline it.,131.0
1645,245,1712619756995,29.0,Then I see the word backyard.,132.0
1645,246,1712619757126,22.0,Is it one word or two?,131.0
1645,247,1712619757258,3.0,***,131.0
1645,248,1712619757390,121.0,"I drive through farm country, through fields of oats and sugar beets and past apple orchards, cattle grazing in pastures.",131.0
1645,249,1712619757522,99.0,"Then everything changes, more like shacks than farmhouses and stands of timber instead of orchards.",132.0
1645,250,1712619757653,78.0,"Then mountains, and on the right, far below, I sometimes see the Naches River.",131.0
1645,251,1712619757785,64.0,A green pickup comes up behind me and stays behind me for miles.,132.0
1645,252,1712619757917,55.0,"I keep slowing at the wrong times, hoping he will pass.",131.0
1645,253,1712619758048,16.0,Then I speed up.,131.0
1645,254,1712619758180,36.0,"But this is at the wrong times, too.",132.0
1645,255,1712619758311,39.0,I grip the wheel until my fingers hurt.,131.0
1645,256,1712619758443,37.0,On a long clear stretch he goes past.,131.0
1645,257,1712619758575,73.0,"But he drives along beside for a bit, a crewcut man in a blue work shirt.",132.0
1645,258,1712619758707,24.0,We look each other over.,132.0
1645,259,1712619758838,53.0,"Then he waves, toots his horn, and pulls on up ahead.",131.0
1645,260,1712619758970,29.0,I slow down and find a place.,132.0
1645,261,1712619759101,35.0,I pull over and shut off the motor.,131.0
1645,262,1712619759233,42.0,I can hear the river down below the trees.,131.0
1645,263,1712619759365,35.0,Then I hear the pickup coming back.,132.0
1645,264,1712619759497,41.0,I lock the doors and roll up the windows.,132.0
1645,265,1712619759628,30.0,"""You all right?"" the man says.",131.0
1645,266,1712619759760,21.0,He raps on the glass.,132.0
1645,267,1712619759892,11.0,"""You okay?""",131.0
1645,268,1712619760023,64.0,He leans his arms on the door and brings his face to the window.,131.0
1645,269,1712619760155,15.0,I stare at him.,132.0
1645,270,1712619760286,30.0,I can't think what else to do.,131.0
1645,271,1712619760418,34.0,"""Is everything all right in there?",131.0
1645,272,1712619760550,31.0,"How come you're all locked up?""",132.0
1645,273,1712619760681,16.0,I shake my head.,131.0
1645,274,1712619760813,24.0,"""Roll down your window.""",132.0
1645,275,1712619760945,64.0,He shakes his head and looks at the highway and then back at me.,132.0
1645,276,1712619761077,19.0,"""Roll it down now.""",132.0
1645,277,1712619761208,32.0,"""Please,"" I say, ""I have to go.""",131.0
1645,278,1712619761340,50.0,"""Open the door,"" he says as if he isn't listening.",132.0
1645,279,1712619761471,33.0,"""You're going to choke in there.""",131.0
1645,280,1712619761603,32.0,"He looks at my breasts, my legs.",131.0
1645,281,1712619761734,34.0,I can tell that's what he's doing.,131.0
1645,282,1712619761866,22.0,"""Hey, sugar,"" he says.",132.0
1645,283,1712619761998,31.0,"""I'm just here to help is all.""",132.0
1645,284,1712619762130,3.0,***,132.0
1645,285,1712619762263,52.0,The casket is closed and covered with floral sprays.,133.0
1645,286,1712619762393,45.0,The organ starts up the minute I take a seat.,130.0
1645,287,1712619762524,40.0,People are coming in and finding chairs.,131.0
1645,288,1712619762656,63.0,There's a boy in flared pants and a yellow short-sleeved shirt.,132.0
1645,289,1712619762788,100.0,A door opens and the family comes in in a group and moves over to a curtained place off to one side.,132.0
1645,290,1712619762920,39.0,Chairs creak as everybody gets settled.,131.0
1645,291,1712619763051,83.0,"Directly, a nice blond man in a nice dark suit stands and asks us to bow our heads.",131.0
1645,292,1712619763183,105.0,"He says a prayer for us, the living, and when he finishes, he says a prayer for the soul of the departed.",132.0
1645,293,1712619763314,43.0,Along with the others I go past the casket.,131.0
1645,294,1712619763446,66.0,Then I move out onto the front steps and into the afternoon light.,132.0
1645,295,1712619763578,66.0,There's a woman who limps as she goes down the stairs ahead of me.,132.0
1645,296,1712619763710,33.0,On the sidewalk she looks around.,132.0
1645,297,1712619763841,31.0,"""Well, they got him,"" she says.",130.0
1645,298,1712619763974,27.0,"""If that's any consolation.",133.0
1645,299,1712619764104,31.0,They arrested him this morning.,130.0
1645,300,1712619764236,38.0,I heard it on the radio before I come.,132.0
1645,301,1712619764369,26.0,"A boy right here in town.""",133.0
1645,302,1712619764499,42.0,We move a few steps down the hot sidewalk.,130.0
1645,303,1712619764632,25.0,People are starting cars.,133.0
1645,304,1712619764762,49.0,I put out my hand and hold on to a parking meter.,130.0
1645,305,1712619764894,36.0,Polished hoods and polished fenders.,132.0
1645,306,1712619765025,14.0,My head swims.,131.0
1645,307,1712619765157,41.0,"I say, ""They have friends, these killers.",132.0
1645,308,1712619765289,16.0,"You can't tell.""",132.0
1645,309,1712619765422,70.0,"""I have known that child since she was a little girl,"" the woman says.",133.0
1645,310,1712619765552,93.0,"""She used to come over and I'd bake cookies for her and let her eat them in front of the TV.""",130.0
1645,311,1712619765685,3.0,***,133.0
1645,312,1712619765817,76.0,"Back home, Stuart sits at the table with a drink of whiskey in front of him.",131.0
1645,313,1712619765947,57.0,For a crazy instant I think something's happened to Dean.,130.0
1645,314,1712619766080,14.0,"""Where is he?""",133.0
1645,315,1712619766210,6.0,I say.,130.0
1645,316,1712619766343,16.0,"""Where is Dean?""",133.0
1645,317,1712619766473,27.0,"""Outside,"" my husband says.",129.0
1645,318,1712619766605,34.0,He drains his glass and stands up.,132.0
1645,319,1712619766737,40.0,"He says, ""I think I know what you need.""",132.0
1645,320,1712619766869,138.0,He reaches an arm around my waist and with his other hand he begins to unbutton my jacket and then he goes on to the buttons of my blouse.,132.0
1645,321,1712619767000,30.0,"""First things first,"" he says.",130.0
1645,322,1712619767133,23.0,He says something else.,133.0
1645,323,1712619767263,27.0,But I don't need to listen.,130.0
1645,324,1712619767395,46.0,I can't hear a thing with so much water going.,132.0
1645,325,1712619767526,3.0,***,131.0
1712,66,1712614409326,3.0,***,11079.0
1712,67,1712614413091,37.0,My husband eats with a good appetite.,3765.0
1712,68,1712614414031,37.0,But I don't think he's really hungry.,940.0
1712,69,1712614421964,69.0,"He chews, arms on the table, and stares at something across the room.",7933.0
1712,70,1712614422568,30.0,He looks at me and looks away.,604.0
1712,71,1712614423077,33.0,He wipes his mouth on the napkin.,509.0
1712,72,1712614423426,30.0,"He shrugs, and goes on eating.",349.0
1712,73,1712614423639,42.0,"""What are you staring at me for?"" he says.",213.0
1712,74,1712614423885,45.0,"""What is it?"" he says and lays down his fork.",245.0
1712,75,1712614424082,42.0,"""Was I staring?"" I say, and shake my head.",197.0
1712,76,1712614424256,20.0,The telephone rings.,173.0
1712,77,1712614424429,27.0,"""Don't answer it,"" he says.",173.0
1712,78,1712614424595,33.0,"""It might be your mother,"" I say.",165.0
1712,79,1712614424777,25.0,"""Watch and see,"" he says.",182.0
1712,80,1712614424950,34.0,I pick up the receiver and listen.,173.0
1712,81,1712614425116,24.0,My husband stops eating.,166.0
1712,82,1712614425281,46.0,"""What did I tell you?"" he says when I hang up.",165.0
1712,83,1712614425439,23.0,He starts to eat again.,158.0
1712,84,1712614425597,36.0,Then throws his napkin on his plate.,158.0
1712,85,1712614425754,63.0,"He says, ""Goddamn it, why can't people mind their own business?",157.0
1712,86,1712614425912,41.0,Tell me what I did wrong and I'll listen!,158.0
1712,87,1712614426070,28.0,I wasn't the only man there.,158.0
1712,88,1712614426227,37.0,We talked it over and we all decided.,157.0
1712,89,1712614426385,29.0,We couldn't just turn around.,158.0
1712,90,1712614426543,32.0,We were five miles from the car.,157.0
1712,91,1712614426700,34.0,I won't have you passing judgment.,157.0
1712,92,1712614426873,13.0,"Do you hear?""",173.0
1712,93,1712614427039,18.0,"""You know,"" I say.",165.0
1712,94,1712614427205,33.0,"He says, ""What do I know, Claire?",166.0
1712,95,1712614427379,34.0,Tell me what I'm supposed to know.,174.0
1712,96,1712614427544,40.0,"I don't know anything except one thing?""",165.0
1712,97,1712614427709,48.0,He gives me what he thinks is a meaningful look.,165.0
1712,98,1712614427883,24.0,"""She was dead,"" he says.",174.0
1712,99,1712614428049,33.0,"""And I'm as sorry as anyone else.",166.0
1712,100,1712614428206,18.0,"But she was dead.""",157.0
1712,101,1712614428364,26.0,"""That's the point,"" I say.",157.0
1712,102,1712614428529,20.0,He raises his hands.,165.0
1712,103,1712614428687,40.0,He pushes his chair away from the table.,157.0
1712,104,1712614428836,72.0,He takes out his cigarettes and goes out to the back with a can of beer.,149.0
1712,105,1712614429002,64.0,I see him sit in the lawn chair and pick up the newspaper again.,166.0
1712,106,1712614429176,39.0,His name is in there on the first page.,173.0
1712,107,1712614429342,36.0,Along with the names of his friends.,166.0
1712,108,1712614429499,40.0,I close my eyes and hold on to the sink.,157.0
1712,109,1712614429657,74.0,Then I rake my arm across the drainboard and send the dishes to the floor.,158.0
1712,110,1712614429823,16.0,He doesn't move.,166.0
1712,111,1712614429980,18.0,I know he's heard.,157.0
1712,112,1712614430146,40.0,He lifts his head as if still listening.,166.0
1712,113,1712614430311,30.0,But he doesn't move otherwise.,165.0
1712,114,1712614430469,23.0,He doesn't turn around.,157.0
1712,115,1712614430635,3.0,***,166.0
1712,116,1712614430808,88.0,"He and Gordon Johnson and Mel Dorn and Vern Williams, they play poker and bowl and fish.",173.0
1712,117,1712614430966,85.0,They fish every spring and early summer before visiting relatives can get in the way.,157.0
1712,118,1712614431140,65.0,"They are decent men, family men, men who take care of their jobs.",174.0
1712,119,1712614431313,65.0,"They have sons and daughters who go to school with our son, Dean.",173.0
1712,120,1712614431479,55.0,Last Friday these family men left for the Naches River.,165.0
1712,121,1712614431645,76.0,They parked the car in the mountains and hiked to where they wanted to fish.,166.0
1712,122,1712614431810,76.0,"They carried their bedrolls, their food, their playing cards, their whiskey.",165.0
1712,123,1712614431984,42.0,They saw the girl before they set up camp.,173.0
1712,124,1712614432150,19.0,Mel Dorn found her.,166.0
1712,125,1712614432323,25.0,No clothes on her at all.,173.0
1712,126,1712614432497,64.0,She was wedged into some branches that stuck out over the water.,174.0
1712,127,1712614432670,43.0,He called the others and they came to look.,173.0
1712,128,1712614432836,29.0,They talked about what to do.,166.0
1712,129,1712614433002,82.0,One of the men - my Stuart didn't say which - said they should start back at once.,166.0
1712,130,1712614433175,86.0,"The others stirred the sand with their shoes, said they didn't feel inclined that way.",173.0
1712,131,1712614433357,82.0,"They pleaded fatigue, the late hour, the fact that the girl wasn't going anywhere.",182.0
1712,132,1712614433523,47.0,In the end they went ahead and set up the camp.,166.0
1712,133,1712614433696,42.0,They built a fire and drank their whiskey.,173.0
1712,134,1712614433862,50.0,"When the moon came up, they talked about the girl.",166.0
1712,135,1712614434027,59.0,Someone said they should -keep the body from drifting away.,165.0
1712,136,1712614434209,55.0,They took their flashlights and went back to the river.,181.0
1712,137,1712614434383,66.0,One of the men - it might have been Stuart - waded in and got her.,174.0
1712,138,1712614434564,53.0,He took her by the fingers and pulled her into shore.,181.0
1712,139,1712614434746,87.0,He got some nylon cord and tied it to her wrist and then looped the rest around a tree.,182.0
1712,140,1712614434919,99.0,"The next morning they cooked breakfast, drank coffee, and drank whiskey, and then split up to fish.",173.0
1712,141,1712614435094,182.0,"That night they cooked fish, cooked potatoes, drank coffee, drank whiskey, then took their cooking things and eating things back down to the river and washed them where the girl was.",174.0
1712,142,1712614435274,32.0,They played some cards later on.,180.0
1712,143,1712614435456,55.0,Maybe they played until they couldn't see them anymore.,182.0
1712,144,1712614435622,28.0,Vern Williams went to sleep.,166.0
1712,145,1712614435796,28.0,But the others told stories.,173.0
1712,146,1712614435976,100.0,Gordon Johnson said the trout they'd caught were hard because of the terrible coldness of the water.,180.0
1712,147,1712614436142,154.0,"The next morning they got up late, drank whiskey, fished a little, took down their tents, rolled their sleeping bags, gathered their stuff, and hiked out.",165.0
1712,148,1712614436308,41.0,They drove until they got to a telephone.,166.0
1712,149,1712614436481,86.0,It was Stuart who made the call while the others stood around in the sun and listened.,173.0
1712,150,1712614436663,32.0,He gave the sheriff their names.,181.0
1712,151,1712614436829,25.0,They had nothing to hide.,166.0
1712,152,1712614436994,21.0,They weren't ashamed.,165.0
1712,153,1712614437407,100.0,They said they'd wait until someone could come for better directions and take down their statements.,413.0
1712,154,1712614437661,3.0,***,253.0
1712,155,1712614437890,30.0,I was asleep when he got home.,229.0
1712,156,1712614438088,46.0,But I woke up when I heard him in the kitchen.,197.0
1712,157,1712614438286,64.0,I found him leaning against the refrigerator with a can of beer.,198.0
1712,158,1712614438785,68.0,He put his heavy arms around me and rubbed his big hands on my back.,499.0
1712,159,1712614438918,85.0,In bed he put his hands on me again and then waited as if thinking of something else.,133.0
1712,160,1712614439049,28.0,I turned and opened my legs.,131.0
1712,161,1712614439180,36.0,"Afterwards, I think he stayed awake.",130.0
1712,162,1712614439313,53.0,He was up that morning before I could get out of bed.,133.0
1712,163,1712614439445,54.0,"To see if there was something in the paper, I suppose.",132.0
1712,164,1712614439575,46.0,The telephone began ringing right after eight.,130.0
1712,165,1712614439708,13.0,"""Go to hell!""",133.0
1712,166,1712614439840,18.0,I heard him shout.,132.0
1712,167,1712614439970,31.0,The telephone rang right again.,130.0
1712,168,1712614440103,59.0,"""I have nothing to add to what I already told the sheriff!""",133.0
1712,169,1712614440234,29.0,He slammed the receiver down.,131.0
1712,170,1712614440366,27.0,"""What is going on?"" I said.",132.0
1712,171,1712614440497,49.0,It was then that he told me what I just told you.,131.0
1712,172,1712614440630,3.0,***,133.0
1712,173,1712614440761,44.0,I sweep up the broken dishes and go outside.,131.0
1712,174,1712614440893,85.0,"He is lying on his back on the grass now, the newspaper and can of beer within reach.",132.0
1712,175,1712614441024,41.0,"""Stuart, could we go for a drive?"" I say.",131.0
1712,176,1712614441157,30.0,He rolls over and looks at me.,133.0
1712,177,1712614441288,37.0,"""We'll pick up some beer,"" he says...",131.0
1712,178,1712614441421,62.0,He gets to his feet and touches me on the hip as he goes past.,133.0
1712,179,1712614441551,28.0,"""Give me a minute,"" he says.",130.0
1712,180,1712614441684,39.0,We drive through town without speaking.,133.0
1712,181,1712614441815,39.0,He stops at a roadside market for beer.,131.0
1712,182,1712614441947,54.0,I notice a great stack of papers just inside the door.,132.0
1712,183,1712614442080,89.0,On the top step a fat woman in a print dress holds out a licorice stick to a little girl.,133.0
1712,184,1712614442210,66.0,"Later on, we cross Everson Creek and turn into the picnic grounds.",130.0
1712,185,1712614442342,79.0,The creek runs under the bridge and into a large pond a few hundred yards away.,132.0
1712,186,1712614442473,28.0,I can see the men out there.,131.0
1712,187,1712614442605,33.0,I can see them out there fishing.,132.0
1712,188,1712614442738,31.0,So much water so close to home.,133.0
1712,189,1712614442868,43.0,"I say, ""Why did you have to go miles away?""",130.0
1712,190,1712614443000,25.0,"""Don't rile me,"" he says.",132.0
1712,191,1712614443133,29.0,We sit on a bench in the sun.,133.0
1712,192,1712614443264,25.0,He opens us cans of beer.,131.0
1712,193,1712614443396,25.0,"He says, ""Relax, Claire.""",132.0
1712,194,1712614443527,30.0,"""They said they were innocent.",130.0
1712,195,1712614443660,27.0,"They said they were crazy.""",133.0
1712,196,1712614443790,15.0,"He says, ""Who?""",130.0
1712,197,1712614443922,38.0,"He says, ""What are you talking about?""",132.0
1712,198,1712614444054,21.0,"""The Maddox brothers.",132.0
1712,199,1712614444186,54.0,They killed a girl named Arlene Hubly where I grew up.,132.0
1712,200,1712614444317,60.0,They cut off her head and threw her into the Cle Elum River.,130.0
1712,201,1712614444452,31.0,"It happened when I was a girl.""",135.0
1712,202,1712614444581,40.0,"""You're going to get me riled,"" he says.",128.0
1712,203,1712614444714,20.0,I look at the creek.,133.0
1712,204,1712614444844,79.0,"I'm right in it, eyes open, face down, staring at the moss on the bottom, dead.",130.0
1712,205,1712614444977,62.0,"""I don't know what's wrong with you,"" he says on the way home.",133.0
1712,206,1712614445109,45.0,"""You're getting me more riled by the minute.""",132.0
1712,207,1712614445239,34.0,There is nothing I can say to him.,130.0
1712,208,1712614445371,36.0,He tries to concentrate on the road.,132.0
1712,209,1712614445504,47.0,But he keeps looking into the rear-view mirror.,133.0
1712,210,1712614445634,9.0,He knows.,130.0
1712,211,1712614445767,3.0,***,133.0
1712,212,1712614445898,52.0,Stuart believes he is letting me sleep this morning.,130.0
1712,213,1712614446030,47.0,But I was awake long before the alarm went off.,132.0
1712,214,1712614446163,74.0,"I was thinking, lying on the far side of the bed away from his hairy legs.",132.0
1712,215,1712614446293,78.0,"He gets Dean off for school, and then he shaves, dresses, and leaves for work.",130.0
1712,216,1712614446426,40.0,Twice he looks in and clears his throat.,133.0
1712,217,1712614446556,26.0,But I keep my eyes closed.,130.0
1712,218,1712614446690,38.0,In the kitchen I find a note from him.,134.0
1712,219,1712614446820,19.0,"It's signed ""Love.""",130.0
1712,220,1712614446952,74.0,I sit in the breakfast nook and drink coffee and leave a ring on the note.,132.0
1712,221,1712614447083,67.0,I look at the newspaper and turn it this way and that on the table.,131.0
1712,222,1712614447216,43.0,Then I skid it close and read what it says.,132.0
1712,223,1712614447347,38.0,"The body has been identified, claimed.",130.0
1712,224,1712614447478,155.0,"But it took some examining it, some putting things into it, some cutting, some weighing, some measuring, some putting things back again and sewing them in.",131.0
1712,225,1712614447610,57.0,I sit for a long time holding the newspaper and thinking.,132.0
1712,226,1712614447743,51.0,Then I call up to get a chair at the hairdresser's.,133.0
1712,227,1712614447874,3.0,***,130.0
1712,228,1712614448006,75.0,I sit under the dryer with a magazine on my lap and let Marnie do my nails.,132.0
1712,229,1712614448139,42.0,"""I am going to a funeral tomorrow,"" I say.",131.0
1712,230,1712614448269,38.0,"""I'm sorry to hear that,"" Marnie says.",130.0
1712,231,1712614448401,25.0,"""It was a murder,"" I say.",132.0
1712,232,1712614448532,37.0,"""That's the worst kind,"" Marnie says.",131.0
1712,233,1712614448664,35.0,"""We weren't all that close,"" I say.",132.0
1712,234,1712614448797,15.0,"""But you know?""",133.0
1712,235,1712614448927,45.0,"""We'll get you fixed up for it,"" Marnie says.",130.0
1712,236,1712614449059,72.0,"That night I make my bed on the sofa, and in the morning I get up first.",132.0
1712,237,1712614449192,50.0,I put on coffee and fix breakfast while he shaves.,132.0
1712,238,1712614449322,76.0,"He appears in the kitchen doorway, towel over his bare shoulder, appraising.",130.0
1712,239,1712614449455,23.0,"""Here's coffee,"" I say.",132.0
1712,240,1712614449586,31.0,"""Eggs'll be ready in a minute.”",130.0
1712,241,1712614449719,37.0,"I wake Dean, and the three of us eat.",133.0
1712,242,1712614449851,79.0,"Whenever Stuart looks at me, I ask Dean if he wants more milk, more toast, etc.",132.0
1712,243,1712614449981,56.0,"""I'll call you today,"" Stuart says as he opens the door.",130.0
1712,244,1712614450112,42.0,"I say, ""I don't think I'll be home today.""",131.0
1712,245,1712614450244,21.0,"""All right,"" he says.",132.0
1712,246,1712614450376,7.0,"""Sure.""",132.0
1712,247,1712614450507,18.0,I dress carefully.,131.0
1712,248,1712614450639,48.0,I try on a hat and look at myself in the mirror.,132.0
1712,249,1712614450771,28.0,I write out a note for Dean.,132.0
1712,250,1712614450902,69.0,"Honey, Mommy has things to do this afternoon, but will be back later.",131.0
1712,251,1712614451034,61.0,You stay in or be in the backyard until one of us comes home.,132.0
1712,252,1712614451166,11.0,"Love, Mommy",132.0
1712,253,1712614451298,48.0,I look at the word Love and then I underline it.,132.0
1712,254,1712614451429,29.0,Then I see the word backyard.,131.0
1712,255,1712614451561,22.0,Is it one word or two?,132.0
1712,256,1712614451693,3.0,***,132.0
1712,257,1712614451824,121.0,"I drive through farm country, through fields of oats and sugar beets and past apple orchards, cattle grazing in pastures.",131.0
1712,258,1712614451956,99.0,"Then everything changes, more like shacks than farmhouses and stands of timber instead of orchards.",131.0
1712,259,1712614452088,78.0,"Then mountains, and on the right, far below, I sometimes see the Naches River.",132.0
1712,260,1712614452220,64.0,A green pickup comes up behind me and stays behind me for miles.,132.0
1712,261,1712614452351,55.0,"I keep slowing at the wrong times, hoping he will pass.",131.0
1712,262,1712614452483,16.0,Then I speed up.,132.0
1712,263,1712614452615,36.0,"But this is at the wrong times, too.",132.0
1712,264,1712614452747,39.0,I grip the wheel until my fingers hurt.,132.0
1712,265,1712614452878,37.0,On a long clear stretch he goes past.,131.0
1712,266,1712614453010,73.0,"But he drives along beside for a bit, a crewcut man in a blue work shirt.",132.0
1712,267,1712614453142,24.0,We look each other over.,132.0
1712,268,1712614453273,53.0,"Then he waves, toots his horn, and pulls on up ahead.",131.0
1712,269,1712614453405,29.0,I slow down and find a place.,131.0
1712,270,1712614453537,35.0,I pull over and shut off the motor.,132.0
1712,271,1712614453669,42.0,I can hear the river down below the trees.,132.0
1712,272,1712614453800,35.0,Then I hear the pickup coming back.,131.0
1712,273,1712614453932,41.0,I lock the doors and roll up the windows.,131.0
1712,274,1712614454066,30.0,"""You all right?"" the man says.",133.0
1712,275,1712614454196,21.0,He raps on the glass.,130.0
1712,276,1712614454329,11.0,"""You okay?""",133.0
1712,277,1712614454459,64.0,He leans his arms on the door and brings his face to the window.,130.0
1712,278,1712614454592,15.0,I stare at him.,133.0
1712,279,1712614454723,30.0,I can't think what else to do.,130.0
1712,280,1712614454856,34.0,"""Is everything all right in there?",133.0
1712,281,1712614454986,31.0,"How come you're all locked up?""",130.0
1712,282,1712614455119,16.0,I shake my head.,133.0
1712,283,1712614455251,24.0,"""Roll down your window.""",132.0
1712,284,1712614455381,64.0,He shakes his head and looks at the highway and then back at me.,130.0
1712,285,1712614455514,19.0,"""Roll it down now.""",133.0
1712,286,1712614455645,32.0,"""Please,"" I say, ""I have to go.""",130.0
1712,287,1712614455776,50.0,"""Open the door,"" he says as if he isn't listening.",131.0
1712,288,1712614455910,33.0,"""You're going to choke in there.""",133.0
1712,289,1712614456040,32.0,"He looks at my breasts, my legs.",130.0
1712,290,1712614456172,34.0,I can tell that's what he's doing.,132.0
1712,291,1712614456305,22.0,"""Hey, sugar,"" he says.",132.0
1712,292,1712614456435,31.0,"""I'm just here to help is all.""",130.0
1712,293,1712614456568,3.0,***,133.0
1712,294,1712614456698,52.0,The casket is closed and covered with floral sprays.,130.0
1712,295,1712614456831,45.0,The organ starts up the minute I take a seat.,132.0
1712,296,1712614456962,40.0,People are coming in and finding chairs.,131.0
1712,297,1712614457094,63.0,There's a boy in flared pants and a yellow short-sleeved shirt.,132.0
1712,298,1712614457227,100.0,A door opens and the family comes in in a group and moves over to a curtained place off to one side.,132.0
1712,299,1712614457359,39.0,Chairs creak as everybody gets settled.,132.0
1712,300,1712614457489,83.0,"Directly, a nice blond man in a nice dark suit stands and asks us to bow our heads.",130.0
1712,301,1712614457622,105.0,"He says a prayer for us, the living, and when he finishes, he says a prayer for the soul of the departed.",133.0
1712,302,1712614457752,43.0,Along with the others I go past the casket.,130.0
1712,303,1712614457885,66.0,Then I move out onto the front steps and into the afternoon light.,133.0
1712,304,1712614458016,66.0,There's a woman who limps as she goes down the stairs ahead of me.,131.0
1712,305,1712614458149,33.0,On the sidewalk she looks around.,132.0
1712,306,1712614458280,31.0,"""Well, they got him,"" she says.",131.0
1712,307,1712614458411,27.0,"""If that's any consolation.",131.0
1712,308,1712614458544,31.0,They arrested him this morning.,133.0
1712,309,1712614458675,38.0,I heard it on the radio before I come.,131.0
1712,310,1712614458806,26.0,"A boy right here in town.""",131.0
1712,311,1712614458939,42.0,We move a few steps down the hot sidewalk.,133.0
1712,312,1712614459069,25.0,People are starting cars.,130.0
1712,313,1712614459201,49.0,I put out my hand and hold on to a parking meter.,132.0
1712,314,1712614459334,36.0,Polished hoods and polished fenders.,133.0
1712,315,1712614459464,14.0,My head swims.,130.0
1712,316,1712614459597,41.0,"I say, ""They have friends, these killers.",133.0
1712,317,1712614459728,16.0,"You can't tell.""",131.0
1712,318,1712614459859,70.0,"""I have known that child since she was a little girl,"" the woman says.",131.0
1712,319,1712614459991,93.0,"""She used to come over and I'd bake cookies for her and let her eat them in front of the TV.""",132.0
1712,320,1712614460123,3.0,***,132.0
1712,321,1712614460255,76.0,"Back home, Stuart sits at the table with a drink of whiskey in front of him.",132.0
1712,322,1712614460387,57.0,For a crazy instant I think something's happened to Dean.,132.0
1712,323,1712614460518,14.0,"""Where is he?""",130.0
1712,324,1712614460651,6.0,I say.,133.0
1712,325,1712614460781,16.0,"""Where is Dean?""",130.0
1712,326,1712614460913,27.0,"""Outside,"" my husband says.",132.0
1712,327,1712614461045,34.0,He drains his glass and stands up.,132.0
1712,328,1712614461177,40.0,"He says, ""I think I know what you need.""",132.0
1712,329,1712614461309,138.0,He reaches an arm around my waist and with his other hand he begins to unbutton my jacket and then he goes on to the buttons of my blouse.,131.0
1712,330,1712614461440,30.0,"""First things first,"" he says.",131.0
1712,331,1712614461571,23.0,He says something else.,131.0
1712,332,1712614461704,27.0,But I don't need to listen.,133.0
1712,333,1712614461835,46.0,I can't hear a thing with so much water going.,131.0
1712,334,1712614461966,3.0,***,131.0
1672,98,1712620792883,3.0,***,2862.0
1672,99,1712620794324,37.0,My husband eats with a good appetite.,1441.0
1672,100,1712620795677,37.0,But I don't think he's really hungry.,1352.0
1672,101,1712620797159,69.0,"He chews, arms on the table, and stares at something across the room.",1481.0
1672,102,1712620798190,30.0,He looks at me and looks away.,1030.0
1672,103,1712620799258,33.0,He wipes his mouth on the napkin.,1068.0
1672,104,1712620800300,30.0,"He shrugs, and goes on eating.",1041.0
1672,105,1712620801498,42.0,"""What are you staring at me for?"" he says.",1198.0
1672,106,1712620802526,45.0,"""What is it?"" he says and lays down his fork.",1028.0
1672,107,1712620803739,42.0,"""Was I staring?"" I say, and shake my head.",1213.0
1672,108,1712620804703,20.0,The telephone rings.,963.0
1672,109,1712620805517,27.0,"""Don't answer it,"" he says.",814.0
1672,110,1712620806396,33.0,"""It might be your mother,"" I say.",879.0
1672,111,1712620807306,25.0,"""Watch and see,"" he says.",910.0
1672,112,1712620808265,34.0,I pick up the receiver and listen.,959.0
1672,113,1712620809062,24.0,My husband stops eating.,796.0
1672,114,1712620809883,46.0,"""What did I tell you?"" he says when I hang up.",819.0
1672,115,1712620810782,23.0,He starts to eat again.,899.0
1672,116,1712620811795,36.0,Then throws his napkin on his plate.,1013.0
1672,117,1712620813494,63.0,"He says, ""Goddamn it, why can't people mind their own business?",1699.0
1672,118,1712620814736,41.0,Tell me what I did wrong and I'll listen!,1241.0
1672,119,1712620816029,28.0,I wasn't the only man there.,1292.0
1672,120,1712620817382,37.0,We talked it over and we all decided.,1353.0
1672,121,1712620818378,29.0,We couldn't just turn around.,996.0
1672,122,1712620819512,32.0,We were five miles from the car.,1134.0
1672,123,1712620820694,34.0,I won't have you passing judgment.,1182.0
1672,124,1712620821382,13.0,"Do you hear?""",688.0
1672,125,1712620822259,18.0,"""You know,"" I say.",877.0
1672,126,1712620823164,33.0,"He says, ""What do I know, Claire?",904.0
1672,127,1712620824377,34.0,Tell me what I'm supposed to know.,1213.0
1672,128,1712620825511,40.0,"I don't know anything except one thing?""",1133.0
1672,129,1712620827087,48.0,He gives me what he thinks is a meaningful look.,1575.0
1672,130,1712620828447,24.0,"""She was dead,"" he says.",1360.0
1672,131,1712620830246,33.0,"""And I'm as sorry as anyone else.",1798.0
1672,132,1712620831514,18.0,"But she was dead.""",1268.0
1672,133,1712620833230,26.0,"""That's the point,"" I say.",1716.0
1672,134,1712620834338,20.0,He raises his hands.,1108.0
1672,135,1712620835328,40.0,He pushes his chair away from the table.,990.0
1672,136,1712620836833,72.0,He takes out his cigarettes and goes out to the back with a can of beer.,1504.0
1672,137,1712620838078,64.0,I see him sit in the lawn chair and pick up the newspaper again.,1245.0
1672,138,1712620840426,39.0,His name is in there on the first page.,2348.0
1672,139,1712620841734,36.0,Along with the names of his friends.,1308.0
1672,140,1712620843988,40.0,I close my eyes and hold on to the sink.,2254.0
1672,141,1712620845794,74.0,Then I rake my arm across the drainboard and send the dishes to the floor.,1806.0
1672,142,1712620846648,16.0,He doesn't move.,854.0
1672,143,1712620847403,18.0,I know he's heard.,755.0
1672,144,1712620848855,40.0,He lifts his head as if still listening.,1452.0
1672,145,1712620849827,30.0,But he doesn't move otherwise.,972.0
1672,146,1712620850615,23.0,He doesn't turn around.,787.0
1672,147,1712620851484,3.0,***,869.0
1672,148,1712620856002,88.0,"He and Gordon Johnson and Mel Dorn and Vern Williams, they play poker and bowl and fish.",4517.0
1672,149,1712620859005,85.0,They fish every spring and early summer before visiting relatives can get in the way.,3003.0
1672,150,1712620861184,65.0,"They are decent men, family men, men who take care of their jobs.",2178.0
1672,151,1712620863438,65.0,"They have sons and daughters who go to school with our son, Dean.",2254.0
1672,152,1712620865233,55.0,Last Friday these family men left for the Naches River.,1795.0
1672,153,1712620866908,76.0,They parked the car in the mountains and hiked to where they wanted to fish.,1674.0
1672,154,1712620869212,76.0,"They carried their bedrolls, their food, their playing cards, their whiskey.",2304.0
1672,155,1712620870702,42.0,They saw the girl before they set up camp.,1490.0
1672,156,1712620871772,19.0,Mel Dorn found her.,1070.0
1672,157,1712620874368,25.0,No clothes on her at all.,2596.0
1672,158,1712620876934,64.0,She was wedged into some branches that stuck out over the water.,2566.0
1672,159,1712620878535,43.0,He called the others and they came to look.,1601.0
1672,160,1712620879600,29.0,They talked about what to do.,1064.0
1672,161,1712620881120,82.0,One of the men - my Stuart didn't say which - said they should start back at once.,1519.0
1672,162,1712620881859,86.0,"The others stirred the sand with their shoes, said they didn't feel inclined that way.",739.0
1672,163,1712620883058,82.0,"They pleaded fatigue, the late hour, the fact that the girl wasn't going anywhere.",1199.0
1672,164,1712620884224,47.0,In the end they went ahead and set up the camp.,1166.0
1672,165,1712620885209,42.0,They built a fire and drank their whiskey.,984.0
1672,166,1712620886268,50.0,"When the moon came up, they talked about the girl.",1059.0
1672,167,1712620887691,59.0,Someone said they should -keep the body from drifting away.,1423.0
1672,168,1712620888814,55.0,They took their flashlights and went back to the river.,1123.0
1672,169,1712620890227,66.0,One of the men - it might have been Stuart - waded in and got her.,1412.0
1672,170,1712620891377,53.0,He took her by the fingers and pulled her into shore.,1149.0
1672,171,1712620892617,87.0,He got some nylon cord and tied it to her wrist and then looped the rest around a tree.,1239.0
1672,172,1712620893987,99.0,"The next morning they cooked breakfast, drank coffee, and drank whiskey, and then split up to fish.",1368.0
1672,173,1712620897650,182.0,"That night they cooked fish, cooked potatoes, drank coffee, drank whiskey, then took their cooking things and eating things back down to the river and washed them where the girl was.",3663.0
1672,174,1712620898712,32.0,They played some cards later on.,1062.0
1672,175,1712620899927,55.0,Maybe they played until they couldn't see them anymore.,1215.0
1672,176,1712620901604,28.0,Vern Williams went to sleep.,1677.0
1672,177,1712620902689,28.0,But the others told stories.,1085.0
1672,178,1712620904972,100.0,Gordon Johnson said the trout they'd caught were hard because of the terrible coldness of the water.,2283.0
1672,179,1712620907749,154.0,"The next morning they got up late, drank whiskey, fished a little, took down their tents, rolled their sleeping bags, gathered their stuff, and hiked out.",2777.0
1672,180,1712620909350,41.0,They drove until they got to a telephone.,1600.0
1672,181,1712620910829,86.0,It was Stuart who made the call while the others stood around in the sun and listened.,1479.0
1672,182,1712620912082,32.0,He gave the sheriff their names.,1253.0
1672,183,1712620913134,25.0,They had nothing to hide.,1051.0
1672,184,1712620914065,21.0,They weren't ashamed.,931.0
1672,185,1712620915542,100.0,They said they'd wait until someone could come for better directions and take down their statements.,1477.0
1672,186,1712620916487,3.0,***,945.0
1672,187,1712620919633,30.0,I was asleep when he got home.,3145.0
1672,188,1712620921294,46.0,But I woke up when I heard him in the kitchen.,1660.0
1672,189,1712620922298,64.0,I found him leaning against the refrigerator with a can of beer.,1004.0
1672,190,1712620923627,68.0,He put his heavy arms around me and rubbed his big hands on my back.,1328.0
1672,191,1712620926379,85.0,In bed he put his hands on me again and then waited as if thinking of something else.,2752.0
1672,192,1712620928159,28.0,I turned and opened my legs.,1780.0
1672,193,1712620929969,36.0,"Afterwards, I think he stayed awake.",1810.0
1672,194,1712620930915,53.0,He was up that morning before I could get out of bed.,946.0
1672,195,1712620931650,54.0,"To see if there was something in the paper, I suppose.",735.0
1672,196,1712620932836,46.0,The telephone began ringing right after eight.,1186.0
1672,197,1712620933571,13.0,"""Go to hell!""",735.0
1672,198,1712620934173,18.0,I heard him shout.,602.0
1672,199,1712620934773,31.0,The telephone rang right again.,600.0
1672,200,1712620935947,59.0,"""I have nothing to add to what I already told the sheriff!""",1174.0
1672,201,1712620936843,29.0,He slammed the receiver down.,896.0
1672,202,1712620937515,27.0,"""What is going on?"" I said.",672.0
1672,203,1712620938983,49.0,It was then that he told me what I just told you.,1467.0
1672,204,1712620939828,3.0,***,845.0
1672,205,1712620941518,44.0,I sweep up the broken dishes and go outside.,1690.0
1672,206,1712620943838,85.0,"He is lying on his back on the grass now, the newspaper and can of beer within reach.",2319.0
1672,207,1712620945211,41.0,"""Stuart, could we go for a drive?"" I say.",1373.0
1672,208,1712620946137,30.0,He rolls over and looks at me.,926.0
1672,209,1712620946958,37.0,"""We'll pick up some beer,"" he says...",821.0
1672,210,1712620948327,62.0,He gets to his feet and touches me on the hip as he goes past.,1369.0
1672,211,1712620949202,28.0,"""Give me a minute,"" he says.",875.0
1672,212,1712620950197,39.0,We drive through town without speaking.,994.0
1672,213,1712620951532,39.0,He stops at a roadside market for beer.,1335.0
1672,214,1712620952768,54.0,I notice a great stack of papers just inside the door.,1236.0
1672,215,1712620957169,89.0,On the top step a fat woman in a print dress holds out a licorice stick to a little girl.,4400.0
1672,216,1712620958864,66.0,"Later on, we cross Everson Creek and turn into the picnic grounds.",1694.0
1672,217,1712620960351,79.0,The creek runs under the bridge and into a large pond a few hundred yards away.,1486.0
1672,218,1712620961280,28.0,I can see the men out there.,928.0
1672,219,1712620961806,33.0,I can see them out there fishing.,526.0
1672,220,1712620962541,31.0,So much water so close to home.,734.0
1672,221,1712620963608,43.0,"I say, ""Why did you have to go miles away?""",1067.0
1672,222,1712620964669,25.0,"""Don't rile me,"" he says.",1061.0
1672,223,1712620965299,29.0,We sit on a bench in the sun.,629.0
1672,224,1712620966074,25.0,He opens us cans of beer.,774.0
1672,225,1712620966667,25.0,"He says, ""Relax, Claire.""",593.0
1672,226,1712620967615,30.0,"""They said they were innocent.",947.0
1672,227,1712620968369,27.0,"They said they were crazy.""",754.0
1672,228,1712620968931,15.0,"He says, ""Who?""",562.0
1672,229,1712620969786,38.0,"He says, ""What are you talking about?""",855.0
1672,230,1712620970468,21.0,"""The Maddox brothers.",682.0
1672,231,1712620971605,54.0,They killed a girl named Arlene Hubly where I grew up.,1137.0
1672,232,1712620972568,60.0,They cut off her head and threw her into the Cle Elum River.,962.0
1672,233,1712620973499,31.0,"It happened when I was a girl.""",931.0
1672,234,1712620974495,40.0,"""You're going to get me riled,"" he says.",996.0
1672,235,1712620975265,20.0,I look at the creek.,769.0
1672,236,1712620976914,79.0,"I'm right in it, eyes open, face down, staring at the moss on the bottom, dead.",1649.0
1672,237,1712620978243,62.0,"""I don't know what's wrong with you,"" he says on the way home.",1328.0
1672,238,1712620979562,45.0,"""You're getting me more riled by the minute.""",1318.0
1672,239,1712620980432,34.0,There is nothing I can say to him.,870.0
1672,240,1712620981234,36.0,He tries to concentrate on the road.,802.0
1672,241,1712620982271,47.0,But he keeps looking into the rear-view mirror.,1037.0
1672,242,1712620982946,9.0,He knows.,675.0
1672,243,1712620983535,3.0,***,589.0
1672,244,1712620985066,52.0,Stuart believes he is letting me sleep this morning.,1531.0
1672,245,1712620985842,47.0,But I was awake long before the alarm went off.,776.0
1672,246,1712620987046,74.0,"I was thinking, lying on the far side of the bed away from his hairy legs.",1204.0
1672,247,1712620987863,78.0,"He gets Dean off for school, and then he shaves, dresses, and leaves for work.",816.0
1672,248,1712620988550,40.0,Twice he looks in and clears his throat.,687.0
1672,249,1712620989167,26.0,But I keep my eyes closed.,616.0
1672,250,1712620990226,38.0,In the kitchen I find a note from him.,1059.0
1672,251,1712620991080,19.0,"It's signed ""Love.""",854.0
1672,252,1712620993233,74.0,I sit in the breakfast nook and drink coffee and leave a ring on the note.,2153.0
1672,253,1712620993993,67.0,I look at the newspaper and turn it this way and that on the table.,760.0
1672,254,1712620995916,43.0,Then I skid it close and read what it says.,1923.0
1672,255,1712620997140,38.0,"The body has been identified, claimed.",1224.0
1672,256,1712620999622,155.0,"But it took some examining it, some putting things into it, some cutting, some weighing, some measuring, some putting things back again and sewing them in.",2482.0
1672,257,1712621000335,57.0,I sit for a long time holding the newspaper and thinking.,712.0
1672,258,1712621001112,51.0,Then I call up to get a chair at the hairdresser's.,777.0
1672,259,1712621001674,3.0,***,562.0
1672,260,1712621002865,75.0,I sit under the dryer with a magazine on my lap and let Marnie do my nails.,1190.0
1672,261,1712621003587,42.0,"""I am going to a funeral tomorrow,"" I say.",721.0
1672,262,1712621004150,38.0,"""I'm sorry to hear that,"" Marnie says.",563.0
1672,263,1712621004762,25.0,"""It was a murder,"" I say.",612.0
1672,264,1712621005447,37.0,"""That's the worst kind,"" Marnie says.",684.0
1672,265,1712621006075,35.0,"""We weren't all that close,"" I say.",628.0
1672,266,1712621006696,15.0,"""But you know?""",621.0
1672,267,1712621007283,45.0,"""We'll get you fixed up for it,"" Marnie says.",587.0
1672,268,1712621009055,72.0,"That night I make my bed on the sofa, and in the morning I get up first.",1771.0
1672,269,1712621010201,50.0,I put on coffee and fix breakfast while he shaves.,1146.0
1672,270,1712621011790,76.0,"He appears in the kitchen doorway, towel over his bare shoulder, appraising.",1589.0
1672,271,1712621012468,23.0,"""Here's coffee,"" I say.",677.0
1672,272,1712621013978,31.0,"""Eggs'll be ready in a minute.”",1510.0
1672,273,1712621015018,37.0,"I wake Dean, and the three of us eat.",1040.0
1672,274,1712621016611,79.0,"Whenever Stuart looks at me, I ask Dean if he wants more milk, more toast, etc.",1593.0
1672,275,1712621017623,56.0,"""I'll call you today,"" Stuart says as he opens the door.",1012.0
1672,276,1712621018791,42.0,"I say, ""I don't think I'll be home today.""",1168.0
1672,277,1712621019485,21.0,"""All right,"" he says.",693.0
1672,278,1712621019949,7.0,"""Sure.""",464.0
1672,279,1712621020572,18.0,I dress carefully.,623.0
1672,280,1712621021665,48.0,I try on a hat and look at myself in the mirror.,1093.0
1672,281,1712621022674,28.0,I write out a note for Dean.,1008.0
1672,282,1712621024149,69.0,"Honey, Mommy has things to do this afternoon, but will be back later.",1474.0
1672,283,1712621025856,61.0,You stay in or be in the backyard until one of us comes home.,1707.0
1672,284,1712621026610,11.0,"Love, Mommy",754.0
1672,285,1712621027905,48.0,I look at the word Love and then I underline it.,1295.0
1672,286,1712621028775,29.0,Then I see the word backyard.,870.0
1672,287,1712621029599,22.0,Is it one word or two?,824.0
1672,288,1712621030336,3.0,***,736.0
1672,289,1712621032508,121.0,"I drive through farm country, through fields of oats and sugar beets and past apple orchards, cattle grazing in pastures.",2172.0
1672,290,1712621034683,99.0,"Then everything changes, more like shacks than farmhouses and stands of timber instead of orchards.",2175.0
1672,291,1712621036212,78.0,"Then mountains, and on the right, far below, I sometimes see the Naches River.",1529.0
1672,292,1712621038265,64.0,A green pickup comes up behind me and stays behind me for miles.,2053.0
1672,293,1712621040212,55.0,"I keep slowing at the wrong times, hoping he will pass.",1946.0
1672,294,1712621041552,16.0,Then I speed up.,1340.0
1672,295,1712621042620,36.0,"But this is at the wrong times, too.",1068.0
1672,296,1712621043702,39.0,I grip the wheel until my fingers hurt.,1082.0
1672,297,1712621045230,37.0,On a long clear stretch he goes past.,1528.0
1672,298,1712621046758,73.0,"But he drives along beside for a bit, a crewcut man in a blue work shirt.",1528.0
1672,299,1712621047821,24.0,We look each other over.,1062.0
1672,300,1712621051271,53.0,"Then he waves, toots his horn, and pulls on up ahead.",3450.0
1672,301,1712621052817,29.0,I slow down and find a place.,1546.0
1672,302,1712621053413,35.0,I pull over and shut off the motor.,596.0
1672,303,1712621053997,42.0,I can hear the river down below the trees.,584.0
1672,304,1712621055457,35.0,Then I hear the pickup coming back.,1460.0
1672,305,1712621056675,41.0,I lock the doors and roll up the windows.,1218.0
1672,306,1712621057736,30.0,"""You all right?"" the man says.",1060.0
1672,307,1712621058661,21.0,He raps on the glass.,925.0
1672,308,1712621059824,11.0,"""You okay?""",1163.0
1672,309,1712621061813,64.0,He leans his arms on the door and brings his face to the window.,1989.0
1672,310,1712621062639,15.0,I stare at him.,826.0
1672,311,1712621064004,30.0,I can't think what else to do.,1365.0
1672,312,1712621065140,34.0,"""Is everything all right in there?",1135.0
1672,313,1712621066354,31.0,"How come you're all locked up?""",1214.0
1672,314,1712621067451,16.0,I shake my head.,1097.0
1672,315,1712621068512,24.0,"""Roll down your window.""",1059.0
1672,316,1712621070892,64.0,He shakes his head and looks at the highway and then back at me.,2380.0
1672,317,1712621071615,19.0,"""Roll it down now.""",723.0
1672,318,1712621074166,32.0,"""Please,"" I say, ""I have to go.""",2549.0
1672,319,1712621075841,50.0,"""Open the door,"" he says as if he isn't listening.",1675.0
1672,320,1712621078962,33.0,"""You're going to choke in there.""",3121.0
1672,321,1712621082235,32.0,"He looks at my breasts, my legs.",3273.0
1672,322,1712621083926,34.0,I can tell that's what he's doing.,1691.0
1672,323,1712621084631,22.0,"""Hey, sugar,"" he says.",705.0
1672,324,1712621086758,31.0,"""I'm just here to help is all.""",2127.0
1672,325,1712621087499,3.0,***,741.0
1672,326,1712621090088,52.0,The casket is closed and covered with floral sprays.,2589.0
1672,327,1712621093428,45.0,The organ starts up the minute I take a seat.,3340.0
1672,328,1712621094577,40.0,People are coming in and finding chairs.,1149.0
1672,329,1712621097433,63.0,There's a boy in flared pants and a yellow short-sleeved shirt.,2856.0
1672,330,1712621100345,100.0,A door opens and the family comes in in a group and moves over to a curtained place off to one side.,2912.0
1672,331,1712621102069,39.0,Chairs creak as everybody gets settled.,1724.0
1672,332,1712621105384,83.0,"Directly, a nice blond man in a nice dark suit stands and asks us to bow our heads.",3315.0
1672,333,1712621107454,105.0,"He says a prayer for us, the living, and when he finishes, he says a prayer for the soul of the departed.",2069.0
1672,334,1712621109042,43.0,Along with the others I go past the casket.,1588.0
1672,335,1712621110226,66.0,Then I move out onto the front steps and into the afternoon light.,1184.0
1672,336,1712621112454,66.0,There's a woman who limps as she goes down the stairs ahead of me.,2227.0
1672,337,1712621113628,33.0,On the sidewalk she looks around.,1174.0
1672,338,1712621115961,31.0,"""Well, they got him,"" she says.",2332.0
1672,339,1712621117802,27.0,"""If that's any consolation.",1840.0
1672,340,1712621119074,31.0,They arrested him this morning.,1272.0
1672,341,1712621119679,38.0,I heard it on the radio before I come.,604.0
1672,342,1712621120412,26.0,"A boy right here in town.""",733.0
1672,343,1712621121011,42.0,We move a few steps down the hot sidewalk.,599.0
1672,344,1712621121875,25.0,People are starting cars.,863.0
1672,345,1712621124840,49.0,I put out my hand and hold on to a parking meter.,2965.0
1672,346,1712621127613,36.0,Polished hoods and polished fenders.,2772.0
1672,347,1712621128913,14.0,My head swims.,1299.0
1672,348,1712621133699,41.0,"I say, ""They have friends, these killers.",4786.0
1672,349,1712621134730,16.0,"You can't tell.""",1030.0
1672,350,1712621140737,70.0,"""I have known that child since she was a little girl,"" the woman says.",6007.0
1672,351,1712621144025,93.0,"""She used to come over and I'd bake cookies for her and let her eat them in front of the TV.""",3288.0
1672,352,1712621144618,3.0,***,593.0
1672,353,1712621147620,76.0,"Back home, Stuart sits at the table with a drink of whiskey in front of him.",3002.0
1672,354,1712621149061,57.0,For a crazy instant I think something's happened to Dean.,1441.0
1672,355,1712621149910,14.0,"""Where is he?""",848.0
1672,356,1712621150409,6.0,I say.,498.0
1672,357,1712621150978,16.0,"""Where is Dean?""",568.0
1672,358,1712621151605,27.0,"""Outside,"" my husband says.",627.0
1672,359,1712621152502,34.0,He drains his glass and stands up.,897.0
1672,360,1712621155219,40.0,"He says, ""I think I know what you need.""",2716.0
1672,361,1712621160361,138.0,He reaches an arm around my waist and with his other hand he begins to unbutton my jacket and then he goes on to the buttons of my blouse.,5142.0
1672,362,1712621162499,30.0,"""First things first,"" he says.",2138.0
1672,363,1712621163925,23.0,He says something else.,1426.0
1672,364,1712621165909,27.0,But I don't need to listen.,1984.0
1672,365,1712621168616,46.0,I can't hear a thing with so much water going.,2706.0
1672,366,1712621169265,3.0,***,649.0
1650,135,1712597187965,3.0,***,124974.0
1650,136,1712597198468,37.0,My husband eats with a good appetite.,10503.0
1650,137,1712597200184,37.0,But I don't think he's really hungry.,1716.0
1650,138,1712597201783,69.0,"He chews, arms on the table, and stares at something across the room.",1598.0
1650,139,1712597202482,30.0,He looks at me and looks away.,699.0
1650,140,1712597203426,33.0,He wipes his mouth on the napkin.,944.0
1650,141,1712597204129,30.0,"He shrugs, and goes on eating.",703.0
1650,142,1712597205400,42.0,"""What are you staring at me for?"" he says.",1270.0
1650,143,1712597206696,45.0,"""What is it?"" he says and lays down his fork.",1296.0
1650,144,1712597208171,42.0,"""Was I staring?"" I say, and shake my head.",1475.0
1650,145,1712597208793,20.0,The telephone rings.,622.0
1650,146,1712597209835,27.0,"""Don't answer it,"" he says.",1041.0
1650,147,1712597210710,33.0,"""It might be your mother,"" I say.",874.0
1650,148,1712597211641,25.0,"""Watch and see,"" he says.",931.0
1650,149,1712597212867,34.0,I pick up the receiver and listen.,1226.0
1650,150,1712597213490,24.0,My husband stops eating.,623.0
1650,151,1712597214722,46.0,"""What did I tell you?"" he says when I hang up.",1231.0
1650,152,1712597215432,23.0,He starts to eat again.,710.0
1650,153,1712597216405,36.0,Then throws his napkin on his plate.,972.0
1650,154,1712597218471,63.0,"He says, ""Goddamn it, why can't people mind their own business?",2066.0
1650,155,1712597220562,41.0,Tell me what I did wrong and I'll listen!,2091.0
1650,156,1712597222007,28.0,I wasn't the only man there.,1445.0
1650,157,1712597223191,37.0,We talked it over and we all decided.,1183.0
1650,158,1712597224589,29.0,We couldn't just turn around.,1398.0
1650,159,1712597226395,32.0,We were five miles from the car.,1806.0
1650,160,1712597229110,34.0,I won't have you passing judgment.,2715.0
1650,161,1712597230081,13.0,"Do you hear?""",971.0
1650,162,1712597231331,18.0,"""You know,"" I say.",1249.0
1650,163,1712597233345,33.0,"He says, ""What do I know, Claire?",2014.0
1650,164,1712597234592,34.0,Tell me what I'm supposed to know.,1247.0
1650,165,1712597236660,40.0,"I don't know anything except one thing?""",2068.0
1650,166,1712597238232,48.0,He gives me what he thinks is a meaningful look.,1571.0
1650,167,1712597239529,24.0,"""She was dead,"" he says.",1297.0
1650,168,1712597240560,33.0,"""And I'm as sorry as anyone else.",1031.0
1650,169,1712597241510,18.0,"But she was dead.""",950.0
1650,170,1712597242503,26.0,"""That's the point,"" I say.",992.0
1650,171,1712597243322,20.0,He raises his hands.,818.0
1650,172,1712597244429,40.0,He pushes his chair away from the table.,1107.0
1650,173,1712597248158,72.0,He takes out his cigarettes and goes out to the back with a can of beer.,3729.0
1650,174,1712597250721,64.0,I see him sit in the lawn chair and pick up the newspaper again.,2563.0
1650,175,1712597252682,39.0,His name is in there on the first page.,1960.0
1650,176,1712597254469,36.0,Along with the names of his friends.,1787.0
1650,177,1712597256201,40.0,I close my eyes and hold on to the sink.,1731.0
1650,178,1712597259384,74.0,Then I rake my arm across the drainboard and send the dishes to the floor.,3183.0
1650,179,1712597260107,16.0,He doesn't move.,723.0
1650,180,1712597261087,18.0,I know he's heard.,980.0
1650,181,1712597263738,40.0,He lifts his head as if still listening.,2651.0
1650,182,1712597264631,30.0,But he doesn't move otherwise.,893.0
1650,183,1712597265152,23.0,He doesn't turn around.,521.0
1650,184,1712597265873,3.0,***,721.0
1650,185,1712597267534,88.0,"He and Gordon Johnson and Mel Dorn and Vern Williams, they play poker and bowl and fish.",1661.0
1650,186,1712597268438,85.0,They fish every spring and early summer before visiting relatives can get in the way.,904.0
1650,187,1712597269128,65.0,"They are decent men, family men, men who take care of their jobs.",690.0
1650,188,1712597269495,65.0,"They have sons and daughters who go to school with our son, Dean.",366.0
1650,189,1712597270408,55.0,Last Friday these family men left for the Naches River.,912.0
1650,190,1712597272177,76.0,They parked the car in the mountains and hiked to where they wanted to fish.,1768.0
1650,191,1712597273358,76.0,"They carried their bedrolls, their food, their playing cards, their whiskey.",1181.0
1650,192,1712597275896,42.0,They saw the girl before they set up camp.,2538.0
1650,193,1712597276440,19.0,Mel Dorn found her.,544.0
1650,194,1712597276831,25.0,No clothes on her at all.,391.0
1650,195,1712597277918,64.0,She was wedged into some branches that stuck out over the water.,1087.0
1650,196,1712597278468,43.0,He called the others and they came to look.,549.0
1650,197,1712597278839,29.0,They talked about what to do.,371.0
1650,198,1712597279114,82.0,One of the men - my Stuart didn't say which - said they should start back at once.,274.0
1650,199,1712597279416,86.0,"The others stirred the sand with their shoes, said they didn't feel inclined that way.",302.0
1650,200,1712597279761,82.0,"They pleaded fatigue, the late hour, the fact that the girl wasn't going anywhere.",345.0
1650,201,1712597280110,47.0,In the end they went ahead and set up the camp.,348.0
1650,202,1712597280410,42.0,They built a fire and drank their whiskey.,300.0
1650,203,1712597280968,50.0,"When the moon came up, they talked about the girl.",557.0
1650,204,1712597281447,59.0,Someone said they should -keep the body from drifting away.,479.0
1650,205,1712597281751,55.0,They took their flashlights and went back to the river.,304.0
1650,206,1712597281997,66.0,One of the men - it might have been Stuart - waded in and got her.,246.0
1650,207,1712597282408,53.0,He took her by the fingers and pulled her into shore.,411.0
1650,208,1712597282778,87.0,He got some nylon cord and tied it to her wrist and then looped the rest around a tree.,370.0
1650,209,1712597283075,99.0,"The next morning they cooked breakfast, drank coffee, and drank whiskey, and then split up to fish.",297.0
1650,210,1712597283567,182.0,"That night they cooked fish, cooked potatoes, drank coffee, drank whiskey, then took their cooking things and eating things back down to the river and washed them where the girl was.",492.0
1650,211,1712597284516,32.0,They played some cards later on.,949.0
1650,212,1712597286330,55.0,Maybe they played until they couldn't see them anymore.,1813.0
1650,213,1712597287800,28.0,Vern Williams went to sleep.,1470.0
1650,214,1712597289563,28.0,But the others told stories.,1763.0
1650,215,1712597295935,100.0,Gordon Johnson said the trout they'd caught were hard because of the terrible coldness of the water.,6372.0
1650,216,1712597300945,154.0,"The next morning they got up late, drank whiskey, fished a little, took down their tents, rolled their sleeping bags, gathered their stuff, and hiked out.",5010.0
1650,217,1712597301777,41.0,They drove until they got to a telephone.,832.0
1650,218,1712597303139,86.0,It was Stuart who made the call while the others stood around in the sun and listened.,1362.0
1650,219,1712597303668,32.0,He gave the sheriff their names.,529.0
1650,220,1712597304054,25.0,They had nothing to hide.,385.0
1650,221,1712597304643,21.0,They weren't ashamed.,589.0
1650,222,1712597305409,100.0,They said they'd wait until someone could come for better directions and take down their statements.,766.0
1650,223,1712597306035,3.0,***,625.0
1650,224,1712597308401,30.0,I was asleep when he got home.,2366.0
1650,225,1712597309669,46.0,But I woke up when I heard him in the kitchen.,1268.0
1650,226,1712597310516,64.0,I found him leaning against the refrigerator with a can of beer.,847.0
1650,227,1712597312466,68.0,He put his heavy arms around me and rubbed his big hands on my back.,1949.0
1650,228,1712597315594,85.0,In bed he put his hands on me again and then waited as if thinking of something else.,3127.0
1650,229,1712597316585,28.0,I turned and opened my legs.,991.0
1650,230,1712597318570,36.0,"Afterwards, I think he stayed awake.",1984.0
1650,231,1712597321315,53.0,He was up that morning before I could get out of bed.,2745.0
1650,232,1712597322908,54.0,"To see if there was something in the paper, I suppose.",1593.0
1650,233,1712597324551,46.0,The telephone began ringing right after eight.,1642.0
1650,234,1712597324926,13.0,"""Go to hell!""",375.0
1650,235,1712597325370,18.0,I heard him shout.,444.0
1650,236,1712597325843,31.0,The telephone rang right again.,473.0
1650,237,1712597326183,59.0,"""I have nothing to add to what I already told the sheriff!""",340.0
1650,238,1712597327206,29.0,He slammed the receiver down.,1023.0
1650,239,1712597327888,27.0,"""What is going on?"" I said.",682.0
1650,240,1712597330639,49.0,It was then that he told me what I just told you.,2751.0
1650,241,1712597331363,3.0,***,724.0
1650,242,1712597333783,44.0,I sweep up the broken dishes and go outside.,2420.0
1650,243,1712597336166,85.0,"He is lying on his back on the grass now, the newspaper and can of beer within reach.",2383.0
1650,244,1712597337315,41.0,"""Stuart, could we go for a drive?"" I say.",1148.0
1650,245,1712597338202,30.0,He rolls over and looks at me.,887.0
1650,246,1712597339199,37.0,"""We'll pick up some beer,"" he says...",996.0
1650,247,1712597339821,62.0,He gets to his feet and touches me on the hip as he goes past.,622.0
1650,248,1712597340346,28.0,"""Give me a minute,"" he says.",524.0
1650,249,1712597340594,39.0,We drive through town without speaking.,248.0
1650,250,1712597340844,39.0,He stops at a roadside market for beer.,250.0
1650,251,1712597341057,54.0,I notice a great stack of papers just inside the door.,213.0
1650,252,1712597341292,89.0,On the top step a fat woman in a print dress holds out a licorice stick to a little girl.,235.0
1650,253,1712597341540,66.0,"Later on, we cross Everson Creek and turn into the picnic grounds.",247.0
1650,254,1712597341830,79.0,The creek runs under the bridge and into a large pond a few hundred yards away.,290.0
1650,255,1712597342956,28.0,I can see the men out there.,1126.0
1650,256,1712597343914,33.0,I can see them out there fishing.,958.0
1650,257,1712597344381,31.0,So much water so close to home.,467.0
1650,258,1712597344801,43.0,"I say, ""Why did you have to go miles away?""",420.0
1650,259,1712597347123,25.0,"""Don't rile me,"" he says.",2321.0
1650,260,1712597347504,29.0,We sit on a bench in the sun.,380.0
1650,261,1712597347789,25.0,He opens us cans of beer.,285.0
1650,262,1712597348050,25.0,"He says, ""Relax, Claire.""",261.0
1650,263,1712597348288,30.0,"""They said they were innocent.",238.0
1650,264,1712597348743,27.0,"They said they were crazy.""",455.0
1650,265,1712597348959,15.0,"He says, ""Who?""",216.0
1650,266,1712597349282,38.0,"He says, ""What are you talking about?""",322.0
1650,267,1712597349529,21.0,"""The Maddox brothers.",247.0
1650,268,1712597349804,54.0,They killed a girl named Arlene Hubly where I grew up.,274.0
1650,269,1712597350052,60.0,They cut off her head and threw her into the Cle Elum River.,246.0
1650,270,1712597350330,31.0,"It happened when I was a girl.""",278.0
1650,271,1712597350608,40.0,"""You're going to get me riled,"" he says.",277.0
1650,272,1712597350871,20.0,I look at the creek.,263.0
1650,273,1712597351210,79.0,"I'm right in it, eyes open, face down, staring at the moss on the bottom, dead.",338.0
1650,274,1712597351478,62.0,"""I don't know what's wrong with you,"" he says on the way home.",268.0
1650,275,1712597351726,45.0,"""You're getting me more riled by the minute.""",248.0
1650,276,1712597351963,34.0,There is nothing I can say to him.,237.0
1650,277,1712597352226,36.0,He tries to concentrate on the road.,263.0
1650,278,1712597352480,47.0,But he keeps looking into the rear-view mirror.,253.0
1650,279,1712597352786,9.0,He knows.,305.0
1650,280,1712597353120,3.0,***,333.0
1650,281,1712597353579,52.0,Stuart believes he is letting me sleep this morning.,458.0
1650,282,1712597353821,47.0,But I was awake long before the alarm went off.,242.0
1650,283,1712597354042,74.0,"I was thinking, lying on the far side of the bed away from his hairy legs.",221.0
1650,284,1712597354263,78.0,"He gets Dean off for school, and then he shaves, dresses, and leaves for work.",221.0
1650,285,1712597354498,40.0,Twice he looks in and clears his throat.,235.0
1650,286,1712597354689,26.0,But I keep my eyes closed.,191.0
1650,287,1712597354882,38.0,In the kitchen I find a note from him.,193.0
1650,288,1712597355133,19.0,"It's signed ""Love.""",250.0
1650,289,1712597355354,74.0,I sit in the breakfast nook and drink coffee and leave a ring on the note.,220.0
1650,290,1712597355599,67.0,I look at the newspaper and turn it this way and that on the table.,244.0
1650,291,1712597356426,43.0,Then I skid it close and read what it says.,827.0
1650,292,1712597356728,38.0,"The body has been identified, claimed.",301.0
1650,293,1712597357145,155.0,"But it took some examining it, some putting things into it, some cutting, some weighing, some measuring, some putting things back again and sewing them in.",417.0
1650,294,1712597357420,57.0,I sit for a long time holding the newspaper and thinking.,275.0
1650,295,1712597357642,51.0,Then I call up to get a chair at the hairdresser's.,222.0
1650,296,1712597358157,3.0,***,515.0
1650,297,1712597359867,75.0,I sit under the dryer with a magazine on my lap and let Marnie do my nails.,1710.0
1650,298,1712597360557,42.0,"""I am going to a funeral tomorrow,"" I say.",690.0
1650,299,1712597360792,38.0,"""I'm sorry to hear that,"" Marnie says.",234.0
1650,300,1712597361022,25.0,"""It was a murder,"" I say.",229.0
1650,301,1712597362204,37.0,"""That's the worst kind,"" Marnie says.",1182.0
1650,302,1712597362692,35.0,"""We weren't all that close,"" I say.",487.0
1650,303,1712597363019,15.0,"""But you know?""",326.0
1650,304,1712597363279,45.0,"""We'll get you fixed up for it,"" Marnie says.",260.0
1650,305,1712597363782,72.0,"That night I make my bed on the sofa, and in the morning I get up first.",503.0
1650,306,1712597364123,50.0,I put on coffee and fix breakfast while he shaves.,341.0
1650,307,1712597364512,76.0,"He appears in the kitchen doorway, towel over his bare shoulder, appraising.",389.0
1650,308,1712597364836,23.0,"""Here's coffee,"" I say.",323.0
1650,309,1712597365115,31.0,"""Eggs'll be ready in a minute.”",279.0
1650,310,1712597365371,37.0,"I wake Dean, and the three of us eat.",256.0
1650,311,1712597365590,79.0,"Whenever Stuart looks at me, I ask Dean if he wants more milk, more toast, etc.",219.0
1650,312,1712597365833,56.0,"""I'll call you today,"" Stuart says as he opens the door.",243.0
1650,313,1712597366167,42.0,"I say, ""I don't think I'll be home today.""",333.0
1650,314,1712597366442,21.0,"""All right,"" he says.",275.0
1650,315,1712597366784,7.0,"""Sure.""",342.0
1650,316,1712597367114,18.0,I dress carefully.,330.0
1650,317,1712597367395,48.0,I try on a hat and look at myself in the mirror.,281.0
1650,318,1712597367649,28.0,I write out a note for Dean.,254.0
1650,319,1712597367890,69.0,"Honey, Mommy has things to do this afternoon, but will be back later.",241.0
1650,320,1712597368105,61.0,You stay in or be in the backyard until one of us comes home.,215.0
1650,321,1712597368364,11.0,"Love, Mommy",259.0
1650,322,1712597368632,48.0,I look at the word Love and then I underline it.,267.0
1650,323,1712597368879,29.0,Then I see the word backyard.,247.0
1650,324,1712597369149,22.0,Is it one word or two?,268.0
1650,325,1712597369638,3.0,***,489.0
1650,326,1712597373626,121.0,"I drive through farm country, through fields of oats and sugar beets and past apple orchards, cattle grazing in pastures.",3988.0
1650,327,1712597374261,99.0,"Then everything changes, more like shacks than farmhouses and stands of timber instead of orchards.",634.0
1650,328,1712597374508,78.0,"Then mountains, and on the right, far below, I sometimes see the Naches River.",246.0
1650,329,1712597374763,64.0,A green pickup comes up behind me and stays behind me for miles.,255.0
1650,330,1712597375076,55.0,"I keep slowing at the wrong times, hoping he will pass.",313.0
1650,331,1712597375373,16.0,Then I speed up.,296.0
1650,332,1712597375722,36.0,"But this is at the wrong times, too.",348.0
1650,333,1712597376013,39.0,I grip the wheel until my fingers hurt.,290.0
1650,334,1712597376306,37.0,On a long clear stretch he goes past.,293.0
1650,335,1712597376603,73.0,"But he drives along beside for a bit, a crewcut man in a blue work shirt.",296.0
1650,336,1712597377024,24.0,We look each other over.,421.0
1650,337,1712597377312,53.0,"Then he waves, toots his horn, and pulls on up ahead.",288.0
1650,338,1712597377591,29.0,I slow down and find a place.,278.0
1650,339,1712597377899,35.0,I pull over and shut off the motor.,308.0
1650,340,1712597378198,42.0,I can hear the river down below the trees.,299.0
1650,341,1712597378822,35.0,Then I hear the pickup coming back.,624.0
1650,342,1712597379079,41.0,I lock the doors and roll up the windows.,257.0
1650,343,1712597379346,30.0,"""You all right?"" the man says.",267.0
1650,344,1712597379597,21.0,He raps on the glass.,251.0
1650,345,1712597379865,11.0,"""You okay?""",268.0
1650,346,1712597380134,64.0,He leans his arms on the door and brings his face to the window.,269.0
1650,347,1712597380419,15.0,I stare at him.,285.0
1650,348,1712597380713,30.0,I can't think what else to do.,293.0
1650,349,1712597380964,34.0,"""Is everything all right in there?",251.0
1650,350,1712597381211,31.0,"How come you're all locked up?""",247.0
1650,351,1712597381485,16.0,I shake my head.,273.0
1650,352,1712597381734,24.0,"""Roll down your window.""",249.0
1650,353,1712597381970,64.0,He shakes his head and looks at the highway and then back at me.,236.0
1650,354,1712597382245,19.0,"""Roll it down now.""",274.0
1650,355,1712597382512,32.0,"""Please,"" I say, ""I have to go.""",267.0
1650,356,1712597383050,50.0,"""Open the door,"" he says as if he isn't listening.",538.0
1650,357,1712597383295,33.0,"""You're going to choke in there.""",244.0
1650,358,1712597383543,32.0,"He looks at my breasts, my legs.",248.0
1650,359,1712597383798,34.0,I can tell that's what he's doing.,255.0
1650,360,1712597384066,22.0,"""Hey, sugar,"" he says.",267.0
1650,361,1712597384319,31.0,"""I'm just here to help is all.""",253.0
1650,362,1712597384583,3.0,***,263.0
1650,363,1712597385392,52.0,The casket is closed and covered with floral sprays.,808.0
1650,364,1712597385748,45.0,The organ starts up the minute I take a seat.,355.0
1650,365,1712597386102,40.0,People are coming in and finding chairs.,354.0
1650,366,1712597386371,63.0,There's a boy in flared pants and a yellow short-sleeved shirt.,269.0
1650,367,1712597386637,100.0,A door opens and the family comes in in a group and moves over to a curtained place off to one side.,266.0
1650,368,1712597386896,39.0,Chairs creak as everybody gets settled.,259.0
1650,369,1712597387150,83.0,"Directly, a nice blond man in a nice dark suit stands and asks us to bow our heads.",254.0
1650,370,1712597387385,105.0,"He says a prayer for us, the living, and when he finishes, he says a prayer for the soul of the departed.",235.0
1650,371,1712597387602,43.0,Along with the others I go past the casket.,217.0
1650,372,1712597387848,66.0,Then I move out onto the front steps and into the afternoon light.,246.0
1650,373,1712597388080,66.0,There's a woman who limps as she goes down the stairs ahead of me.,232.0
1650,374,1712597388304,33.0,On the sidewalk she looks around.,224.0
1650,375,1712597388780,31.0,"""Well, they got him,"" she says.",475.0
1650,376,1712597389017,27.0,"""If that's any consolation.",237.0
1650,377,1712597389283,31.0,They arrested him this morning.,266.0
1650,378,1712597389553,38.0,I heard it on the radio before I come.,270.0
1650,379,1712597389808,26.0,"A boy right here in town.""",253.0
1650,380,1712597390064,42.0,We move a few steps down the hot sidewalk.,255.0
1650,381,1712597390337,25.0,People are starting cars.,273.0
1650,382,1712597390756,49.0,I put out my hand and hold on to a parking meter.,418.0
1650,383,1712597390994,36.0,Polished hoods and polished fenders.,238.0
1650,384,1712597391235,14.0,My head swims.,241.0
1650,385,1712597391472,41.0,"I say, ""They have friends, these killers.",237.0
1650,386,1712597391713,16.0,"You can't tell.""",241.0
1650,387,1712597391966,70.0,"""I have known that child since she was a little girl,"" the woman says.",253.0
1650,388,1712597392271,93.0,"""She used to come over and I'd bake cookies for her and let her eat them in front of the TV.""",305.0
1650,389,1712597392534,3.0,***,262.0
1650,390,1712597392831,76.0,"Back home, Stuart sits at the table with a drink of whiskey in front of him.",297.0
1650,391,1712597393077,57.0,For a crazy instant I think something's happened to Dean.,246.0
1650,392,1712597393283,14.0,"""Where is he?""",206.0
1650,393,1712597393483,6.0,I say.,200.0
1650,394,1712597393683,16.0,"""Where is Dean?""",200.0
1650,395,1712597393889,27.0,"""Outside,"" my husband says.",206.0
1650,396,1712597394101,34.0,He drains his glass and stands up.,212.0
1650,397,1712597394321,40.0,"He says, ""I think I know what you need.""",219.0
1650,398,1712597394544,138.0,He reaches an arm around my waist and with his other hand he begins to unbutton my jacket and then he goes on to the buttons of my blouse.,223.0
1650,399,1712597394785,30.0,"""First things first,"" he says.",240.0
1650,400,1712597395014,23.0,He says something else.,229.0
1650,401,1712597395228,27.0,But I don't need to listen.,214.0
1650,402,1712597395423,46.0,I can't hear a thing with so much water going.,194.0
1650,403,1712597395683,3.0,***,260.0
1621,82,1712428103952,3.0,***,5759.0
1621,83,1712428107409,37.0,My husband eats with a good appetite.,3457.0
1621,84,1712428110191,37.0,But I don't think he's really hungry.,2782.0
1621,85,1712428114915,69.0,"He chews, arms on the table, and stares at something across the room.",4724.0
1621,86,1712428116954,30.0,He looks at me and looks away.,2039.0
1621,87,1712428118264,33.0,He wipes his mouth on the napkin.,1310.0
1621,88,1712428119579,30.0,"He shrugs, and goes on eating.",1315.0
1621,89,1712428121067,42.0,"""What are you staring at me for?"" he says.",1487.0
1621,90,1712428123144,45.0,"""What is it?"" he says and lays down his fork.",2077.0
1621,91,1712428125070,42.0,"""Was I staring?"" I say, and shake my head.",1926.0
1621,92,1712428125961,20.0,The telephone rings.,890.0
1621,93,1712428127105,27.0,"""Don't answer it,"" he says.",1144.0
1621,94,1712428128719,33.0,"""It might be your mother,"" I say.",1614.0
1621,95,1712428129652,25.0,"""Watch and see,"" he says.",932.0
1621,96,1712428129871,34.0,I pick up the receiver and listen.,219.0
1621,97,1712428131384,24.0,My husband stops eating.,1512.0
1621,98,1712428133898,46.0,"""What did I tell you?"" he says when I hang up.",2512.0
1621,99,1712428134945,23.0,He starts to eat again.,1047.0
1621,100,1712428135923,36.0,Then throws his napkin on his plate.,978.0
1621,101,1712428140108,63.0,"He says, ""Goddamn it, why can't people mind their own business?",4185.0
1621,102,1712428142265,41.0,Tell me what I did wrong and I'll listen!,2156.0
1621,103,1712428144824,28.0,I wasn't the only man there.,2559.0
1621,104,1712428147823,37.0,We talked it over and we all decided.,2998.0
1621,105,1712428149185,29.0,We couldn't just turn around.,1362.0
1621,106,1712428150572,32.0,We were five miles from the car.,1387.0
1621,107,1712428152203,34.0,I won't have you passing judgment.,1630.0
1621,108,1712428152930,13.0,"Do you hear?""",727.0
1621,109,1712428154426,18.0,"""You know,"" I say.",1496.0
1621,110,1712428156379,33.0,"He says, ""What do I know, Claire?",1953.0
1621,111,1712428156632,34.0,Tell me what I'm supposed to know.,252.0
1621,112,1712428158030,40.0,"I don't know anything except one thing?""",1398.0
1621,113,1712428161492,48.0,He gives me what he thinks is a meaningful look.,3462.0
1621,114,1712428163696,24.0,"""She was dead,"" he says.",2203.0
1621,115,1712428169440,33.0,"""And I'm as sorry as anyone else.",5744.0
1621,116,1712428171115,18.0,"But she was dead.""",1675.0
1621,117,1712428172288,26.0,"""That's the point,"" I say.",1173.0
1621,118,1712428173150,20.0,He raises his hands.,862.0
1621,119,1712428174467,40.0,He pushes his chair away from the table.,1317.0
1621,120,1712428178685,72.0,He takes out his cigarettes and goes out to the back with a can of beer.,4217.0
1621,121,1712428180920,64.0,I see him sit in the lawn chair and pick up the newspaper again.,2234.0
1621,122,1712428183627,39.0,His name is in there on the first page.,2707.0
1621,123,1712428184626,36.0,Along with the names of his friends.,997.0
1621,124,1712428186736,40.0,I close my eyes and hold on to the sink.,2109.0
1621,125,1712428197591,74.0,Then I rake my arm across the drainboard and send the dishes to the floor.,10855.0
1621,126,1712428198475,16.0,He doesn't move.,884.0
1621,127,1712428199350,18.0,I know he's heard.,875.0
1621,128,1712428201213,40.0,He lifts his head as if still listening.,1862.0
1621,129,1712428202471,30.0,But he doesn't move otherwise.,1258.0
1621,130,1712428204122,23.0,He doesn't turn around.,1651.0
1621,131,1712428205138,3.0,***,1016.0
1621,132,1712428208804,88.0,"He and Gordon Johnson and Mel Dorn and Vern Williams, they play poker and bowl and fish.",3666.0
1621,133,1712428210721,85.0,They fish every spring and early summer before visiting relatives can get in the way.,1917.0
1621,134,1712428215523,65.0,"They are decent men, family men, men who take care of their jobs.",4802.0
1621,135,1712428217689,65.0,"They have sons and daughters who go to school with our son, Dean.",2166.0
1621,136,1712428221611,55.0,Last Friday these family men left for the Naches River.,3922.0
1621,137,1712428224049,76.0,They parked the car in the mountains and hiked to where they wanted to fish.,2438.0
1621,138,1712428227712,76.0,"They carried their bedrolls, their food, their playing cards, their whiskey.",3662.0
1621,139,1712428231287,42.0,They saw the girl before they set up camp.,3575.0
1621,140,1712428232631,19.0,Mel Dorn found her.,1344.0
1621,141,1712428233705,25.0,No clothes on her at all.,1074.0
1621,142,1712428236029,64.0,She was wedged into some branches that stuck out over the water.,2323.0
1621,143,1712428238930,43.0,He called the others and they came to look.,2901.0
1621,144,1712428240406,29.0,They talked about what to do.,1476.0
1621,145,1712428247453,82.0,One of the men - my Stuart didn't say which - said they should start back at once.,7047.0
1621,146,1712428250890,86.0,"The others stirred the sand with their shoes, said they didn't feel inclined that way.",3437.0
1621,147,1712428257752,82.0,"They pleaded fatigue, the late hour, the fact that the girl wasn't going anywhere.",6862.0
1621,148,1712428261965,47.0,In the end they went ahead and set up the camp.,4213.0
1621,149,1712428263561,42.0,They built a fire and drank their whiskey.,1595.0
1621,150,1712428265165,50.0,"When the moon came up, they talked about the girl.",1604.0
1621,151,1712428267520,59.0,Someone said they should -keep the body from drifting away.,2355.0
1621,152,1712428269350,55.0,They took their flashlights and went back to the river.,1830.0
1621,153,1712428272662,66.0,One of the men - it might have been Stuart - waded in and got her.,3311.0
1621,154,1712428276167,53.0,He took her by the fingers and pulled her into shore.,3505.0
1621,155,1712428283295,87.0,He got some nylon cord and tied it to her wrist and then looped the rest around a tree.,7128.0
1621,156,1712428286040,99.0,"The next morning they cooked breakfast, drank coffee, and drank whiskey, and then split up to fish.",2745.0
1621,157,1712428296794,182.0,"That night they cooked fish, cooked potatoes, drank coffee, drank whiskey, then took their cooking things and eating things back down to the river and washed them where the girl was.",10754.0
1621,158,1712428298705,32.0,They played some cards later on.,1909.0
1621,159,1712428303027,55.0,Maybe they played until they couldn't see them anymore.,4322.0
1621,160,1712428304534,28.0,Vern Williams went to sleep.,1507.0
1621,161,1712428305382,28.0,But the others told stories.,847.0
1621,162,1712428312316,100.0,Gordon Johnson said the trout they'd caught were hard because of the terrible coldness of the water.,6933.0
1621,163,1712428319724,154.0,"The next morning they got up late, drank whiskey, fished a little, took down their tents, rolled their sleeping bags, gathered their stuff, and hiked out.",7408.0
1621,164,1712428322468,41.0,They drove until they got to a telephone.,2744.0
1621,165,1712428325064,86.0,It was Stuart who made the call while the others stood around in the sun and listened.,2596.0
1621,166,1712428325935,32.0,He gave the sheriff their names.,871.0
1621,167,1712428326965,25.0,They had nothing to hide.,1029.0
1621,168,1712428327740,21.0,They weren't ashamed.,774.0
1621,169,1712428330790,100.0,They said they'd wait until someone could come for better directions and take down their statements.,3049.0
1621,170,1712428331630,3.0,***,839.0
1621,171,1712428333285,30.0,I was asleep when he got home.,1655.0
1621,172,1712428334412,46.0,But I woke up when I heard him in the kitchen.,1127.0
1621,173,1712428336646,64.0,I found him leaning against the refrigerator with a can of beer.,2234.0
1621,174,1712428339397,68.0,He put his heavy arms around me and rubbed his big hands on my back.,2751.0
1621,175,1712428345314,85.0,In bed he put his hands on me again and then waited as if thinking of something else.,5917.0
1621,176,1712428347631,28.0,I turned and opened my legs.,2317.0
1621,177,1712428349188,36.0,"Afterwards, I think he stayed awake.",1557.0
1621,178,1712428351028,53.0,He was up that morning before I could get out of bed.,1840.0
1621,179,1712428353843,54.0,"To see if there was something in the paper, I suppose.",2815.0
1621,180,1712428356575,46.0,The telephone began ringing right after eight.,2731.0
1621,181,1712428357214,13.0,"""Go to hell!""",639.0
1621,182,1712428357901,18.0,I heard him shout.,687.0
1621,183,1712428358970,31.0,The telephone rang right again.,1068.0
1621,184,1712428361068,59.0,"""I have nothing to add to what I already told the sheriff!""",2098.0
1621,185,1712428362155,29.0,He slammed the receiver down.,1087.0
1621,186,1712428362938,27.0,"""What is going on?"" I said.",783.0
1621,187,1712428367539,49.0,It was then that he told me what I just told you.,4600.0
1621,188,1712428368489,3.0,***,950.0
1621,189,1712428370213,44.0,I sweep up the broken dishes and go outside.,1724.0
1621,190,1712428375187,85.0,"He is lying on his back on the grass now, the newspaper and can of beer within reach.",4973.0
1621,191,1712428377162,41.0,"""Stuart, could we go for a drive?"" I say.",1975.0
1621,192,1712428379214,30.0,He rolls over and looks at me.,2052.0
1621,193,1712428382238,37.0,"""We'll pick up some beer,"" he says...",3024.0
1621,194,1712428388458,62.0,He gets to his feet and touches me on the hip as he goes past.,6220.0
1621,195,1712428389549,28.0,"""Give me a minute,"" he says.",1090.0
1621,196,1712428393550,39.0,We drive through town without speaking.,4001.0
1621,197,1712428394900,39.0,He stops at a roadside market for beer.,1349.0
1621,198,1712428397642,54.0,I notice a great stack of papers just inside the door.,2742.0
1621,199,1712428400832,89.0,On the top step a fat woman in a print dress holds out a licorice stick to a little girl.,3190.0
1621,200,1712428405734,66.0,"Later on, we cross Everson Creek and turn into the picnic grounds.",4902.0
1621,201,1712428408317,79.0,The creek runs under the bridge and into a large pond a few hundred yards away.,2583.0
1621,202,1712428409492,28.0,I can see the men out there.,1175.0
1621,203,1712428410346,33.0,I can see them out there fishing.,854.0
1621,204,1712428411463,31.0,So much water so close to home.,1117.0
1621,205,1712428413584,43.0,"I say, ""Why did you have to go miles away?""",2120.0
1621,206,1712428414876,25.0,"""Don't rile me,"" he says.",1291.0
1621,207,1712428415954,29.0,We sit on a bench in the sun.,1078.0
1621,208,1712428417214,25.0,He opens us cans of beer.,1260.0
1621,209,1712428418275,25.0,"He says, ""Relax, Claire.""",1061.0
1621,210,1712428419418,30.0,"""They said they were innocent.",1142.0
1621,211,1712428420355,27.0,"They said they were crazy.""",937.0
1621,212,1712428420967,15.0,"He says, ""Who?""",612.0
1621,213,1712428421574,38.0,"He says, ""What are you talking about?""",607.0
1621,214,1712428422615,21.0,"""The Maddox brothers.",1041.0
1621,215,1712428425258,54.0,They killed a girl named Arlene Hubly where I grew up.,2643.0
1621,216,1712428427716,60.0,They cut off her head and threw her into the Cle Elum River.,2453.0
1621,217,1712428429875,31.0,"It happened when I was a girl.""",2159.0
1621,218,1712428431472,40.0,"""You're going to get me riled,"" he says.",1597.0
1621,219,1712428432306,20.0,I look at the creek.,834.0
1621,220,1712428436244,79.0,"I'm right in it, eyes open, face down, staring at the moss on the bottom, dead.",3937.0
1621,221,1712428438218,62.0,"""I don't know what's wrong with you,"" he says on the way home.",1974.0
1621,222,1712428439785,45.0,"""You're getting me more riled by the minute.""",1567.0
1621,223,1712428440944,34.0,There is nothing I can say to him.,1159.0
1621,224,1712428441993,36.0,He tries to concentrate on the road.,1049.0
1621,225,1712428443713,47.0,But he keeps looking into the rear-view mirror.,1720.0
1621,226,1712428444225,9.0,He knows.,512.0
1621,227,1712428444999,3.0,***,773.0
1621,228,1712428448119,52.0,Stuart believes he is letting me sleep this morning.,3120.0
1621,229,1712428449627,47.0,But I was awake long before the alarm went off.,1508.0
1621,230,1712428452892,74.0,"I was thinking, lying on the far side of the bed away from his hairy legs.",3265.0
1621,231,1712428456463,78.0,"He gets Dean off for school, and then he shaves, dresses, and leaves for work.",3571.0
1621,232,1712428459272,40.0,Twice he looks in and clears his throat.,2809.0
1621,233,1712428460282,26.0,But I keep my eyes closed.,1009.0
1621,234,1712428461504,38.0,In the kitchen I find a note from him.,1222.0
1621,235,1712428462161,19.0,"It's signed ""Love.""",657.0
1621,236,1712428464747,74.0,I sit in the breakfast nook and drink coffee and leave a ring on the note.,2586.0
1621,237,1712428467403,67.0,I look at the newspaper and turn it this way and that on the table.,2656.0
1621,238,1712428471530,43.0,Then I skid it close and read what it says.,4127.0
1621,239,1712428473380,38.0,"The body has been identified, claimed.",1850.0
1621,240,1712428478241,155.0,"But it took some examining it, some putting things into it, some cutting, some weighing, some measuring, some putting things back again and sewing them in.",4861.0
1621,241,1712428480273,57.0,I sit for a long time holding the newspaper and thinking.,2032.0
1621,242,1712428483307,51.0,Then I call up to get a chair at the hairdresser's.,3034.0
1621,243,1712428483793,3.0,***,485.0
1621,244,1712428486174,75.0,I sit under the dryer with a magazine on my lap and let Marnie do my nails.,2381.0
1621,245,1712428487672,42.0,"""I am going to a funeral tomorrow,"" I say.",1498.0
1621,246,1712428488048,38.0,"""I'm sorry to hear that,"" Marnie says.",376.0
1621,247,1712428489111,25.0,"""It was a murder,"" I say.",1063.0
1621,248,1712428490656,37.0,"""That's the worst kind,"" Marnie says.",1545.0
1621,249,1712428492600,35.0,"""We weren't all that close,"" I say.",1944.0
1621,250,1712428493277,15.0,"""But you know?""",677.0
1621,251,1712428494551,45.0,"""We'll get you fixed up for it,"" Marnie says.",1274.0
1621,252,1712428496735,72.0,"That night I make my bed on the sofa, and in the morning I get up first.",2184.0
1621,253,1712428498369,50.0,I put on coffee and fix breakfast while he shaves.,1634.0
1621,254,1712428501069,76.0,"He appears in the kitchen doorway, towel over his bare shoulder, appraising.",2699.0
1621,255,1712428502030,23.0,"""Here's coffee,"" I say.",961.0
1621,256,1712428503458,31.0,"""Eggs'll be ready in a minute.”",1421.0
1621,257,1712428505436,37.0,"I wake Dean, and the three of us eat.",1978.0
1621,258,1712428509554,79.0,"Whenever Stuart looks at me, I ask Dean if he wants more milk, more toast, etc.",4118.0
1621,259,1712428512655,56.0,"""I'll call you today,"" Stuart says as he opens the door.",3101.0
1621,260,1712428514829,42.0,"I say, ""I don't think I'll be home today.""",2173.0
1621,261,1712428515667,21.0,"""All right,"" he says.",837.0
1621,262,1712428516088,7.0,"""Sure.""",421.0
1621,263,1712428516550,18.0,I dress carefully.,462.0
1621,264,1712428518200,48.0,I try on a hat and look at myself in the mirror.,1650.0
1621,265,1712428519606,28.0,I write out a note for Dean.,1406.0
1621,266,1712428522460,69.0,"Honey, Mommy has things to do this afternoon, but will be back later.",2854.0
1621,267,1712428527212,61.0,You stay in or be in the backyard until one of us comes home.,4752.0
1621,268,1712428528055,11.0,"Love, Mommy",843.0
1621,269,1712428532233,48.0,I look at the word Love and then I underline it.,4177.0
1621,270,1712428535246,29.0,Then I see the word backyard.,3013.0
1621,271,1712428537004,22.0,Is it one word or two?,1757.0
1621,272,1712428537597,3.0,***,592.0
1621,273,1712428544775,121.0,"I drive through farm country, through fields of oats and sugar beets and past apple orchards, cattle grazing in pastures.",7178.0
1621,274,1712428547272,99.0,"Then everything changes, more like shacks than farmhouses and stands of timber instead of orchards.",2496.0
1621,275,1712428548815,78.0,"Then mountains, and on the right, far below, I sometimes see the Naches River.",1543.0
1621,276,1712428554219,64.0,A green pickup comes up behind me and stays behind me for miles.,5404.0
1621,277,1712428556488,55.0,"I keep slowing at the wrong times, hoping he will pass.",2269.0
1621,278,1712428557516,16.0,Then I speed up.,1028.0
1621,279,1712428560205,36.0,"But this is at the wrong times, too.",2689.0
1621,280,1712428562112,39.0,I grip the wheel until my fingers hurt.,1906.0
1621,281,1712428563306,37.0,On a long clear stretch he goes past.,1193.0
1621,282,1712428566137,73.0,"But he drives along beside for a bit, a crewcut man in a blue work shirt.",2831.0
1621,283,1712428567033,24.0,We look each other over.,896.0
1621,284,1712428569874,53.0,"Then he waves, toots his horn, and pulls on up ahead.",2840.0
1621,285,1712428570693,29.0,I slow down and find a place.,818.0
1621,286,1712428571393,35.0,I pull over and shut off the motor.,700.0
1621,287,1712428574422,42.0,I can hear the river down below the trees.,3029.0
1621,288,1712428575457,35.0,Then I hear the pickup coming back.,1035.0
1621,289,1712428577152,41.0,I lock the doors and roll up the windows.,1695.0
1621,290,1712428578120,30.0,"""You all right?"" the man says.",967.0
1621,291,1712428579244,21.0,He raps on the glass.,1124.0
1621,292,1712428579697,11.0,"""You okay?""",452.0
1621,293,1712428581359,64.0,He leans his arms on the door and brings his face to the window.,1661.0
1621,294,1712428581992,15.0,I stare at him.,633.0
1621,295,1712428582803,30.0,I can't think what else to do.,811.0
1621,296,1712428583851,34.0,"""Is everything all right in there?",1047.0
1621,297,1712428586564,31.0,"How come you're all locked up?""",2713.0
1621,298,1712428587275,16.0,I shake my head.,711.0
1621,299,1712428588057,24.0,"""Roll down your window.""",782.0
1621,300,1712428592720,64.0,He shakes his head and looks at the highway and then back at me.,4663.0
1621,301,1712428593330,19.0,"""Roll it down now.""",610.0
1621,302,1712428594922,32.0,"""Please,"" I say, ""I have to go.""",1592.0
1621,303,1712428597436,50.0,"""Open the door,"" he says as if he isn't listening.",2514.0
1621,304,1712428599211,33.0,"""You're going to choke in there.""",1775.0
1621,305,1712428599908,32.0,"He looks at my breasts, my legs.",697.0
1621,306,1712428601664,34.0,I can tell that's what he's doing.,1755.0
1621,307,1712428602305,22.0,"""Hey, sugar,"" he says.",641.0
1621,308,1712428603552,31.0,"""I'm just here to help is all.""",1247.0
1621,309,1712428603981,3.0,***,429.0
1621,310,1712428606981,52.0,The casket is closed and covered with floral sprays.,3000.0
1621,311,1712428608812,45.0,The organ starts up the minute I take a seat.,1831.0
1621,312,1712428610302,40.0,People are coming in and finding chairs.,1490.0
1621,313,1712428612101,63.0,There's a boy in flared pants and a yellow short-sleeved shirt.,1799.0
1621,314,1712428613516,100.0,A door opens and the family comes in in a group and moves over to a curtained place off to one side.,1414.0
1621,315,1712428620427,39.0,Chairs creak as everybody gets settled.,6911.0
1621,316,1712428623532,83.0,"Directly, a nice blond man in a nice dark suit stands and asks us to bow our heads.",3105.0
1621,317,1712428626206,105.0,"He says a prayer for us, the living, and when he finishes, he says a prayer for the soul of the departed.",2674.0
1621,318,1712428628118,43.0,Along with the others I go past the casket.,1911.0
1621,319,1712428628587,66.0,Then I move out onto the front steps and into the afternoon light.,469.0
1621,320,1712428629296,66.0,There's a woman who limps as she goes down the stairs ahead of me.,709.0
1621,321,1712428631036,33.0,On the sidewalk she looks around.,1739.0
1621,322,1712428632681,31.0,"""Well, they got him,"" she says.",1645.0
1621,323,1712428633226,27.0,"""If that's any consolation.",545.0
1621,324,1712428633674,31.0,They arrested him this morning.,448.0
1621,325,1712428634960,38.0,I heard it on the radio before I come.,1286.0
1621,326,1712428636783,26.0,"A boy right here in town.""",1822.0
1621,327,1712428640729,42.0,We move a few steps down the hot sidewalk.,3946.0
1621,328,1712428644135,25.0,People are starting cars.,3406.0
1621,329,1712428646226,49.0,I put out my hand and hold on to a parking meter.,2091.0
1621,330,1712428647883,36.0,Polished hoods and polished fenders.,1657.0
1621,331,1712428648484,14.0,My head swims.,600.0
1621,332,1712428652869,41.0,"I say, ""They have friends, these killers.",4385.0
1621,333,1712428653697,16.0,"You can't tell.""",828.0
1621,334,1712428657065,70.0,"""I have known that child since she was a little girl,"" the woman says.",3368.0
1621,335,1712428661388,93.0,"""She used to come over and I'd bake cookies for her and let her eat them in front of the TV.""",4323.0
1621,336,1712428661961,3.0,***,573.0
1621,337,1712428664977,76.0,"Back home, Stuart sits at the table with a drink of whiskey in front of him.",3015.0
1621,338,1712428668621,57.0,For a crazy instant I think something's happened to Dean.,3644.0
1621,339,1712428669269,14.0,"""Where is he?""",648.0
1621,340,1712428669719,6.0,I say.,449.0
1621,341,1712428670228,16.0,"""Where is Dean?""",509.0
1621,342,1712428670778,27.0,"""Outside,"" my husband says.",550.0
1621,343,1712428671861,34.0,He drains his glass and stands up.,1083.0
1621,344,1712428673841,40.0,"He says, ""I think I know what you need.""",1980.0
1621,345,1712428679504,138.0,He reaches an arm around my waist and with his other hand he begins to unbutton my jacket and then he goes on to the buttons of my blouse.,5662.0
1621,346,1712428681745,30.0,"""First things first,"" he says.",2241.0
1621,347,1712428682526,23.0,He says something else.,781.0
1621,348,1712428684527,27.0,But I don't need to listen.,2001.0
1621,349,1712428687957,46.0,I can't hear a thing with so much water going.,3429.0
1621,350,1712428688617,3.0,***,659.0
1649,88,1712597056568,3.0,***,3199.0
1649,89,1712597058112,37.0,My husband eats with a good appetite.,1544.0
1649,90,1712597059384,37.0,But I don't think he's really hungry.,1272.0
1649,91,1712597062992,69.0,"He chews, arms on the table, and stares at something across the room.",3607.0
1649,92,1712597063800,30.0,He looks at me and looks away.,808.0
1649,93,1712597064768,33.0,He wipes his mouth on the napkin.,968.0
1649,94,1712597065639,30.0,"He shrugs, and goes on eating.",871.0
1649,95,1712597066552,42.0,"""What are you staring at me for?"" he says.",913.0
1649,96,1712597067944,45.0,"""What is it?"" he says and lays down his fork.",1392.0
1649,97,1712597070264,42.0,"""Was I staring?"" I say, and shake my head.",2320.0
1649,98,1712597070888,20.0,The telephone rings.,624.0
1649,99,1712597071488,27.0,"""Don't answer it,"" he says.",600.0
1649,100,1712597072456,33.0,"""It might be your mother,"" I say.",968.0
1649,101,1712597073112,25.0,"""Watch and see,"" he says.",656.0
1649,102,1712597073951,34.0,I pick up the receiver and listen.,839.0
1649,103,1712597074960,24.0,My husband stops eating.,1009.0
1649,104,1712597075991,46.0,"""What did I tell you?"" he says when I hang up.",1031.0
1649,105,1712597076599,23.0,He starts to eat again.,608.0
1649,106,1712597077839,36.0,Then throws his napkin on his plate.,1240.0
1649,107,1712597079751,63.0,"He says, ""Goddamn it, why can't people mind their own business?",1911.0
1649,108,1712597081528,41.0,Tell me what I did wrong and I'll listen!,1777.0
1649,109,1712597082983,28.0,I wasn't the only man there.,1455.0
1649,110,1712597084023,37.0,We talked it over and we all decided.,1040.0
1649,111,1712597085615,29.0,We couldn't just turn around.,1592.0
1649,112,1712597087639,32.0,We were five miles from the car.,2024.0
1649,113,1712597089680,34.0,I won't have you passing judgment.,2041.0
1649,114,1712597090519,13.0,"Do you hear?""",839.0
1649,115,1712597091415,18.0,"""You know,"" I say.",896.0
1649,116,1712597093047,33.0,"He says, ""What do I know, Claire?",1632.0
1649,117,1712597093911,34.0,Tell me what I'm supposed to know.,864.0
1649,118,1712597096551,40.0,"I don't know anything except one thing?""",2640.0
1649,119,1712597097888,48.0,He gives me what he thinks is a meaningful look.,1337.0
1649,120,1712597098671,24.0,"""She was dead,"" he says.",783.0
1649,121,1712597100167,33.0,"""And I'm as sorry as anyone else.",1496.0
1649,122,1712597100760,18.0,"But she was dead.""",593.0
1649,123,1712597101415,26.0,"""That's the point,"" I say.",655.0
1649,124,1712597102032,20.0,He raises his hands.,617.0
1649,125,1712597103455,40.0,He pushes his chair away from the table.,1423.0
1649,126,1712597104968,72.0,He takes out his cigarettes and goes out to the back with a can of beer.,1513.0
1649,127,1712597106407,64.0,I see him sit in the lawn chair and pick up the newspaper again.,1439.0
1649,128,1712597107552,39.0,His name is in there on the first page.,1145.0
1649,129,1712597108527,36.0,Along with the names of his friends.,975.0
1649,130,1712597109512,40.0,I close my eyes and hold on to the sink.,984.0
1649,131,1712597111272,74.0,Then I rake my arm across the drainboard and send the dishes to the floor.,1760.0
1649,132,1712597111831,16.0,He doesn't move.,559.0
1649,133,1712597112471,18.0,I know he's heard.,640.0
1649,134,1712597113463,40.0,He lifts his head as if still listening.,992.0
1649,135,1712597114231,30.0,But he doesn't move otherwise.,768.0
1649,136,1712597114823,23.0,He doesn't turn around.,591.0
1649,137,1712597115591,3.0,***,768.0
1649,138,1712597118991,88.0,"He and Gordon Johnson and Mel Dorn and Vern Williams, they play poker and bowl and fish.",3400.0
1649,139,1712597121599,85.0,They fish every spring and early summer before visiting relatives can get in the way.,2607.0
1649,140,1712597123783,65.0,"They are decent men, family men, men who take care of their jobs.",2184.0
1649,141,1712597125831,65.0,"They have sons and daughters who go to school with our son, Dean.",2048.0
1649,142,1712597127327,55.0,Last Friday these family men left for the Naches River.,1496.0
1649,143,1712597154104,76.0,They parked the car in the mountains and hiked to where they wanted to fish.,26777.0
1649,144,1712597156184,76.0,"They carried their bedrolls, their food, their playing cards, their whiskey.",2080.0
1649,145,1712597157536,42.0,They saw the girl before they set up camp.,1352.0
1649,146,1712597158472,19.0,Mel Dorn found her.,936.0
1649,147,1712597159335,25.0,No clothes on her at all.,863.0
1649,148,1712597160640,64.0,She was wedged into some branches that stuck out over the water.,1305.0
1649,149,1712597161456,43.0,He called the others and they came to look.,816.0
1649,150,1712597162095,29.0,They talked about what to do.,639.0
1649,151,1712597166288,82.0,One of the men - my Stuart didn't say which - said they should start back at once.,4193.0
1649,152,1712597168424,86.0,"The others stirred the sand with their shoes, said they didn't feel inclined that way.",2136.0
1649,153,1712597172183,82.0,"They pleaded fatigue, the late hour, the fact that the girl wasn't going anywhere.",3759.0
1649,154,1712597173335,47.0,In the end they went ahead and set up the camp.,1152.0
1649,155,1712597174287,42.0,They built a fire and drank their whiskey.,952.0
1649,156,1712597175351,50.0,"When the moon came up, they talked about the girl.",1064.0
1649,157,1712597177632,59.0,Someone said they should -keep the body from drifting away.,2281.0
1649,158,1712597178664,55.0,They took their flashlights and went back to the river.,1031.0
1649,159,1712597180343,66.0,One of the men - it might have been Stuart - waded in and got her.,1679.0
1649,160,1712597181679,53.0,He took her by the fingers and pulled her into shore.,1336.0
1649,161,1712597183696,87.0,He got some nylon cord and tied it to her wrist and then looped the rest around a tree.,2017.0
1649,162,1712597186016,99.0,"The next morning they cooked breakfast, drank coffee, and drank whiskey, and then split up to fish.",2320.0
1649,163,1712597197743,182.0,"That night they cooked fish, cooked potatoes, drank coffee, drank whiskey, then took their cooking things and eating things back down to the river and washed them where the girl was.",11727.0
1649,164,1712597198511,32.0,They played some cards later on.,768.0
1649,165,1712597199848,55.0,Maybe they played until they couldn't see them anymore.,1336.0
1649,166,1712597200623,28.0,Vern Williams went to sleep.,775.0
1649,167,1712597201239,28.0,But the others told stories.,616.0
1649,168,1712597204695,100.0,Gordon Johnson said the trout they'd caught were hard because of the terrible coldness of the water.,3456.0
1649,169,1712597208816,154.0,"The next morning they got up late, drank whiskey, fished a little, took down their tents, rolled their sleeping bags, gathered their stuff, and hiked out.",4120.0
1649,170,1712597209896,41.0,They drove until they got to a telephone.,1080.0
1649,171,1712597212719,86.0,It was Stuart who made the call while the others stood around in the sun and listened.,2823.0
1649,172,1712597213640,32.0,He gave the sheriff their names.,921.0
1649,173,1712597214463,25.0,They had nothing to hide.,823.0
1649,174,1712597215135,21.0,They weren't ashamed.,672.0
1649,175,1712597217111,100.0,They said they'd wait until someone could come for better directions and take down their statements.,1976.0
1649,176,1712597217648,3.0,***,537.0
1649,177,1712597218399,30.0,I was asleep when he got home.,751.0
1649,178,1712597219439,46.0,But I woke up when I heard him in the kitchen.,1040.0
1649,179,1712597221423,64.0,I found him leaning against the refrigerator with a can of beer.,1983.0
1649,180,1712597223175,68.0,He put his heavy arms around me and rubbed his big hands on my back.,1752.0
1649,181,1712597225487,85.0,In bed he put his hands on me again and then waited as if thinking of something else.,2312.0
1649,182,1712597226216,28.0,I turned and opened my legs.,729.0
1649,183,1712597227063,36.0,"Afterwards, I think he stayed awake.",847.0
1649,184,1712597228912,53.0,He was up that morning before I could get out of bed.,1849.0
1649,185,1712597230296,54.0,"To see if there was something in the paper, I suppose.",1384.0
1649,186,1712597232200,46.0,The telephone began ringing right after eight.,1904.0
1649,187,1712597232767,13.0,"""Go to hell!""",567.0
1649,188,1712597233367,18.0,I heard him shout.,600.0
1649,189,1712597234008,31.0,The telephone rang right again.,641.0
1649,190,1712597235311,59.0,"""I have nothing to add to what I already told the sheriff!""",1303.0
1649,191,1712597235943,29.0,He slammed the receiver down.,632.0
1649,192,1712597236616,27.0,"""What is going on?"" I said.",673.0
1649,193,1712597237744,49.0,It was then that he told me what I just told you.,1128.0
1649,194,1712597238304,3.0,***,560.0
1649,195,1712597239351,44.0,I sweep up the broken dishes and go outside.,1047.0
1649,196,1712597241439,85.0,"He is lying on his back on the grass now, the newspaper and can of beer within reach.",2088.0
1649,197,1712597243503,41.0,"""Stuart, could we go for a drive?"" I say.",2064.0
1649,198,1712597244343,30.0,He rolls over and looks at me.,840.0
1649,199,1712597245639,37.0,"""We'll pick up some beer,"" he says...",1296.0
1649,200,1712597247111,62.0,He gets to his feet and touches me on the hip as he goes past.,1472.0
1649,201,1712597247863,28.0,"""Give me a minute,"" he says.",752.0
1649,202,1712597248727,39.0,We drive through town without speaking.,864.0
1649,203,1712597249591,39.0,He stops at a roadside market for beer.,864.0
1649,204,1712597251119,54.0,I notice a great stack of papers just inside the door.,1528.0
1649,205,1712597255096,89.0,On the top step a fat woman in a print dress holds out a licorice stick to a little girl.,3977.0
1649,206,1712597256264,66.0,"Later on, we cross Everson Creek and turn into the picnic grounds.",1168.0
1649,207,1712597257224,79.0,The creek runs under the bridge and into a large pond a few hundred yards away.,960.0
1649,208,1712597257767,28.0,I can see the men out there.,543.0
1649,209,1712597258632,33.0,I can see them out there fishing.,865.0
1649,210,1712597259176,31.0,So much water so close to home.,544.0
1649,211,1712597261199,43.0,"I say, ""Why did you have to go miles away?""",2023.0
1649,212,1712597262127,25.0,"""Don't rile me,"" he says.",928.0
1649,213,1712597262767,29.0,We sit on a bench in the sun.,640.0
1649,214,1712597263415,25.0,He opens us cans of beer.,648.0
1649,215,1712597264311,25.0,"He says, ""Relax, Claire.""",896.0
1649,216,1712597265688,30.0,"""They said they were innocent.",1375.0
1649,217,1712597266399,27.0,"They said they were crazy.""",711.0
1649,218,1712597266999,15.0,"He says, ""Who?""",600.0
1649,219,1712597267928,38.0,"He says, ""What are you talking about?""",929.0
1649,220,1712597268639,21.0,"""The Maddox brothers.",711.0
1649,221,1712597270104,54.0,They killed a girl named Arlene Hubly where I grew up.,1465.0
1649,222,1712597271543,60.0,They cut off her head and threw her into the Cle Elum River.,1439.0
1649,223,1712597272415,31.0,"It happened when I was a girl.""",872.0
1649,224,1712597273535,40.0,"""You're going to get me riled,"" he says.",1120.0
1649,225,1712597274072,20.0,I look at the creek.,537.0
1649,226,1712597276527,79.0,"I'm right in it, eyes open, face down, staring at the moss on the bottom, dead.",2455.0
1649,227,1712597277727,62.0,"""I don't know what's wrong with you,"" he says on the way home.",1200.0
1649,228,1712597278711,45.0,"""You're getting me more riled by the minute.""",984.0
1649,229,1712597279391,34.0,There is nothing I can say to him.,680.0
1649,230,1712597280063,36.0,He tries to concentrate on the road.,672.0
1649,231,1712597280935,47.0,But he keeps looking into the rear-view mirror.,872.0
1649,232,1712597281423,9.0,He knows.,488.0
1649,233,1712597281863,3.0,***,440.0
1649,234,1712597283311,52.0,Stuart believes he is letting me sleep this morning.,1448.0
1649,235,1712597285215,47.0,But I was awake long before the alarm went off.,1904.0
1649,236,1712597287303,74.0,"I was thinking, lying on the far side of the bed away from his hairy legs.",2088.0
1649,237,1712597289831,78.0,"He gets Dean off for school, and then he shaves, dresses, and leaves for work.",2528.0
1649,238,1712597291023,40.0,Twice he looks in and clears his throat.,1191.0
1649,239,1712597291567,26.0,But I keep my eyes closed.,544.0
1649,240,1712597292383,38.0,In the kitchen I find a note from him.,816.0
1649,241,1712597292935,19.0,"It's signed ""Love.""",552.0
1649,242,1712597295063,74.0,I sit in the breakfast nook and drink coffee and leave a ring on the note.,2128.0
1649,243,1712597296463,67.0,I look at the newspaper and turn it this way and that on the table.,1400.0
1649,244,1712597297719,43.0,Then I skid it close and read what it says.,1256.0
1649,245,1712597298799,38.0,"The body has been identified, claimed.",1080.0
1649,246,1712597303479,155.0,"But it took some examining it, some putting things into it, some cutting, some weighing, some measuring, some putting things back again and sewing them in.",4680.0
1649,247,1712597304655,57.0,I sit for a long time holding the newspaper and thinking.,1176.0
1649,248,1712597305959,51.0,Then I call up to get a chair at the hairdresser's.,1304.0
1649,249,1712597306447,3.0,***,488.0
1649,250,1712597308319,75.0,I sit under the dryer with a magazine on my lap and let Marnie do my nails.,1872.0
1649,251,1712597309407,42.0,"""I am going to a funeral tomorrow,"" I say.",1088.0
1649,252,1712597310127,38.0,"""I'm sorry to hear that,"" Marnie says.",720.0
1649,253,1712597310895,25.0,"""It was a murder,"" I say.",768.0
1649,254,1712597311655,37.0,"""That's the worst kind,"" Marnie says.",760.0
1649,255,1712597312735,35.0,"""We weren't all that close,"" I say.",1080.0
1649,256,1712597313198,15.0,"""But you know?""",463.0
1649,257,1712597314295,45.0,"""We'll get you fixed up for it,"" Marnie says.",1096.0
1649,258,1712597316502,72.0,"That night I make my bed on the sofa, and in the morning I get up first.",2207.0
1649,259,1712597317783,50.0,I put on coffee and fix breakfast while he shaves.,1280.0
1649,260,1712597319271,76.0,"He appears in the kitchen doorway, towel over his bare shoulder, appraising.",1488.0
1649,261,1712597319895,23.0,"""Here's coffee,"" I say.",624.0
1649,262,1712597320631,31.0,"""Eggs'll be ready in a minute.”",736.0
1649,263,1712597321895,37.0,"I wake Dean, and the three of us eat.",1264.0
1649,264,1712597324351,79.0,"Whenever Stuart looks at me, I ask Dean if he wants more milk, more toast, etc.",2456.0
1649,265,1712597325622,56.0,"""I'll call you today,"" Stuart says as he opens the door.",1271.0
1649,266,1712597327158,42.0,"I say, ""I don't think I'll be home today.""",1536.0
1649,267,1712597327639,21.0,"""All right,"" he says.",480.0
1649,268,1712597328103,7.0,"""Sure.""",464.0
1649,269,1712597328623,18.0,I dress carefully.,520.0
1649,270,1712597329671,48.0,I try on a hat and look at myself in the mirror.,1048.0
1649,271,1712597330503,28.0,I write out a note for Dean.,832.0
1649,272,1712597332559,69.0,"Honey, Mommy has things to do this afternoon, but will be back later.",2056.0
1649,273,1712597334647,61.0,You stay in or be in the backyard until one of us comes home.,2088.0
1649,274,1712597335135,11.0,"Love, Mommy",488.0
1649,275,1712597336791,48.0,I look at the word Love and then I underline it.,1656.0
1649,276,1712597337455,29.0,Then I see the word backyard.,663.0
1649,277,1712597338958,22.0,Is it one word or two?,1503.0
1649,278,1712597339511,3.0,***,553.0
1649,279,1712597341527,121.0,"I drive through farm country, through fields of oats and sugar beets and past apple orchards, cattle grazing in pastures.",2016.0
1649,280,1712597343031,99.0,"Then everything changes, more like shacks than farmhouses and stands of timber instead of orchards.",1504.0
1649,281,1712597344591,78.0,"Then mountains, and on the right, far below, I sometimes see the Naches River.",1560.0
1649,282,1712597346350,64.0,A green pickup comes up behind me and stays behind me for miles.,1759.0
1649,283,1712597348007,55.0,"I keep slowing at the wrong times, hoping he will pass.",1657.0
1649,284,1712597348487,16.0,Then I speed up.,480.0
1649,285,1712597349246,36.0,"But this is at the wrong times, too.",759.0
1649,286,1712597350102,39.0,I grip the wheel until my fingers hurt.,855.0
1649,287,1712597351110,37.0,On a long clear stretch he goes past.,1007.0
1649,288,1712597353207,73.0,"But he drives along beside for a bit, a crewcut man in a blue work shirt.",2096.0
1649,289,1712597353895,24.0,We look each other over.,688.0
1649,290,1712597355166,53.0,"Then he waves, toots his horn, and pulls on up ahead.",1271.0
1649,291,1712597355742,29.0,I slow down and find a place.,576.0
1649,292,1712597356591,35.0,I pull over and shut off the motor.,849.0
1649,293,1712597358126,42.0,I can hear the river down below the trees.,1535.0
1649,294,1712597358975,35.0,Then I hear the pickup coming back.,849.0
1649,295,1712597360126,41.0,I lock the doors and roll up the windows.,1151.0
1649,296,1712597360791,30.0,"""You all right?"" the man says.",665.0
1649,297,1712597361510,21.0,He raps on the glass.,719.0
1649,298,1712597362023,11.0,"""You okay?""",513.0
1649,299,1712597363615,64.0,He leans his arms on the door and brings his face to the window.,1592.0
1649,300,1712597364230,15.0,I stare at him.,615.0
1649,301,1712597364966,30.0,I can't think what else to do.,736.0
1649,302,1712597365607,34.0,"""Is everything all right in there?",641.0
1649,303,1712597366550,31.0,"How come you're all locked up?""",943.0
1649,304,1712597367023,16.0,I shake my head.,473.0
1649,305,1712597367551,24.0,"""Roll down your window.""",528.0
1649,306,1712597369087,64.0,He shakes his head and looks at the highway and then back at me.,1536.0
1649,307,1712597369678,19.0,"""Roll it down now.""",591.0
1649,308,1712597370807,32.0,"""Please,"" I say, ""I have to go.""",1129.0
1649,309,1712597372079,50.0,"""Open the door,"" he says as if he isn't listening.",1272.0
1649,310,1712597372966,33.0,"""You're going to choke in there.""",887.0
1649,311,1712597374223,32.0,"He looks at my breasts, my legs.",1257.0
1649,312,1712597375415,34.0,I can tell that's what he's doing.,1192.0
1649,313,1712597376087,22.0,"""Hey, sugar,"" he says.",672.0
1649,314,1712597377023,31.0,"""I'm just here to help is all.""",936.0
1649,315,1712597377542,3.0,***,519.0
1649,316,1712597379871,52.0,The casket is closed and covered with floral sprays.,2329.0
1649,317,1712597381582,45.0,The organ starts up the minute I take a seat.,1711.0
1649,318,1712597382535,40.0,People are coming in and finding chairs.,953.0
1649,319,1712597385198,63.0,There's a boy in flared pants and a yellow short-sleeved shirt.,2663.0
1649,320,1712597386918,100.0,A door opens and the family comes in in a group and moves over to a curtained place off to one side.,1719.0
1649,321,1712597387791,39.0,Chairs creak as everybody gets settled.,873.0
1649,322,1712597389423,83.0,"Directly, a nice blond man in a nice dark suit stands and asks us to bow our heads.",1632.0
1649,323,1712597391574,105.0,"He says a prayer for us, the living, and when he finishes, he says a prayer for the soul of the departed.",2151.0
1649,324,1712597392391,43.0,Along with the others I go past the casket.,817.0
1649,325,1712597393783,66.0,Then I move out onto the front steps and into the afternoon light.,1392.0
1649,326,1712597396023,66.0,There's a woman who limps as she goes down the stairs ahead of me.,2240.0
1649,327,1712597396767,33.0,On the sidewalk she looks around.,744.0
1649,328,1712597397606,31.0,"""Well, they got him,"" she says.",839.0
1649,329,1712597398287,27.0,"""If that's any consolation.",681.0
1649,330,1712597399151,31.0,They arrested him this morning.,864.0
1649,331,1712597400102,38.0,I heard it on the radio before I come.,951.0
1649,332,1712597401399,26.0,"A boy right here in town.""",1297.0
1649,333,1712597402319,42.0,We move a few steps down the hot sidewalk.,920.0
1649,334,1712597402919,25.0,People are starting cars.,600.0
1649,335,1712597404374,49.0,I put out my hand and hold on to a parking meter.,1455.0
1649,336,1712597405975,36.0,Polished hoods and polished fenders.,1601.0
1649,337,1712597406502,14.0,My head swims.,527.0
1649,338,1712597408958,41.0,"I say, ""They have friends, these killers.",2456.0
1649,339,1712597409470,16.0,"You can't tell.""",512.0
1649,340,1712597411198,70.0,"""I have known that child since she was a little girl,"" the woman says.",1728.0
1649,341,1712597412807,93.0,"""She used to come over and I'd bake cookies for her and let her eat them in front of the TV.""",1609.0
1649,342,1712597413326,3.0,***,519.0
1649,343,1712597414959,76.0,"Back home, Stuart sits at the table with a drink of whiskey in front of him.",1633.0
1649,344,1712597416478,57.0,For a crazy instant I think something's happened to Dean.,1519.0
1649,345,1712597416975,14.0,"""Where is he?""",497.0
1649,346,1712597417430,6.0,I say.,455.0
1649,347,1712597417911,16.0,"""Where is Dean?""",481.0
1649,348,1712597418438,27.0,"""Outside,"" my husband says.",527.0
1649,349,1712597419351,34.0,He drains his glass and stands up.,913.0
1649,350,1712597421023,40.0,"He says, ""I think I know what you need.""",1672.0
1649,351,1712597423759,138.0,He reaches an arm around my waist and with his other hand he begins to unbutton my jacket and then he goes on to the buttons of my blouse.,2736.0
1649,352,1712597424695,30.0,"""First things first,"" he says.",936.0
1649,353,1712597425335,23.0,He says something else.,640.0
1649,354,1712597425902,27.0,But I don't need to listen.,567.0
1649,355,1712597426926,46.0,I can't hear a thing with so much water going.,1024.0
1649,356,1712597427454,3.0,***,528.0
1629,141,1712620524585,3.0,***,1372.0
1629,142,1712620525756,37.0,My husband eats with a good appetite.,1171.0
1629,143,1712620526473,37.0,But I don't think he's really hungry.,717.0
1629,144,1712620607849,69.0,"He chews, arms on the table, and stares at something across the room.",81376.0
1629,145,1712620629484,30.0,He looks at me and looks away.,21635.0
1629,146,1712620630018,33.0,He wipes his mouth on the napkin.,534.0
1629,147,1712620631559,30.0,"He shrugs, and goes on eating.",1540.0
1629,148,1712620632123,42.0,"""What are you staring at me for?"" he says.",564.0
1629,149,1712620632717,45.0,"""What is it?"" he says and lays down his fork.",594.0
1629,150,1712620634450,42.0,"""Was I staring?"" I say, and shake my head.",1733.0
1629,151,1712620634938,20.0,The telephone rings.,488.0
1629,152,1712620635325,27.0,"""Don't answer it,"" he says.",387.0
1629,153,1712620635985,33.0,"""It might be your mother,"" I say.",660.0
1629,154,1712620636387,25.0,"""Watch and see,"" he says.",402.0
1629,155,1712620636891,34.0,I pick up the receiver and listen.,504.0
1629,156,1712620637253,24.0,My husband stops eating.,362.0
1629,157,1712620637843,46.0,"""What did I tell you?"" he says when I hang up.",590.0
1629,158,1712620638312,23.0,He starts to eat again.,469.0
1629,159,1712620638875,36.0,Then throws his napkin on his plate.,563.0
1629,160,1712620639586,63.0,"He says, ""Goddamn it, why can't people mind their own business?",711.0
1629,161,1712620641015,41.0,Tell me what I did wrong and I'll listen!,1429.0
1629,162,1712620641689,28.0,I wasn't the only man there.,674.0
1629,163,1712620642636,37.0,We talked it over and we all decided.,947.0
1629,164,1712620643215,29.0,We couldn't just turn around.,579.0
1629,165,1712620643732,32.0,We were five miles from the car.,517.0
1629,166,1712620644216,34.0,I won't have you passing judgment.,484.0
1629,167,1712620644887,13.0,"Do you hear?""",670.0
1629,168,1712620645375,18.0,"""You know,"" I say.",488.0
1629,169,1712620646140,33.0,"He says, ""What do I know, Claire?",765.0
1629,170,1712620646603,34.0,Tell me what I'm supposed to know.,463.0
1629,171,1712620647223,40.0,"I don't know anything except one thing?""",620.0
1629,172,1712620647877,48.0,He gives me what he thinks is a meaningful look.,654.0
1629,173,1712620648411,24.0,"""She was dead,"" he says.",534.0
1629,174,1712620648940,33.0,"""And I'm as sorry as anyone else.",529.0
1629,175,1712620649358,18.0,"But she was dead.""",418.0
1629,176,1712620649732,26.0,"""That's the point,"" I say.",374.0
1629,177,1712620650103,20.0,He raises his hands.,371.0
1629,178,1712620650708,40.0,He pushes his chair away from the table.,605.0
1629,179,1712620651794,72.0,He takes out his cigarettes and goes out to the back with a can of beer.,1086.0
1629,180,1712620652487,64.0,I see him sit in the lawn chair and pick up the newspaper again.,692.0
1629,181,1712620653019,39.0,His name is in there on the first page.,532.0
1629,182,1712620653628,36.0,Along with the names of his friends.,609.0
1629,183,1712620654054,40.0,I close my eyes and hold on to the sink.,426.0
1629,184,1712620669742,74.0,Then I rake my arm across the drainboard and send the dishes to the floor.,15688.0
1629,185,1712620670190,16.0,He doesn't move.,448.0
1629,186,1712620670537,18.0,I know he's heard.,347.0
1629,187,1712620670955,40.0,He lifts his head as if still listening.,418.0
1629,188,1712620671347,30.0,But he doesn't move otherwise.,392.0
1629,189,1712620671692,23.0,He doesn't turn around.,345.0
1629,190,1712620672052,3.0,***,360.0
1629,191,1712620835122,88.0,"He and Gordon Johnson and Mel Dorn and Vern Williams, they play poker and bowl and fish.",163070.0
1629,192,1712620838702,85.0,They fish every spring and early summer before visiting relatives can get in the way.,3580.0
1629,193,1712620839305,65.0,"They are decent men, family men, men who take care of their jobs.",603.0
1629,194,1712620839804,65.0,"They have sons and daughters who go to school with our son, Dean.",499.0
1629,195,1712620840555,55.0,Last Friday these family men left for the Naches River.,751.0
1629,196,1712620841430,76.0,They parked the car in the mountains and hiked to where they wanted to fish.,875.0
1629,197,1712620842024,76.0,"They carried their bedrolls, their food, their playing cards, their whiskey.",594.0
1629,198,1712620842527,42.0,They saw the girl before they set up camp.,503.0
1629,199,1712620844476,19.0,Mel Dorn found her.,1948.0
1629,200,1712620844819,25.0,No clothes on her at all.,342.0
1629,201,1712620845348,64.0,She was wedged into some branches that stuck out over the water.,529.0
1629,202,1712620845866,43.0,He called the others and they came to look.,518.0
1629,203,1712620846248,29.0,They talked about what to do.,382.0
1629,204,1712620846522,82.0,One of the men - my Stuart didn't say which - said they should start back at once.,274.0
1629,205,1712620847392,86.0,"The others stirred the sand with their shoes, said they didn't feel inclined that way.",870.0
1629,206,1712620848308,82.0,"They pleaded fatigue, the late hour, the fact that the girl wasn't going anywhere.",916.0
1629,207,1712620858924,47.0,In the end they went ahead and set up the camp.,10616.0
1629,208,1712620859466,42.0,They built a fire and drank their whiskey.,541.0
1629,209,1712620860268,50.0,"When the moon came up, they talked about the girl.",802.0
1629,210,1712620860952,59.0,Someone said they should -keep the body from drifting away.,684.0
1629,211,1712620861739,55.0,They took their flashlights and went back to the river.,787.0
1629,212,1712620862517,66.0,One of the men - it might have been Stuart - waded in and got her.,778.0
1629,213,1712620863188,53.0,He took her by the fingers and pulled her into shore.,670.0
1629,214,1712620863888,87.0,He got some nylon cord and tied it to her wrist and then looped the rest around a tree.,700.0
1629,215,1712620864839,99.0,"The next morning they cooked breakfast, drank coffee, and drank whiskey, and then split up to fish.",951.0
1629,216,1712620889236,182.0,"That night they cooked fish, cooked potatoes, drank coffee, drank whiskey, then took their cooking things and eating things back down to the river and washed them where the girl was.",24397.0
1629,217,1712620889794,32.0,They played some cards later on.,558.0
1629,218,1712620890349,55.0,Maybe they played until they couldn't see them anymore.,555.0
1629,219,1712620902228,28.0,Vern Williams went to sleep.,11879.0
1629,220,1712620902671,28.0,But the others told stories.,443.0
1629,221,1712620904202,100.0,Gordon Johnson said the trout they'd caught were hard because of the terrible coldness of the water.,1531.0
1629,222,1712620907048,154.0,"The next morning they got up late, drank whiskey, fished a little, took down their tents, rolled their sleeping bags, gathered their stuff, and hiked out.",2846.0
1629,223,1712620907550,41.0,They drove until they got to a telephone.,502.0
1629,224,1712620908461,86.0,It was Stuart who made the call while the others stood around in the sun and listened.,911.0
1629,225,1712620908930,32.0,He gave the sheriff their names.,469.0
1629,226,1712620909358,25.0,They had nothing to hide.,428.0
1629,227,1712620909765,21.0,They weren't ashamed.,406.0
1629,228,1712620910829,100.0,They said they'd wait until someone could come for better directions and take down their statements.,1063.0
1629,229,1712620911332,3.0,***,503.0
1629,230,1712620911811,30.0,I was asleep when he got home.,479.0
1629,231,1712620912328,46.0,But I woke up when I heard him in the kitchen.,517.0
1629,232,1712620912520,64.0,I found him leaning against the refrigerator with a can of beer.,192.0
1629,233,1712620913296,68.0,He put his heavy arms around me and rubbed his big hands on my back.,776.0
1629,234,1712621086597,85.0,In bed he put his hands on me again and then waited as if thinking of something else.,173301.0
1629,235,1712621087372,28.0,I turned and opened my legs.,775.0
1629,236,1712621093550,36.0,"Afterwards, I think he stayed awake.",6178.0
1629,237,1712621094260,53.0,He was up that morning before I could get out of bed.,710.0
1629,238,1712621094623,54.0,"To see if there was something in the paper, I suppose.",362.0
1629,239,1712621094995,46.0,The telephone began ringing right after eight.,372.0
1629,240,1712621095358,13.0,"""Go to hell!""",363.0
1629,241,1712621095695,18.0,I heard him shout.,337.0
1629,242,1712621095972,31.0,The telephone rang right again.,277.0
1629,243,1712621096229,59.0,"""I have nothing to add to what I already told the sheriff!""",256.0
1629,244,1712621096729,29.0,He slammed the receiver down.,500.0
1629,245,1712621097382,27.0,"""What is going on?"" I said.",653.0
1629,246,1712621097845,49.0,It was then that he told me what I just told you.,463.0
1629,247,1712621098359,3.0,***,514.0
1629,248,1712621098898,44.0,I sweep up the broken dishes and go outside.,539.0
1629,249,1712621099588,85.0,"He is lying on his back on the grass now, the newspaper and can of beer within reach.",690.0
1629,250,1712621131806,41.0,"""Stuart, could we go for a drive?"" I say.",32218.0
1629,251,1712621132162,30.0,He rolls over and looks at me.,356.0
1629,252,1712621132776,37.0,"""We'll pick up some beer,"" he says...",614.0
1629,253,1712621133431,62.0,He gets to his feet and touches me on the hip as he goes past.,654.0
1629,254,1712621133990,28.0,"""Give me a minute,"" he says.",559.0
1629,255,1712621134393,39.0,We drive through town without speaking.,403.0
1629,256,1712621134720,39.0,He stops at a roadside market for beer.,327.0
1629,257,1712621135007,54.0,I notice a great stack of papers just inside the door.,287.0
1629,258,1712621136210,89.0,On the top step a fat woman in a print dress holds out a licorice stick to a little girl.,1203.0
1629,259,1712621136870,66.0,"Later on, we cross Everson Creek and turn into the picnic grounds.",659.0
1629,260,1712621137455,79.0,The creek runs under the bridge and into a large pond a few hundred yards away.,585.0
1629,261,1712621137878,28.0,I can see the men out there.,423.0
1629,262,1712621138250,33.0,I can see them out there fishing.,372.0
1629,263,1712621138648,31.0,So much water so close to home.,398.0
1629,264,1712621139101,43.0,"I say, ""Why did you have to go miles away?""",453.0
1629,265,1712621139499,25.0,"""Don't rile me,"" he says.",398.0
1629,266,1712621139992,29.0,We sit on a bench in the sun.,493.0
1629,267,1712621140330,25.0,He opens us cans of beer.,338.0
1629,268,1712621140682,25.0,"He says, ""Relax, Claire.""",352.0
1629,269,1712621141025,30.0,"""They said they were innocent.",343.0
1629,270,1712621141402,27.0,"They said they were crazy.""",377.0
1629,271,1712621141836,15.0,"He says, ""Who?""",434.0
1629,272,1712621142243,38.0,"He says, ""What are you talking about?""",407.0
1629,273,1712621142626,21.0,"""The Maddox brothers.",383.0
1629,274,1712621143316,54.0,They killed a girl named Arlene Hubly where I grew up.,690.0
1629,275,1712621197420,60.0,They cut off her head and threw her into the Cle Elum River.,54104.0
1629,276,1712621197899,31.0,"It happened when I was a girl.""",479.0
1629,277,1712621198613,40.0,"""You're going to get me riled,"" he says.",714.0
1629,278,1712621199071,20.0,I look at the creek.,458.0
1629,279,1712621199550,79.0,"I'm right in it, eyes open, face down, staring at the moss on the bottom, dead.",478.0
1629,280,1712621200239,62.0,"""I don't know what's wrong with you,"" he says on the way home.",689.0
1629,281,1712621200843,45.0,"""You're getting me more riled by the minute.""",604.0
1629,282,1712621201302,34.0,There is nothing I can say to him.,459.0
1629,283,1712621201704,36.0,He tries to concentrate on the road.,402.0
1629,284,1712621202107,47.0,But he keeps looking into the rear-view mirror.,402.0
1629,285,1712621202485,9.0,He knows.,378.0
1629,286,1712621202873,3.0,***,388.0
1629,287,1712621238906,52.0,Stuart believes he is letting me sleep this morning.,36033.0
1629,288,1712621239509,47.0,But I was awake long before the alarm went off.,603.0
1629,289,1712621240048,74.0,"I was thinking, lying on the far side of the bed away from his hairy legs.",538.0
1629,290,1712621241473,78.0,"He gets Dean off for school, and then he shaves, dresses, and leaves for work.",1425.0
1629,291,1712621242229,40.0,Twice he looks in and clears his throat.,756.0
1629,292,1712621242783,26.0,But I keep my eyes closed.,554.0
1629,293,1712621243376,38.0,In the kitchen I find a note from him.,593.0
1629,294,1712621243901,19.0,"It's signed ""Love.""",524.0
1629,295,1712621244615,74.0,I sit in the breakfast nook and drink coffee and leave a ring on the note.,714.0
1629,296,1712621245210,67.0,I look at the newspaper and turn it this way and that on the table.,595.0
1629,297,1712621245658,43.0,Then I skid it close and read what it says.,448.0
1629,298,1712621246056,38.0,"The body has been identified, claimed.",398.0
1629,299,1712621247491,155.0,"But it took some examining it, some putting things into it, some cutting, some weighing, some measuring, some putting things back again and sewing them in.",1435.0
1629,300,1712621248216,57.0,I sit for a long time holding the newspaper and thinking.,724.0
1629,301,1712621248871,51.0,Then I call up to get a chair at the hairdresser's.,655.0
1629,302,1712621249299,3.0,***,428.0
1629,303,1712621288226,75.0,I sit under the dryer with a magazine on my lap and let Marnie do my nails.,38927.0
1629,304,1712621288523,42.0,"""I am going to a funeral tomorrow,"" I say.",297.0
1629,305,1712621288905,38.0,"""I'm sorry to hear that,"" Marnie says.",382.0
1629,306,1712621299798,25.0,"""It was a murder,"" I say.",10893.0
1629,307,1712621300200,37.0,"""That's the worst kind,"" Marnie says.",402.0
1629,308,1712621300613,35.0,"""We weren't all that close,"" I say.",413.0
1629,309,1712621300997,15.0,"""But you know?""",384.0
1629,310,1712621301458,45.0,"""We'll get you fixed up for it,"" Marnie says.",461.0
1629,311,1712621302123,72.0,"That night I make my bed on the sofa, and in the morning I get up first.",665.0
1629,312,1712621498186,50.0,I put on coffee and fix breakfast while he shaves.,196062.0
1629,313,1712621498955,76.0,"He appears in the kitchen doorway, towel over his bare shoulder, appraising.",769.0
1629,314,1712621499438,23.0,"""Here's coffee,"" I say.",483.0
1629,315,1712621499826,31.0,"""Eggs'll be ready in a minute.”",388.0
1629,316,1712621500420,37.0,"I wake Dean, and the three of us eat.",594.0
1629,317,1712621513639,79.0,"Whenever Stuart looks at me, I ask Dean if he wants more milk, more toast, etc.",13218.0
1629,318,1712621514313,56.0,"""I'll call you today,"" Stuart says as he opens the door.",674.0
1629,319,1712621515350,42.0,"I say, ""I don't think I'll be home today.""",1037.0
1629,320,1712621516513,21.0,"""All right,"" he says.",1163.0
1629,321,1712621518094,7.0,"""Sure.""",1581.0
1629,322,1712621518421,18.0,I dress carefully.,327.0
1629,323,1712621518875,48.0,I try on a hat and look at myself in the mirror.,453.0
1629,324,1712621519237,28.0,I write out a note for Dean.,362.0
1629,325,1712621520360,69.0,"Honey, Mommy has things to do this afternoon, but will be back later.",1123.0
1629,326,1712621524374,61.0,You stay in or be in the backyard until one of us comes home.,4014.0
1629,327,1712621524826,11.0,"Love, Mommy",452.0
1629,328,1712621525864,48.0,I look at the word Love and then I underline it.,1038.0
1629,329,1712621526559,29.0,Then I see the word backyard.,695.0
1629,330,1712621527274,22.0,Is it one word or two?,715.0
1629,331,1712621527687,3.0,***,413.0
1629,332,1712621558707,121.0,"I drive through farm country, through fields of oats and sugar beets and past apple orchards, cattle grazing in pastures.",31020.0
1629,333,1712621559210,99.0,"Then everything changes, more like shacks than farmhouses and stands of timber instead of orchards.",503.0
1629,334,1712621560050,78.0,"Then mountains, and on the right, far below, I sometimes see the Naches River.",840.0
1629,335,1712621560458,64.0,A green pickup comes up behind me and stays behind me for miles.,408.0
1629,336,1712621561370,55.0,"I keep slowing at the wrong times, hoping he will pass.",912.0
1629,337,1712621561652,16.0,Then I speed up.,281.0
1629,338,1712621561893,36.0,"But this is at the wrong times, too.",241.0
1629,339,1712621562180,39.0,I grip the wheel until my fingers hurt.,287.0
1629,340,1712621562719,37.0,On a long clear stretch he goes past.,538.0
1629,341,1712621564718,73.0,"But he drives along beside for a bit, a crewcut man in a blue work shirt.",1999.0
1629,342,1712621566228,24.0,We look each other over.,1510.0
1629,343,1712621567623,53.0,"Then he waves, toots his horn, and pulls on up ahead.",1394.0
1629,344,1712621568232,29.0,I slow down and find a place.,609.0
1629,345,1712621568541,35.0,I pull over and shut off the motor.,308.0
1629,346,1712621569201,42.0,I can hear the river down below the trees.,658.0
1629,347,1712621569703,35.0,Then I hear the pickup coming back.,502.0
1629,348,1712621569949,41.0,I lock the doors and roll up the windows.,246.0
1629,349,1712621570519,30.0,"""You all right?"" the man says.",570.0
1629,350,1712621570775,21.0,He raps on the glass.,256.0
1629,351,1712621571244,11.0,"""You okay?""",469.0
1629,352,1712621573238,64.0,He leans his arms on the door and brings his face to the window.,1994.0
1629,353,1712621577352,15.0,I stare at him.,4113.0
1629,354,1712621577790,30.0,I can't think what else to do.,438.0
1629,355,1712621578459,34.0,"""Is everything all right in there?",669.0
1629,356,1712621578988,31.0,"How come you're all locked up?""",528.0
1629,357,1712621579658,16.0,I shake my head.,670.0
1629,358,1712621581546,24.0,"""Roll down your window.""",1887.0
1629,359,1712621582740,64.0,He shakes his head and looks at the highway and then back at me.,1194.0
1629,360,1712621584698,19.0,"""Roll it down now.""",1958.0
1629,361,1712621585474,32.0,"""Please,"" I say, ""I have to go.""",776.0
1629,362,1712621586763,50.0,"""Open the door,"" he says as if he isn't listening.",1289.0
1629,363,1712621587885,33.0,"""You're going to choke in there.""",1122.0
1629,364,1712621588152,32.0,"He looks at my breasts, my legs.",266.0
1629,365,1712621588299,34.0,I can tell that's what he's doing.,146.0
1629,366,1712621588752,22.0,"""Hey, sugar,"" he says.",453.0
1629,367,1712621599866,31.0,"""I'm just here to help is all.""",11113.0
1629,368,1712621600122,3.0,***,256.0
1629,369,1712621600338,52.0,The casket is closed and covered with floral sprays.,216.0
1629,370,1712621600781,45.0,The organ starts up the minute I take a seat.,443.0
1629,371,1712621602170,40.0,People are coming in and finding chairs.,1389.0
1629,372,1712621602568,63.0,There's a boy in flared pants and a yellow short-sleeved shirt.,397.0
1629,373,1712621603420,100.0,A door opens and the family comes in in a group and moves over to a curtained place off to one side.,851.0
1629,374,1712621604739,39.0,Chairs creak as everybody gets settled.,1319.0
1629,375,1712621606129,83.0,"Directly, a nice blond man in a nice dark suit stands and asks us to bow our heads.",1390.0
1629,376,1712621607161,105.0,"He says a prayer for us, the living, and when he finishes, he says a prayer for the soul of the departed.",1032.0
1629,377,1712621608193,43.0,Along with the others I go past the casket.,1032.0
1629,378,1712621611301,66.0,Then I move out onto the front steps and into the afternoon light.,3108.0
1629,379,1712621611607,66.0,There's a woman who limps as she goes down the stairs ahead of me.,306.0
1629,380,1712621612861,33.0,On the sidewalk she looks around.,1254.0
1629,381,1712621613098,31.0,"""Well, they got him,"" she says.",237.0
1629,382,1712621613974,27.0,"""If that's any consolation.",876.0
1629,383,1712621614976,31.0,They arrested him this morning.,1002.0
1629,384,1712621617871,38.0,I heard it on the radio before I come.,2895.0
1629,385,1712621622102,26.0,"A boy right here in town.""",4231.0
1629,386,1712621737346,42.0,We move a few steps down the hot sidewalk.,115244.0
1629,387,1712621737788,25.0,People are starting cars.,442.0
1629,388,1712621738323,49.0,I put out my hand and hold on to a parking meter.,535.0
1629,389,1712621738840,36.0,Polished hoods and polished fenders.,517.0
1629,390,1712621739228,14.0,My head swims.,388.0
1629,391,1712621739710,41.0,"I say, ""They have friends, these killers.",482.0
1629,392,1712621740165,16.0,"You can't tell.""",455.0
1629,393,1712621741150,70.0,"""I have known that child since she was a little girl,"" the woman says.",985.0
1629,394,1712621742285,93.0,"""She used to come over and I'd bake cookies for her and let her eat them in front of the TV.""",1135.0
1629,395,1712621742838,3.0,***,553.0
1629,396,1712621782733,76.0,"Back home, Stuart sits at the table with a drink of whiskey in front of him.",39895.0
1629,397,1712621783821,57.0,For a crazy instant I think something's happened to Dean.,1087.0
1629,398,1712621790311,14.0,"""Where is he?""",6490.0
1629,399,1712621790699,6.0,I say.,388.0
1629,400,1712621791061,16.0,"""Where is Dean?""",362.0
1629,401,1712621791408,27.0,"""Outside,"" my husband says.",347.0
1629,402,1712621791720,34.0,He drains his glass and stands up.,312.0
1629,403,1712621792072,40.0,"He says, ""I think I know what you need.""",352.0
1629,404,1712621792370,138.0,He reaches an arm around my waist and with his other hand he begins to unbutton my jacket and then he goes on to the buttons of my blouse.,298.0
1629,405,1712621793136,30.0,"""First things first,"" he says.",766.0
1629,406,1712621793488,23.0,He says something else.,352.0
1629,407,1712621793836,27.0,But I don't need to listen.,347.0
1629,408,1712621794454,46.0,I can't hear a thing with so much water going.,618.0
1629,409,1712621794872,3.0,***,417.0
1665,91,1712420547228,3.0,***,2718.0
1665,92,1712420548635,37.0,My husband eats with a good appetite.,1407.0
1665,93,1712420551012,37.0,But I don't think he's really hungry.,2376.0
1665,94,1712420554427,69.0,"He chews, arms on the table, and stares at something across the room.",3415.0
1665,95,1712420555733,30.0,He looks at me and looks away.,1305.0
1665,96,1712420557014,33.0,He wipes his mouth on the napkin.,1281.0
1665,97,1712420558156,30.0,"He shrugs, and goes on eating.",1142.0
1665,98,1712420559384,42.0,"""What are you staring at me for?"" he says.",1226.0
1665,99,1712420562068,45.0,"""What is it?"" he says and lays down his fork.",2684.0
1665,100,1712420563540,42.0,"""Was I staring?"" I say, and shake my head.",1471.0
1665,101,1712420564946,20.0,The telephone rings.,1406.0
1665,102,1712420566000,27.0,"""Don't answer it,"" he says.",1054.0
1665,103,1712420567030,33.0,"""It might be your mother,"" I say.",1029.0
1665,104,1712420568067,25.0,"""Watch and see,"" he says.",1036.0
1665,105,1712420569331,34.0,I pick up the receiver and listen.,1264.0
1665,106,1712420570327,24.0,My husband stops eating.,996.0
1665,107,1712420572161,46.0,"""What did I tell you?"" he says when I hang up.",1834.0
1665,108,1712420573227,23.0,He starts to eat again.,1066.0
1665,109,1712420575844,36.0,Then throws his napkin on his plate.,2617.0
1665,110,1712420577676,63.0,"He says, ""Goddamn it, why can't people mind their own business?",1832.0
1665,111,1712420579833,41.0,Tell me what I did wrong and I'll listen!,2157.0
1665,112,1712420582065,28.0,I wasn't the only man there.,2232.0
1665,113,1712420584174,37.0,We talked it over and we all decided.,2109.0
1665,114,1712420586412,29.0,We couldn't just turn around.,2238.0
1665,115,1712420588031,32.0,We were five miles from the car.,1618.0
1665,116,1712420590378,34.0,I won't have you passing judgment.,2347.0
1665,117,1712420591562,13.0,"Do you hear?""",1184.0
1665,118,1712420593303,18.0,"""You know,"" I say.",1741.0
1665,119,1712420595673,33.0,"He says, ""What do I know, Claire?",2370.0
1665,120,1712420596979,34.0,Tell me what I'm supposed to know.,1306.0
1665,121,1712420599177,40.0,"I don't know anything except one thing?""",2197.0
1665,122,1712420601234,48.0,He gives me what he thinks is a meaningful look.,2057.0
1665,123,1712420602533,24.0,"""She was dead,"" he says.",1299.0
1665,124,1712420604850,33.0,"""And I'm as sorry as anyone else.",2316.0
1665,125,1712420606002,18.0,"But she was dead.""",1151.0
1665,126,1712420606903,26.0,"""That's the point,"" I say.",901.0
1665,127,1712420607767,20.0,He raises his hands.,864.0
1665,128,1712420609433,40.0,He pushes his chair away from the table.,1666.0
1665,129,1712420612653,72.0,He takes out his cigarettes and goes out to the back with a can of beer.,3219.0
1665,130,1712420616128,64.0,I see him sit in the lawn chair and pick up the newspaper again.,3474.0
1665,131,1712420618101,39.0,His name is in there on the first page.,1973.0
1665,132,1712420619243,36.0,Along with the names of his friends.,1142.0
1665,133,1712420621073,40.0,I close my eyes and hold on to the sink.,1829.0
1665,134,1712420626767,74.0,Then I rake my arm across the drainboard and send the dishes to the floor.,5694.0
1665,135,1712420627874,16.0,He doesn't move.,1106.0
1665,136,1712420628766,18.0,I know he's heard.,892.0
1665,137,1712420630711,40.0,He lifts his head as if still listening.,1945.0
1665,138,1712420631857,30.0,But he doesn't move otherwise.,1146.0
1665,139,1712420633117,23.0,He doesn't turn around.,1260.0
1665,140,1712420633991,3.0,***,873.0
1665,141,1712420638085,88.0,"He and Gordon Johnson and Mel Dorn and Vern Williams, they play poker and bowl and fish.",4093.0
1665,142,1712420642489,85.0,They fish every spring and early summer before visiting relatives can get in the way.,4404.0
1665,143,1712420644971,65.0,"They are decent men, family men, men who take care of their jobs.",2482.0
1665,144,1712420649239,65.0,"They have sons and daughters who go to school with our son, Dean.",4267.0
1665,145,1712420652826,55.0,Last Friday these family men left for the Naches River.,3587.0
1665,146,1712420654716,76.0,They parked the car in the mountains and hiked to where they wanted to fish.,1890.0
1665,147,1712420657924,76.0,"They carried their bedrolls, their food, their playing cards, their whiskey.",3208.0
1665,148,1712420660433,42.0,They saw the girl before they set up camp.,2509.0
1665,149,1712420662602,19.0,Mel Dorn found her.,2168.0
1665,150,1712420664025,25.0,No clothes on her at all.,1423.0
1665,151,1712420667874,64.0,She was wedged into some branches that stuck out over the water.,3849.0
1665,152,1712420669968,43.0,He called the others and they came to look.,2094.0
1665,153,1712420671129,29.0,They talked about what to do.,1161.0
1665,154,1712420677053,82.0,One of the men - my Stuart didn't say which - said they should start back at once.,5923.0
1665,155,1712420680373,86.0,"The others stirred the sand with their shoes, said they didn't feel inclined that way.",3319.0
1665,156,1712420684585,82.0,"They pleaded fatigue, the late hour, the fact that the girl wasn't going anywhere.",4212.0
1665,157,1712420686367,47.0,In the end they went ahead and set up the camp.,1782.0
1665,158,1712420687956,42.0,They built a fire and drank their whiskey.,1589.0
1665,159,1712420690457,50.0,"When the moon came up, they talked about the girl.",2500.0
1665,160,1712420693485,59.0,Someone said they should -keep the body from drifting away.,3028.0
1665,161,1712420694768,55.0,They took their flashlights and went back to the river.,1282.0
1665,162,1712420697301,66.0,One of the men - it might have been Stuart - waded in and got her.,2533.0
1665,163,1712420699358,53.0,He took her by the fingers and pulled her into shore.,2057.0
1665,164,1712420703085,87.0,He got some nylon cord and tied it to her wrist and then looped the rest around a tree.,3727.0
1665,165,1712420706327,99.0,"The next morning they cooked breakfast, drank coffee, and drank whiskey, and then split up to fish.",3242.0
1665,166,1712420717339,182.0,"That night they cooked fish, cooked potatoes, drank coffee, drank whiskey, then took their cooking things and eating things back down to the river and washed them where the girl was.",11012.0
1665,167,1712420718404,32.0,They played some cards later on.,1064.0
1665,168,1712420721434,55.0,Maybe they played until they couldn't see them anymore.,3030.0
1665,169,1712420723367,28.0,Vern Williams went to sleep.,1933.0
1665,170,1712420724487,28.0,But the others told stories.,1120.0
1665,171,1712420728036,100.0,Gordon Johnson said the trout they'd caught were hard because of the terrible coldness of the water.,3549.0
1665,172,1712420731554,154.0,"The next morning they got up late, drank whiskey, fished a little, took down their tents, rolled their sleeping bags, gathered their stuff, and hiked out.",3518.0
1665,173,1712420732907,41.0,They drove until they got to a telephone.,1353.0
1665,174,1712420736052,86.0,It was Stuart who made the call while the others stood around in the sun and listened.,3145.0
1665,175,1712420737595,32.0,He gave the sheriff their names.,1543.0
1665,176,1712420738392,25.0,They had nothing to hide.,797.0
1665,177,1712420739284,21.0,They weren't ashamed.,892.0
1665,178,1712420742708,100.0,They said they'd wait until someone could come for better directions and take down their statements.,3424.0
1665,179,1712420743425,3.0,***,717.0
1665,180,1712420744390,30.0,I was asleep when he got home.,964.0
1665,181,1712420745629,46.0,But I woke up when I heard him in the kitchen.,1238.0
1665,182,1712420747436,64.0,I found him leaning against the refrigerator with a can of beer.,1806.0
1665,183,1712420750074,68.0,He put his heavy arms around me and rubbed his big hands on my back.,2638.0
1665,184,1712420753708,85.0,In bed he put his hands on me again and then waited as if thinking of something else.,3633.0
1665,185,1712420755427,28.0,I turned and opened my legs.,1719.0
1665,186,1712420757799,36.0,"Afterwards, I think he stayed awake.",2371.0
1665,187,1712420761322,53.0,He was up that morning before I could get out of bed.,3523.0
1665,188,1712420763290,54.0,"To see if there was something in the paper, I suppose.",1968.0
1665,189,1712420765491,46.0,The telephone began ringing right after eight.,2201.0
1665,190,1712420766312,13.0,"""Go to hell!""",821.0
1665,191,1712420767358,18.0,I heard him shout.,1046.0
1665,192,1712420768784,31.0,The telephone rang right again.,1426.0
1665,193,1712420770707,59.0,"""I have nothing to add to what I already told the sheriff!""",1923.0
1665,194,1712420771535,29.0,He slammed the receiver down.,827.0
1665,195,1712420772389,27.0,"""What is going on?"" I said.",854.0
1665,196,1712420774665,49.0,It was then that he told me what I just told you.,2276.0
1665,197,1712420775270,3.0,***,604.0
1665,198,1712420777477,44.0,I sweep up the broken dishes and go outside.,2207.0
1665,199,1712420779694,85.0,"He is lying on his back on the grass now, the newspaper and can of beer within reach.",2216.0
1665,200,1712420781339,41.0,"""Stuart, could we go for a drive?"" I say.",1645.0
1665,201,1712420782198,30.0,He rolls over and looks at me.,859.0
1665,202,1712420784053,37.0,"""We'll pick up some beer,"" he says...",1855.0
1665,203,1712420787119,62.0,He gets to his feet and touches me on the hip as he goes past.,3066.0
1665,204,1712420787927,28.0,"""Give me a minute,"" he says.",807.0
1665,205,1712420789145,39.0,We drive through town without speaking.,1218.0
1665,206,1712420790332,39.0,He stops at a roadside market for beer.,1186.0
1665,207,1712420791860,54.0,I notice a great stack of papers just inside the door.,1528.0
1665,208,1712420794316,89.0,On the top step a fat woman in a print dress holds out a licorice stick to a little girl.,2455.0
1665,209,1712420796003,66.0,"Later on, we cross Everson Creek and turn into the picnic grounds.",1686.0
1665,210,1712420797110,79.0,The creek runs under the bridge and into a large pond a few hundred yards away.,1107.0
1665,211,1712420798133,28.0,I can see the men out there.,1022.0
1665,212,1712420799031,33.0,I can see them out there fishing.,897.0
1665,213,1712420800973,31.0,So much water so close to home.,1941.0
1665,214,1712420802819,43.0,"I say, ""Why did you have to go miles away?""",1846.0
1665,215,1712420803625,25.0,"""Don't rile me,"" he says.",804.0
1665,216,1712420805253,29.0,We sit on a bench in the sun.,1628.0
1665,217,1712420807482,25.0,He opens us cans of beer.,2229.0
1665,218,1712420808301,25.0,"He says, ""Relax, Claire.""",819.0
1665,219,1712420809521,30.0,"""They said they were innocent.",1220.0
1665,220,1712420811043,27.0,"They said they were crazy.""",1522.0
1665,221,1712420812761,15.0,"He says, ""Who?""",1718.0
1665,222,1712420813923,38.0,"He says, ""What are you talking about?""",1161.0
1665,223,1712420815054,21.0,"""The Maddox brothers.",1130.0
1665,224,1712420818275,54.0,They killed a girl named Arlene Hubly where I grew up.,3221.0
1665,225,1712420821205,60.0,They cut off her head and threw her into the Cle Elum River.,2930.0
1665,226,1712420823049,31.0,"It happened when I was a girl.""",1843.0
1665,227,1712420825979,40.0,"""You're going to get me riled,"" he says.",2930.0
1665,228,1712420826603,20.0,I look at the creek.,624.0
1665,229,1712420829944,79.0,"I'm right in it, eyes open, face down, staring at the moss on the bottom, dead.",3340.0
1665,230,1712420831737,62.0,"""I don't know what's wrong with you,"" he says on the way home.",1792.0
1665,231,1712420833352,45.0,"""You're getting me more riled by the minute.""",1615.0
1665,232,1712420834509,34.0,There is nothing I can say to him.,1157.0
1665,233,1712420836120,36.0,He tries to concentrate on the road.,1611.0
1665,234,1712420837232,47.0,But he keeps looking into the rear-view mirror.,1112.0
1665,235,1712420838054,9.0,He knows.,822.0
1665,236,1712420838632,3.0,***,578.0
1665,237,1712420840878,52.0,Stuart believes he is letting me sleep this morning.,2246.0
1665,238,1712420842663,47.0,But I was awake long before the alarm went off.,1785.0
1665,239,1712420845298,74.0,"I was thinking, lying on the far side of the bed away from his hairy legs.",2635.0
1665,240,1712420848096,78.0,"He gets Dean off for school, and then he shaves, dresses, and leaves for work.",2798.0
1665,241,1712420849813,40.0,Twice he looks in and clears his throat.,1717.0
1665,242,1712420850912,26.0,But I keep my eyes closed.,1099.0
1665,243,1712420851960,38.0,In the kitchen I find a note from him.,1048.0
1665,244,1712420853372,19.0,"It's signed ""Love.""",1412.0
1665,245,1712420856990,74.0,I sit in the breakfast nook and drink coffee and leave a ring on the note.,3618.0
1665,246,1712420859535,67.0,I look at the newspaper and turn it this way and that on the table.,2545.0
1665,247,1712420860908,43.0,Then I skid it close and read what it says.,1373.0
1665,248,1712420862522,38.0,"The body has been identified, claimed.",1614.0
1665,249,1712420867805,155.0,"But it took some examining it, some putting things into it, some cutting, some weighing, some measuring, some putting things back again and sewing them in.",5283.0
1665,250,1712420869075,57.0,I sit for a long time holding the newspaper and thinking.,1269.0
1665,251,1712420870835,51.0,Then I call up to get a chair at the hairdresser's.,1760.0
1665,252,1712420871345,3.0,***,510.0
1665,253,1712420873740,75.0,I sit under the dryer with a magazine on my lap and let Marnie do my nails.,2395.0
1665,254,1712420875764,42.0,"""I am going to a funeral tomorrow,"" I say.",2023.0
1665,255,1712420876615,38.0,"""I'm sorry to hear that,"" Marnie says.",849.0
1665,256,1712420877492,25.0,"""It was a murder,"" I say.",877.0
1665,257,1712420878346,37.0,"""That's the worst kind,"" Marnie says.",853.0
1665,258,1712420879544,35.0,"""We weren't all that close,"" I say.",1198.0
1665,259,1712420880323,15.0,"""But you know?""",779.0
1665,260,1712420881891,45.0,"""We'll get you fixed up for it,"" Marnie says.",1568.0
1665,261,1712420886363,72.0,"That night I make my bed on the sofa, and in the morning I get up first.",4472.0
1665,262,1712420887846,50.0,I put on coffee and fix breakfast while he shaves.,1482.0
1665,263,1712420892798,76.0,"He appears in the kitchen doorway, towel over his bare shoulder, appraising.",4952.0
1665,264,1712420893667,23.0,"""Here's coffee,"" I say.",869.0
1665,265,1712420895085,31.0,"""Eggs'll be ready in a minute.”",1418.0
1665,266,1712420896692,37.0,"I wake Dean, and the three of us eat.",1606.0
1665,267,1712420899777,79.0,"Whenever Stuart looks at me, I ask Dean if he wants more milk, more toast, etc.",3085.0
1665,268,1712420902171,56.0,"""I'll call you today,"" Stuart says as he opens the door.",2394.0
1665,269,1712420904288,42.0,"I say, ""I don't think I'll be home today.""",2117.0
1665,270,1712420904867,21.0,"""All right,"" he says.",578.0
1665,271,1712420905514,7.0,"""Sure.""",647.0
1665,272,1712420906336,18.0,I dress carefully.,822.0
1665,273,1712420907604,48.0,I try on a hat and look at myself in the mirror.,1268.0
1665,274,1712420908493,28.0,I write out a note for Dean.,889.0
1665,275,1712420910612,69.0,"Honey, Mommy has things to do this afternoon, but will be back later.",2119.0
1665,276,1712420914195,61.0,You stay in or be in the backyard until one of us comes home.,3583.0
1665,277,1712420914808,11.0,"Love, Mommy",613.0
1665,278,1712420917576,48.0,I look at the word Love and then I underline it.,2767.0
1665,279,1712420920467,29.0,Then I see the word backyard.,2891.0
1665,280,1712420922195,22.0,Is it one word or two?,1727.0
1665,281,1712420922713,3.0,***,517.0
1665,282,1712420925706,121.0,"I drive through farm country, through fields of oats and sugar beets and past apple orchards, cattle grazing in pastures.",2993.0
1665,283,1712420927062,99.0,"Then everything changes, more like shacks than farmhouses and stands of timber instead of orchards.",1356.0
1665,284,1712420928458,78.0,"Then mountains, and on the right, far below, I sometimes see the Naches River.",1396.0
1665,285,1712420929391,64.0,A green pickup comes up behind me and stays behind me for miles.,933.0
1665,286,1712420930778,55.0,"I keep slowing at the wrong times, hoping he will pass.",1386.0
1665,287,1712420931555,16.0,Then I speed up.,776.0
1665,288,1712420932588,36.0,"But this is at the wrong times, too.",1033.0
1665,289,1712420933826,39.0,I grip the wheel until my fingers hurt.,1238.0
1665,290,1712420936471,37.0,On a long clear stretch he goes past.,2645.0
1665,291,1712420939401,73.0,"But he drives along beside for a bit, a crewcut man in a blue work shirt.",2929.0
1665,292,1712420940498,24.0,We look each other over.,1097.0
1665,293,1712420941695,53.0,"Then he waves, toots his horn, and pulls on up ahead.",1196.0
1665,294,1712420942845,29.0,I slow down and find a place.,1150.0
1665,295,1712420944223,35.0,I pull over and shut off the motor.,1378.0
1665,296,1712420946271,42.0,I can hear the river down below the trees.,2048.0
1665,297,1712420947565,35.0,Then I hear the pickup coming back.,1294.0
1665,298,1712420948743,41.0,I lock the doors and roll up the windows.,1176.0
1665,299,1712420949727,30.0,"""You all right?"" the man says.",984.0
1665,300,1712420950860,21.0,He raps on the glass.,1132.0
1665,301,1712420951478,11.0,"""You okay?""",617.0
1665,302,1712420953606,64.0,He leans his arms on the door and brings his face to the window.,2127.0
1665,303,1712420954394,15.0,I stare at him.,788.0
1665,304,1712420955370,30.0,I can't think what else to do.,976.0
1665,305,1712420956239,34.0,"""Is everything all right in there?",869.0
1665,306,1712420958031,31.0,"How come you're all locked up?""",1791.0
1665,307,1712420958807,16.0,I shake my head.,776.0
1665,308,1712420959615,24.0,"""Roll down your window.""",808.0
1665,309,1712420962378,64.0,He shakes his head and looks at the highway and then back at me.,2763.0
1665,310,1712420963197,19.0,"""Roll it down now.""",819.0
1665,311,1712420964265,32.0,"""Please,"" I say, ""I have to go.""",1068.0
1665,312,1712420965837,50.0,"""Open the door,"" he says as if he isn't listening.",1572.0
1665,313,1712420967849,33.0,"""You're going to choke in there.""",2011.0
1665,314,1712420969977,32.0,"He looks at my breasts, my legs.",2127.0
1665,315,1712420971742,34.0,I can tell that's what he's doing.,1764.0
1665,316,1712420972692,22.0,"""Hey, sugar,"" he says.",949.0
1665,317,1712420974232,31.0,"""I'm just here to help is all.""",1540.0
1665,318,1712420974745,3.0,***,513.0
1665,319,1712420977081,52.0,The casket is closed and covered with floral sprays.,2336.0
1665,320,1712420979171,45.0,The organ starts up the minute I take a seat.,2090.0
1665,321,1712420980739,40.0,People are coming in and finding chairs.,1568.0
1665,322,1712420982877,63.0,There's a boy in flared pants and a yellow short-sleeved shirt.,2138.0
1665,323,1712420984694,100.0,A door opens and the family comes in in a group and moves over to a curtained place off to one side.,1817.0
1665,324,1712420985755,39.0,Chairs creak as everybody gets settled.,1061.0
1665,325,1712420988592,83.0,"Directly, a nice blond man in a nice dark suit stands and asks us to bow our heads.",2836.0
1665,326,1712420990831,105.0,"He says a prayer for us, the living, and when he finishes, he says a prayer for the soul of the departed.",2239.0
1665,327,1712420991930,43.0,Along with the others I go past the casket.,1099.0
1665,328,1712420993467,66.0,Then I move out onto the front steps and into the afternoon light.,1537.0
1665,329,1712420997044,66.0,There's a woman who limps as she goes down the stairs ahead of me.,3577.0
1665,330,1712420997891,33.0,On the sidewalk she looks around.,847.0
1665,331,1712420999440,31.0,"""Well, they got him,"" she says.",1549.0
1665,332,1712421000718,27.0,"""If that's any consolation.",1278.0
1665,333,1712421001962,31.0,They arrested him this morning.,1244.0
1665,334,1712421003995,38.0,I heard it on the radio before I come.,2033.0
1665,335,1712421005233,26.0,"A boy right here in town.""",1238.0
1665,336,1712421015722,42.0,We move a few steps down the hot sidewalk.,10489.0
1665,337,1712421016702,25.0,People are starting cars.,980.0
1665,338,1712421017798,49.0,I put out my hand and hold on to a parking meter.,1096.0
1665,339,1712421018532,36.0,Polished hoods and polished fenders.,734.0
1665,340,1712421019185,14.0,My head swims.,652.0
1665,341,1712421020693,41.0,"I say, ""They have friends, these killers.",1507.0
1665,342,1712421021765,16.0,"You can't tell.""",1072.0
1665,343,1712421025477,70.0,"""I have known that child since she was a little girl,"" the woman says.",3712.0
1665,344,1712421027544,93.0,"""She used to come over and I'd bake cookies for her and let her eat them in front of the TV.""",2067.0
1665,345,1712421028633,3.0,***,1089.0
1665,346,1712421031936,76.0,"Back home, Stuart sits at the table with a drink of whiskey in front of him.",3303.0
1665,347,1712421033818,57.0,For a crazy instant I think something's happened to Dean.,1881.0
1665,348,1712421034583,14.0,"""Where is he?""",764.0
1665,349,1712421035093,6.0,I say.,510.0
1665,350,1712421035734,16.0,"""Where is Dean?""",641.0
1665,351,1712421036573,27.0,"""Outside,"" my husband says.",839.0
1665,352,1712421037709,34.0,He drains his glass and stands up.,1136.0
1665,353,1712421040265,40.0,"He says, ""I think I know what you need.""",2556.0
1665,354,1712421045267,138.0,He reaches an arm around my waist and with his other hand he begins to unbutton my jacket and then he goes on to the buttons of my blouse.,5002.0
1665,355,1712421046575,30.0,"""First things first,"" he says.",1307.0
1665,356,1712421047550,23.0,He says something else.,975.0
1665,357,1712421048945,27.0,But I don't need to listen.,1395.0
1665,358,1712421051071,46.0,I can't hear a thing with so much water going.,2126.0
1665,359,1712421051622,3.0,***,550.0
1667,94,1712420587495,3.0,***,1201.0
1667,95,1712420590686,37.0,My husband eats with a good appetite.,3191.0
1667,96,1712420593293,37.0,But I don't think he's really hungry.,2606.0
1667,97,1712420597318,69.0,"He chews, arms on the table, and stares at something across the room.",4025.0
1667,98,1712420601287,30.0,He looks at me and looks away.,3968.0
1667,99,1712420602981,33.0,He wipes his mouth on the napkin.,1694.0
1667,100,1712420604830,30.0,"He shrugs, and goes on eating.",1849.0
1667,101,1712420608910,42.0,"""What are you staring at me for?"" he says.",4080.0
1667,102,1712420611382,45.0,"""What is it?"" he says and lays down his fork.",2472.0
1667,103,1712420613382,42.0,"""Was I staring?"" I say, and shake my head.",1999.0
1667,104,1712420615013,20.0,The telephone rings.,1630.0
1667,105,1712420616925,27.0,"""Don't answer it,"" he says.",1912.0
1667,106,1712420618621,33.0,"""It might be your mother,"" I say.",1695.0
1667,107,1712420619894,25.0,"""Watch and see,"" he says.",1272.0
1667,108,1712420621414,34.0,I pick up the receiver and listen.,1520.0
1667,109,1712420622909,24.0,My husband stops eating.,1494.0
1667,110,1712420625126,46.0,"""What did I tell you?"" he says when I hang up.",2216.0
1667,111,1712420626357,23.0,He starts to eat again.,1231.0
1667,112,1712420628030,36.0,Then throws his napkin on his plate.,1671.0
1667,113,1712420630526,63.0,"He says, ""Goddamn it, why can't people mind their own business?",2496.0
1667,114,1712420633110,41.0,Tell me what I did wrong and I'll listen!,2584.0
1667,115,1712420635148,28.0,I wasn't the only man there.,2038.0
1667,116,1712420636973,37.0,We talked it over and we all decided.,1825.0
1667,117,1712420638798,29.0,We couldn't just turn around.,1823.0
1667,118,1712420642270,32.0,We were five miles from the car.,3472.0
1667,119,1712420644966,34.0,I won't have you passing judgment.,2695.0
1667,120,1712420646717,13.0,"Do you hear?""",1751.0
1667,121,1712420648038,18.0,"""You know,"" I say.",1321.0
1667,122,1712420651350,33.0,"He says, ""What do I know, Claire?",3312.0
1667,123,1712420652646,34.0,Tell me what I'm supposed to know.,1296.0
1667,124,1712420654446,40.0,"I don't know anything except one thing?""",1800.0
1667,125,1712420657502,48.0,He gives me what he thinks is a meaningful look.,3056.0
1667,126,1712420658926,24.0,"""She was dead,"" he says.",1424.0
1667,127,1712420660438,33.0,"""And I'm as sorry as anyone else.",1511.0
1667,128,1712420661549,18.0,"But she was dead.""",1111.0
1667,129,1712420662542,26.0,"""That's the point,"" I say.",993.0
1667,130,1712420663652,20.0,He raises his hands.,1110.0
1667,131,1712420665470,40.0,He pushes his chair away from the table.,1818.0
1667,132,1712420667607,72.0,He takes out his cigarettes and goes out to the back with a can of beer.,2137.0
1667,133,1712420671078,64.0,I see him sit in the lawn chair and pick up the newspaper again.,3471.0
1667,134,1712420672646,39.0,His name is in there on the first page.,1568.0
1667,135,1712420673622,36.0,Along with the names of his friends.,976.0
1667,136,1712420675854,40.0,I close my eyes and hold on to the sink.,2232.0
1667,137,1712420678094,74.0,Then I rake my arm across the drainboard and send the dishes to the floor.,2240.0
1667,138,1712420679134,16.0,He doesn't move.,1040.0
1667,139,1712420680334,18.0,I know he's heard.,1200.0
1667,140,1712420681566,40.0,He lifts his head as if still listening.,1232.0
1667,141,1712420682446,30.0,But he doesn't move otherwise.,880.0
1667,142,1712420683677,23.0,He doesn't turn around.,1231.0
1667,143,1712420684725,3.0,***,1048.0
1667,144,1712420688965,88.0,"He and Gordon Johnson and Mel Dorn and Vern Williams, they play poker and bowl and fish.",4240.0
1667,145,1712420691774,85.0,They fish every spring and early summer before visiting relatives can get in the way.,2808.0
1667,146,1712420694382,65.0,"They are decent men, family men, men who take care of their jobs.",2607.0
1667,147,1712420696349,65.0,"They have sons and daughters who go to school with our son, Dean.",1967.0
1667,148,1712420698949,55.0,Last Friday these family men left for the Naches River.,2600.0
1667,149,1712420700926,76.0,They parked the car in the mountains and hiked to where they wanted to fish.,1977.0
1667,150,1712420705694,76.0,"They carried their bedrolls, their food, their playing cards, their whiskey.",4767.0
1667,151,1712420707286,42.0,They saw the girl before they set up camp.,1592.0
1667,152,1712420708558,19.0,Mel Dorn found her.,1272.0
1667,153,1712420709565,25.0,No clothes on her at all.,1007.0
1667,154,1712420714582,64.0,She was wedged into some branches that stuck out over the water.,5016.0
1667,155,1712420715925,43.0,He called the others and they came to look.,1343.0
1667,156,1712420716862,29.0,They talked about what to do.,937.0
1667,157,1712420722526,82.0,One of the men - my Stuart didn't say which - said they should start back at once.,5664.0
1667,158,1712420724926,86.0,"The others stirred the sand with their shoes, said they didn't feel inclined that way.",2400.0
1667,159,1712420729590,82.0,"They pleaded fatigue, the late hour, the fact that the girl wasn't going anywhere.",4663.0
1667,160,1712420730901,47.0,In the end they went ahead and set up the camp.,1311.0
1667,161,1712420732358,42.0,They built a fire and drank their whiskey.,1457.0
1667,162,1712420733463,50.0,"When the moon came up, they talked about the girl.",1104.0
1667,163,1712420735853,59.0,Someone said they should -keep the body from drifting away.,2390.0
1667,164,1712420737205,55.0,They took their flashlights and went back to the river.,1352.0
1667,165,1712420739741,66.0,One of the men - it might have been Stuart - waded in and got her.,2536.0
1667,166,1712420741989,53.0,He took her by the fingers and pulled her into shore.,2248.0
1667,167,1712420744573,87.0,He got some nylon cord and tied it to her wrist and then looped the rest around a tree.,2584.0
1667,168,1712420747126,99.0,"The next morning they cooked breakfast, drank coffee, and drank whiskey, and then split up to fish.",2553.0
1667,169,1712420758678,182.0,"That night they cooked fish, cooked potatoes, drank coffee, drank whiskey, then took their cooking things and eating things back down to the river and washed them where the girl was.",11552.0
1667,170,1712420759732,32.0,They played some cards later on.,1054.0
1667,171,1712420761798,55.0,Maybe they played until they couldn't see them anymore.,2065.0
1667,172,1712420762756,28.0,Vern Williams went to sleep.,958.0
1667,173,1712420763807,28.0,But the others told stories.,1051.0
1667,174,1712420769094,100.0,Gordon Johnson said the trout they'd caught were hard because of the terrible coldness of the water.,5286.0
1667,175,1712420775445,154.0,"The next morning they got up late, drank whiskey, fished a little, took down their tents, rolled their sleeping bags, gathered their stuff, and hiked out.",6351.0
1667,176,1712420776757,41.0,They drove until they got to a telephone.,1312.0
1667,177,1712420783070,86.0,It was Stuart who made the call while the others stood around in the sun and listened.,6312.0
1667,178,1712420784949,32.0,He gave the sheriff their names.,1879.0
1667,179,1712420785829,25.0,They had nothing to hide.,880.0
1667,180,1712420786653,21.0,They weren't ashamed.,824.0
1667,181,1712420789997,100.0,They said they'd wait until someone could come for better directions and take down their statements.,3343.0
1667,182,1712420790573,3.0,***,576.0
1667,183,1712420791725,30.0,I was asleep when he got home.,1152.0
1667,184,1712420793181,46.0,But I woke up when I heard him in the kitchen.,1456.0
1667,185,1712420795542,64.0,I found him leaning against the refrigerator with a can of beer.,2360.0
1667,186,1712420799663,68.0,He put his heavy arms around me and rubbed his big hands on my back.,4121.0
1667,187,1712420802452,85.0,In bed he put his hands on me again and then waited as if thinking of something else.,2788.0
1667,188,1712420803278,28.0,I turned and opened my legs.,826.0
1667,189,1712420805093,36.0,"Afterwards, I think he stayed awake.",1815.0
1667,190,1712420807250,53.0,He was up that morning before I could get out of bed.,2157.0
1667,191,1712420809012,54.0,"To see if there was something in the paper, I suppose.",1762.0
1667,192,1712420810300,46.0,The telephone began ringing right after eight.,1288.0
1667,193,1712420811109,13.0,"""Go to hell!""",809.0
1667,194,1712420812053,18.0,I heard him shout.,944.0
1667,195,1712420812973,31.0,The telephone rang right again.,920.0
1667,196,1712420815005,59.0,"""I have nothing to add to what I already told the sheriff!""",2032.0
1667,197,1712420815957,29.0,He slammed the receiver down.,952.0
1667,198,1712420816773,27.0,"""What is going on?"" I said.",816.0
1667,199,1712420819173,49.0,It was then that he told me what I just told you.,2400.0
1667,200,1712420819901,3.0,***,727.0
1667,201,1712420821517,44.0,I sweep up the broken dishes and go outside.,1615.0
1667,202,1712420823837,85.0,"He is lying on his back on the grass now, the newspaper and can of beer within reach.",2320.0
1667,203,1712420825285,41.0,"""Stuart, could we go for a drive?"" I say.",1448.0
1667,204,1712420826645,30.0,He rolls over and looks at me.,1360.0
1667,205,1712420827828,37.0,"""We'll pick up some beer,"" he says...",1183.0
1667,206,1712420829581,62.0,He gets to his feet and touches me on the hip as he goes past.,1752.0
1667,207,1712420830452,28.0,"""Give me a minute,"" he says.",870.0
1667,208,1712420834124,39.0,We drive through town without speaking.,3672.0
1667,209,1712420835422,39.0,He stops at a roadside market for beer.,1298.0
1667,210,1712420837316,54.0,I notice a great stack of papers just inside the door.,1894.0
1667,211,1712420840228,89.0,On the top step a fat woman in a print dress holds out a licorice stick to a little girl.,2912.0
1667,212,1712420846053,66.0,"Later on, we cross Everson Creek and turn into the picnic grounds.",5825.0
1667,213,1712420849101,79.0,The creek runs under the bridge and into a large pond a few hundred yards away.,3047.0
1667,214,1712420850228,28.0,I can see the men out there.,1127.0
1667,215,1712420851501,33.0,I can see them out there fishing.,1273.0
1667,216,1712420852493,31.0,So much water so close to home.,992.0
1667,217,1712420855429,43.0,"I say, ""Why did you have to go miles away?""",2936.0
1667,218,1712420856341,25.0,"""Don't rile me,"" he says.",912.0
1667,219,1712420857949,29.0,We sit on a bench in the sun.,1607.0
1667,220,1712420858901,25.0,He opens us cans of beer.,952.0
1667,221,1712420860101,25.0,"He says, ""Relax, Claire.""",1200.0
1667,222,1712420862109,30.0,"""They said they were innocent.",2008.0
1667,223,1712420863261,27.0,"They said they were crazy.""",1152.0
1667,224,1712420863996,15.0,"He says, ""Who?""",735.0
1667,225,1712420866060,38.0,"He says, ""What are you talking about?""",2063.0
1667,226,1712420867398,21.0,"""The Maddox brothers.",1337.0
1667,227,1712420869941,54.0,They killed a girl named Arlene Hubly where I grew up.,2543.0
1667,228,1712420872205,60.0,They cut off her head and threw her into the Cle Elum River.,2264.0
1667,229,1712420873517,31.0,"It happened when I was a girl.""",1312.0
1667,230,1712420874901,40.0,"""You're going to get me riled,"" he says.",1384.0
1667,231,1712420875965,20.0,I look at the creek.,1064.0
1667,232,1712420879173,79.0,"I'm right in it, eyes open, face down, staring at the moss on the bottom, dead.",3208.0
1667,233,1712420882029,62.0,"""I don't know what's wrong with you,"" he says on the way home.",2856.0
1667,234,1712420883197,45.0,"""You're getting me more riled by the minute.""",1168.0
1667,235,1712420885348,34.0,There is nothing I can say to him.,2151.0
1667,236,1712420886525,36.0,He tries to concentrate on the road.,1177.0
1667,237,1712420888349,47.0,But he keeps looking into the rear-view mirror.,1824.0
1667,238,1712420889101,9.0,He knows.,752.0
1667,239,1712420889702,3.0,***,601.0
1667,240,1712420892252,52.0,Stuart believes he is letting me sleep this morning.,2550.0
1667,241,1712420893877,47.0,But I was awake long before the alarm went off.,1625.0
1667,242,1712420897692,74.0,"I was thinking, lying on the far side of the bed away from his hairy legs.",3815.0
1667,243,1712420901581,78.0,"He gets Dean off for school, and then he shaves, dresses, and leaves for work.",3889.0
1667,244,1712420904052,40.0,Twice he looks in and clears his throat.,2471.0
1667,245,1712420904781,26.0,But I keep my eyes closed.,729.0
1667,246,1712420906093,38.0,In the kitchen I find a note from him.,1312.0
1667,247,1712420907061,19.0,"It's signed ""Love.""",968.0
1667,248,1712420909445,74.0,I sit in the breakfast nook and drink coffee and leave a ring on the note.,2384.0
1667,249,1712420911757,67.0,I look at the newspaper and turn it this way and that on the table.,2312.0
1667,250,1712420913957,43.0,Then I skid it close and read what it says.,2200.0
1667,251,1712420915285,38.0,"The body has been identified, claimed.",1328.0
1667,252,1712420922686,155.0,"But it took some examining it, some putting things into it, some cutting, some weighing, some measuring, some putting things back again and sewing them in.",7401.0
1667,253,1712420923973,57.0,I sit for a long time holding the newspaper and thinking.,1287.0
1667,254,1712420926276,51.0,Then I call up to get a chair at the hairdresser's.,2303.0
1667,255,1712420927421,3.0,***,1145.0
1667,256,1712420931949,75.0,I sit under the dryer with a magazine on my lap and let Marnie do my nails.,4528.0
1667,257,1712420934246,42.0,"""I am going to a funeral tomorrow,"" I say.",2297.0
1667,258,1712420935277,38.0,"""I'm sorry to hear that,"" Marnie says.",1031.0
1667,259,1712420937541,25.0,"""It was a murder,"" I say.",2264.0
1667,260,1712420939805,37.0,"""That's the worst kind,"" Marnie says.",2264.0
1667,261,1712420942317,35.0,"""We weren't all that close,"" I say.",2511.0
1667,262,1712420943965,15.0,"""But you know?""",1648.0
1667,263,1712420946796,45.0,"""We'll get you fixed up for it,"" Marnie says.",2831.0
1667,264,1712420949132,72.0,"That night I make my bed on the sofa, and in the morning I get up first.",2336.0
1667,265,1712420950973,50.0,I put on coffee and fix breakfast while he shaves.,1841.0
1667,266,1712420953132,76.0,"He appears in the kitchen doorway, towel over his bare shoulder, appraising.",2159.0
1667,267,1712420954092,23.0,"""Here's coffee,"" I say.",960.0
1667,268,1712420955166,31.0,"""Eggs'll be ready in a minute.”",1074.0
1667,269,1712420956372,37.0,"I wake Dean, and the three of us eat.",1206.0
1667,270,1712420959021,79.0,"Whenever Stuart looks at me, I ask Dean if he wants more milk, more toast, etc.",2649.0
1667,271,1712420960573,56.0,"""I'll call you today,"" Stuart says as he opens the door.",1552.0
1667,272,1712420962325,42.0,"I say, ""I don't think I'll be home today.""",1752.0
1667,273,1712420963413,21.0,"""All right,"" he says.",1088.0
1667,274,1712420964245,7.0,"""Sure.""",832.0
1667,275,1712420965397,18.0,I dress carefully.,1152.0
1667,276,1712420966692,48.0,I try on a hat and look at myself in the mirror.,1295.0
1667,277,1712420967572,28.0,I write out a note for Dean.,880.0
1667,278,1712420969701,69.0,"Honey, Mommy has things to do this afternoon, but will be back later.",2129.0
1667,279,1712420973396,61.0,You stay in or be in the backyard until one of us comes home.,3695.0
1667,280,1712420974084,11.0,"Love, Mommy",688.0
1667,281,1712420976748,48.0,I look at the word Love and then I underline it.,2664.0
1667,282,1712420978572,29.0,Then I see the word backyard.,1824.0
1667,283,1712420979757,22.0,Is it one word or two?,1185.0
1667,284,1712420980772,3.0,***,1015.0
1667,285,1712420985868,121.0,"I drive through farm country, through fields of oats and sugar beets and past apple orchards, cattle grazing in pastures.",5096.0
1667,286,1712420995196,99.0,"Then everything changes, more like shacks than farmhouses and stands of timber instead of orchards.",9328.0
1667,287,1712420999548,78.0,"Then mountains, and on the right, far below, I sometimes see the Naches River.",4352.0
1667,288,1712421001693,64.0,A green pickup comes up behind me and stays behind me for miles.,2145.0
1667,289,1712421003924,55.0,"I keep slowing at the wrong times, hoping he will pass.",2231.0
1667,290,1712421004669,16.0,Then I speed up.,744.0
1667,291,1712421006109,36.0,"But this is at the wrong times, too.",1440.0
1667,292,1712421007212,39.0,I grip the wheel until my fingers hurt.,1103.0
1667,293,1712421008349,37.0,On a long clear stretch he goes past.,1137.0
1667,294,1712421012181,73.0,"But he drives along beside for a bit, a crewcut man in a blue work shirt.",3832.0
1667,295,1712421013133,24.0,We look each other over.,951.0
1667,296,1712421014741,53.0,"Then he waves, toots his horn, and pulls on up ahead.",1608.0
1667,297,1712421015892,29.0,I slow down and find a place.,1151.0
1667,298,1712421016741,35.0,I pull over and shut off the motor.,848.0
1667,299,1712421017957,42.0,I can hear the river down below the trees.,1216.0
1667,300,1712421019020,35.0,Then I hear the pickup coming back.,1063.0
1667,301,1712421020181,41.0,I lock the doors and roll up the windows.,1161.0
1667,302,1712421021037,30.0,"""You all right?"" the man says.",856.0
1667,303,1712421022076,21.0,He raps on the glass.,1039.0
1667,304,1712421022797,11.0,"""You okay?""",721.0
1667,305,1712421025413,64.0,He leans his arms on the door and brings his face to the window.,2616.0
1667,306,1712421026261,15.0,I stare at him.,848.0
1667,307,1712421027381,30.0,I can't think what else to do.,1120.0
1667,308,1712421028205,34.0,"""Is everything all right in there?",823.0
1667,309,1712421029573,31.0,"How come you're all locked up?""",1368.0
1667,310,1712421030389,16.0,I shake my head.,816.0
1667,311,1712421031260,24.0,"""Roll down your window.""",871.0
1667,312,1712421034533,64.0,He shakes his head and looks at the highway and then back at me.,3272.0
1667,313,1712421035305,19.0,"""Roll it down now.""",772.0
1667,314,1712421036483,32.0,"""Please,"" I say, ""I have to go.""",1178.0
1667,315,1712421038123,50.0,"""Open the door,"" he says as if he isn't listening.",1640.0
1667,316,1712421039388,33.0,"""You're going to choke in there.""",1265.0
1667,317,1712421041188,32.0,"He looks at my breasts, my legs.",1800.0
1667,318,1712421043013,34.0,I can tell that's what he's doing.,1825.0
1667,319,1712421043882,22.0,"""Hey, sugar,"" he says.",869.0
1667,320,1712421045581,31.0,"""I'm just here to help is all.""",1698.0
1667,321,1712421046252,3.0,***,671.0
1667,322,1712421048765,52.0,The casket is closed and covered with floral sprays.,2513.0
1667,323,1712421051028,45.0,The organ starts up the minute I take a seat.,2263.0
1667,324,1712421052629,40.0,People are coming in and finding chairs.,1601.0
1667,325,1712421054788,63.0,There's a boy in flared pants and a yellow short-sleeved shirt.,2159.0
1667,326,1712421058269,100.0,A door opens and the family comes in in a group and moves over to a curtained place off to one side.,3481.0
1667,327,1712421060125,39.0,Chairs creak as everybody gets settled.,1856.0
1667,328,1712421067821,83.0,"Directly, a nice blond man in a nice dark suit stands and asks us to bow our heads.",7696.0
1667,329,1712421073357,105.0,"He says a prayer for us, the living, and when he finishes, he says a prayer for the soul of the departed.",5536.0
1667,330,1712421076011,43.0,Along with the others I go past the casket.,2654.0
1667,331,1712421079595,66.0,Then I move out onto the front steps and into the afternoon light.,3583.0
1667,332,1712421081614,66.0,There's a woman who limps as she goes down the stairs ahead of me.,2019.0
1667,333,1712421082547,33.0,On the sidewalk she looks around.,933.0
1667,334,1712421084045,31.0,"""Well, they got him,"" she says.",1497.0
1667,335,1712421084900,27.0,"""If that's any consolation.",855.0
1667,336,1712421085708,31.0,They arrested him this morning.,808.0
1667,337,1712421086660,38.0,I heard it on the radio before I come.,952.0
1667,338,1712421087812,26.0,"A boy right here in town.""",1152.0
1667,339,1712421089444,42.0,We move a few steps down the hot sidewalk.,1632.0
1667,340,1712421090251,25.0,People are starting cars.,807.0
1667,341,1712421092828,49.0,I put out my hand and hold on to a parking meter.,2577.0
1667,342,1712421094699,36.0,Polished hoods and polished fenders.,1871.0
1667,343,1712421095611,14.0,My head swims.,912.0
1667,344,1712421096996,41.0,"I say, ""They have friends, these killers.",1385.0
1667,345,1712421097780,16.0,"You can't tell.""",784.0
1667,346,1712421101051,70.0,"""I have known that child since she was a little girl,"" the woman says.",3271.0
1667,347,1712421103459,93.0,"""She used to come over and I'd bake cookies for her and let her eat them in front of the TV.""",2408.0
1667,348,1712421104156,3.0,***,697.0
1667,349,1712421106956,76.0,"Back home, Stuart sits at the table with a drink of whiskey in front of him.",2800.0
1667,350,1712421109204,57.0,For a crazy instant I think something's happened to Dean.,2247.0
1667,351,1712421109932,14.0,"""Where is he?""",728.0
1667,352,1712421111026,6.0,I say.,1094.0
1667,353,1712421111836,16.0,"""Where is Dean?""",810.0
1667,354,1712421112636,27.0,"""Outside,"" my husband says.",800.0
1667,355,1712421114588,34.0,He drains his glass and stands up.,1952.0
1667,356,1712421117460,40.0,"He says, ""I think I know what you need.""",2872.0
1667,357,1712421121676,138.0,He reaches an arm around my waist and with his other hand he begins to unbutton my jacket and then he goes on to the buttons of my blouse.,4215.0
1667,358,1712421122538,30.0,"""First things first,"" he says.",860.0
1667,359,1712421123451,23.0,He says something else.,913.0
1667,360,1712421124668,27.0,But I don't need to listen.,1217.0
1667,361,1712421127243,46.0,I can't hear a thing with so much water going.,2575.0
1667,362,1712421127796,3.0,***,553.0
1610,106,1712428251584,3.0,***,2504.0
1610,107,1712428256753,37.0,My husband eats with a good appetite.,5169.0
1610,108,1712428259964,37.0,But I don't think he's really hungry.,3210.0
1610,109,1712428265524,69.0,"He chews, arms on the table, and stares at something across the room.",5559.0
1610,110,1712428269500,30.0,He looks at me and looks away.,3976.0
1610,111,1712428271775,33.0,He wipes his mouth on the napkin.,2275.0
1610,112,1712428273908,30.0,"He shrugs, and goes on eating.",2133.0
1610,113,1712428277672,42.0,"""What are you staring at me for?"" he says.",3764.0
1610,114,1712428281669,45.0,"""What is it?"" he says and lays down his fork.",3997.0
1610,115,1712428284382,42.0,"""Was I staring?"" I say, and shake my head.",2712.0
1610,116,1712428285501,20.0,The telephone rings.,1118.0
1610,117,1712428287598,27.0,"""Don't answer it,"" he says.",2097.0
1610,118,1712428289347,33.0,"""It might be your mother,"" I say.",1749.0
1610,119,1712428291402,25.0,"""Watch and see,"" he says.",2055.0
1610,120,1712428292639,34.0,I pick up the receiver and listen.,1237.0
1610,121,1712428293976,24.0,My husband stops eating.,1337.0
1610,122,1712428298275,46.0,"""What did I tell you?"" he says when I hang up.",4299.0
1610,123,1712428300513,23.0,He starts to eat again.,2238.0
1610,124,1712428307228,36.0,Then throws his napkin on his plate.,6715.0
1610,125,1712428311799,63.0,"He says, ""Goddamn it, why can't people mind their own business?",4570.0
1610,126,1712428314490,41.0,Tell me what I did wrong and I'll listen!,2690.0
1610,127,1712428320564,28.0,I wasn't the only man there.,6074.0
1610,128,1712428325639,37.0,We talked it over and we all decided.,5075.0
1610,129,1712428328270,29.0,We couldn't just turn around.,2631.0
1610,130,1712428332695,32.0,We were five miles from the car.,4425.0
1610,131,1712428337519,34.0,I won't have you passing judgment.,4823.0
1610,132,1712428339216,13.0,"Do you hear?""",1697.0
1610,133,1712428342210,18.0,"""You know,"" I say.",2993.0
1610,134,1712428345885,33.0,"He says, ""What do I know, Claire?",3675.0
1610,135,1712428347594,34.0,Tell me what I'm supposed to know.,1709.0
1610,136,1712428351613,40.0,"I don't know anything except one thing?""",4019.0
1610,137,1712428353751,48.0,He gives me what he thinks is a meaningful look.,2138.0
1610,138,1712428357598,24.0,"""She was dead,"" he says.",3847.0
1610,139,1712428360869,33.0,"""And I'm as sorry as anyone else.",3270.0
1610,140,1712428362200,18.0,"But she was dead.""",1331.0
1610,141,1712428363919,26.0,"""That's the point,"" I say.",1719.0
1610,142,1712428365083,20.0,He raises his hands.,1164.0
1610,143,1712428366645,40.0,He pushes his chair away from the table.,1562.0
1610,144,1712428369130,72.0,He takes out his cigarettes and goes out to the back with a can of beer.,2485.0
1610,145,1712428373298,64.0,I see him sit in the lawn chair and pick up the newspaper again.,4168.0
1610,146,1712428378016,39.0,His name is in there on the first page.,4718.0
1610,147,1712428379487,36.0,Along with the names of his friends.,1470.0
1610,148,1712428383230,40.0,I close my eyes and hold on to the sink.,3743.0
1610,149,1712428387468,74.0,Then I rake my arm across the drainboard and send the dishes to the floor.,4238.0
1610,150,1712428388628,16.0,He doesn't move.,1160.0
1610,151,1712428390669,18.0,I know he's heard.,2041.0
1610,152,1712428396412,40.0,He lifts his head as if still listening.,5743.0
1610,153,1712428397692,30.0,But he doesn't move otherwise.,1279.0
1610,154,1712428398765,23.0,He doesn't turn around.,1073.0
1610,155,1712428400061,3.0,***,1296.0
1610,156,1712428426899,88.0,"He and Gordon Johnson and Mel Dorn and Vern Williams, they play poker and bowl and fish.",26838.0
1610,157,1712428435407,85.0,They fish every spring and early summer before visiting relatives can get in the way.,8508.0
1610,158,1712428438957,65.0,"They are decent men, family men, men who take care of their jobs.",3550.0
1610,159,1712428444183,65.0,"They have sons and daughters who go to school with our son, Dean.",5226.0
1610,160,1712428449399,55.0,Last Friday these family men left for the Naches River.,5216.0
1610,161,1712428453238,76.0,They parked the car in the mountains and hiked to where they wanted to fish.,3839.0
1610,162,1712428457804,76.0,"They carried their bedrolls, their food, their playing cards, their whiskey.",4566.0
1610,163,1712428467174,42.0,They saw the girl before they set up camp.,9369.0
1610,164,1712428472289,19.0,Mel Dorn found her.,5114.0
1610,165,1712428474949,25.0,No clothes on her at all.,2660.0
1610,166,1712428479345,64.0,She was wedged into some branches that stuck out over the water.,4395.0
1610,167,1712428481607,43.0,He called the others and they came to look.,2262.0
1610,168,1712428489428,29.0,They talked about what to do.,7821.0
1610,169,1712428519483,82.0,One of the men - my Stuart didn't say which - said they should start back at once.,30055.0
1610,170,1712428524009,86.0,"The others stirred the sand with their shoes, said they didn't feel inclined that way.",4526.0
1610,171,1712428528451,82.0,"They pleaded fatigue, the late hour, the fact that the girl wasn't going anywhere.",4441.0
1610,172,1712428531951,47.0,In the end they went ahead and set up the camp.,3500.0
1610,173,1712428534232,42.0,They built a fire and drank their whiskey.,2281.0
1610,174,1712428538698,50.0,"When the moon came up, they talked about the girl.",4466.0
1610,175,1712428542614,59.0,Someone said they should -keep the body from drifting away.,3916.0
1610,176,1712428545652,55.0,They took their flashlights and went back to the river.,3037.0
1610,177,1712428549127,66.0,One of the men - it might have been Stuart - waded in and got her.,3474.0
1610,178,1712428553783,53.0,He took her by the fingers and pulled her into shore.,4655.0
1610,179,1712428561000,87.0,He got some nylon cord and tied it to her wrist and then looped the rest around a tree.,7216.0
1610,180,1712428572096,99.0,"The next morning they cooked breakfast, drank coffee, and drank whiskey, and then split up to fish.",11096.0
1610,181,1712428593592,182.0,"That night they cooked fish, cooked potatoes, drank coffee, drank whiskey, then took their cooking things and eating things back down to the river and washed them where the girl was.",21496.0
1610,182,1712428595155,32.0,They played some cards later on.,1563.0
1610,183,1712428598930,55.0,Maybe they played until they couldn't see them anymore.,3775.0
1610,184,1712428602186,28.0,Vern Williams went to sleep.,3256.0
1610,185,1712428604731,28.0,But the others told stories.,2545.0
1610,186,1712428612507,100.0,Gordon Johnson said the trout they'd caught were hard because of the terrible coldness of the water.,7776.0
1610,187,1712428625863,154.0,"The next morning they got up late, drank whiskey, fished a little, took down their tents, rolled their sleeping bags, gathered their stuff, and hiked out.",13356.0
1610,188,1712428629617,41.0,They drove until they got to a telephone.,3754.0
1610,189,1712428635418,86.0,It was Stuart who made the call while the others stood around in the sun and listened.,5801.0
1610,190,1712428637157,32.0,He gave the sheriff their names.,1739.0
1610,191,1712428639243,25.0,They had nothing to hide.,2086.0
1610,192,1712428640806,21.0,They weren't ashamed.,1563.0
1610,193,1712428648130,100.0,They said they'd wait until someone could come for better directions and take down their statements.,7324.0
1610,194,1712428649793,3.0,***,1663.0
1610,195,1712428652710,30.0,I was asleep when he got home.,2917.0
1610,196,1712428655406,46.0,But I woke up when I heard him in the kitchen.,2696.0
1610,197,1712428657751,64.0,I found him leaning against the refrigerator with a can of beer.,2345.0
1610,198,1712428662630,68.0,He put his heavy arms around me and rubbed his big hands on my back.,4879.0
1610,199,1712428677505,85.0,In bed he put his hands on me again and then waited as if thinking of something else.,14875.0
1610,200,1712428683932,28.0,I turned and opened my legs.,6426.0
1610,201,1712428686617,36.0,"Afterwards, I think he stayed awake.",2685.0
1610,202,1712428690750,53.0,He was up that morning before I could get out of bed.,4133.0
1610,203,1712428694626,54.0,"To see if there was something in the paper, I suppose.",3875.0
1610,204,1712428698981,46.0,The telephone began ringing right after eight.,4355.0
1610,205,1712428701000,13.0,"""Go to hell!""",2019.0
1610,206,1712428703370,18.0,I heard him shout.,2370.0
1610,207,1712428707915,31.0,The telephone rang right again.,4545.0
1610,208,1712428711141,59.0,"""I have nothing to add to what I already told the sheriff!""",3226.0
1610,209,1712428712390,29.0,He slammed the receiver down.,1249.0
1610,210,1712428713469,27.0,"""What is going on?"" I said.",1079.0
1610,211,1712428717334,49.0,It was then that he told me what I just told you.,3865.0
1610,212,1712428718524,3.0,***,1189.0
1610,213,1712428721175,44.0,I sweep up the broken dishes and go outside.,2651.0
1610,214,1712428725658,85.0,"He is lying on his back on the grass now, the newspaper and can of beer within reach.",4482.0
1610,215,1712428727833,41.0,"""Stuart, could we go for a drive?"" I say.",2175.0
1610,216,1712428729173,30.0,He rolls over and looks at me.,1340.0
1610,217,1712428732595,37.0,"""We'll pick up some beer,"" he says...",3422.0
1610,218,1712428735675,62.0,He gets to his feet and touches me on the hip as he goes past.,3079.0
1610,219,1712428737360,28.0,"""Give me a minute,"" he says.",1685.0
1610,220,1712428739837,39.0,We drive through town without speaking.,2477.0
1610,221,1712428742297,39.0,He stops at a roadside market for beer.,2459.0
1610,222,1712428745350,54.0,I notice a great stack of papers just inside the door.,3053.0
1610,223,1712428753366,89.0,On the top step a fat woman in a print dress holds out a licorice stick to a little girl.,8015.0
1610,224,1712428770914,66.0,"Later on, we cross Everson Creek and turn into the picnic grounds.",17548.0
1610,225,1712428776622,79.0,The creek runs under the bridge and into a large pond a few hundred yards away.,5708.0
1610,226,1712428778769,28.0,I can see the men out there.,2146.0
1610,227,1712428780278,33.0,I can see them out there fishing.,1508.0
1610,228,1712428783166,31.0,So much water so close to home.,2888.0
1610,229,1712428787207,43.0,"I say, ""Why did you have to go miles away?""",4040.0
1610,230,1712428789122,25.0,"""Don't rile me,"" he says.",1915.0
1610,231,1712428790700,29.0,We sit on a bench in the sun.,1577.0
1610,232,1712428792866,25.0,He opens us cans of beer.,2165.0
1610,233,1712428794269,25.0,"He says, ""Relax, Claire.""",1403.0
1610,234,1712428796788,30.0,"""They said they were innocent.",2519.0
1610,235,1712428798641,27.0,"They said they were crazy.""",1853.0
1610,236,1712428801544,15.0,"He says, ""Who?""",2903.0
1610,237,1712428803554,38.0,"He says, ""What are you talking about?""",2010.0
1610,238,1712428805202,21.0,"""The Maddox brothers.",1648.0
1610,239,1712428810394,54.0,They killed a girl named Arlene Hubly where I grew up.,5192.0
1610,240,1712428819521,60.0,They cut off her head and threw her into the Cle Elum River.,9127.0
1610,241,1712428821100,31.0,"It happened when I was a girl.""",1579.0
1610,242,1712428823058,40.0,"""You're going to get me riled,"" he says.",1958.0
1610,243,1712428826051,20.0,I look at the creek.,2992.0
1610,244,1712428839559,79.0,"I'm right in it, eyes open, face down, staring at the moss on the bottom, dead.",13507.0
1610,245,1712428842864,62.0,"""I don't know what's wrong with you,"" he says on the way home.",3305.0
1610,246,1712428845263,45.0,"""You're getting me more riled by the minute.""",2399.0
1610,247,1712428847506,34.0,There is nothing I can say to him.,2242.0
1610,248,1712428849416,36.0,He tries to concentrate on the road.,1910.0
1610,249,1712428851044,47.0,But he keeps looking into the rear-view mirror.,1628.0
1610,250,1712428852116,9.0,He knows.,1072.0
1610,251,1712428853338,3.0,***,1220.0
1610,252,1712428856382,52.0,Stuart believes he is letting me sleep this morning.,3044.0
1610,253,1712428858633,47.0,But I was awake long before the alarm went off.,2251.0
1610,254,1712428863498,74.0,"I was thinking, lying on the far side of the bed away from his hairy legs.",4864.0
1610,255,1712428867742,78.0,"He gets Dean off for school, and then he shaves, dresses, and leaves for work.",4243.0
1610,256,1712428870424,40.0,Twice he looks in and clears his throat.,2682.0
1610,257,1712428872465,26.0,But I keep my eyes closed.,2041.0
1610,258,1712428875818,38.0,In the kitchen I find a note from him.,3353.0
1610,259,1712428877288,19.0,"It's signed ""Love.""",1470.0
1610,260,1712428881804,74.0,I sit in the breakfast nook and drink coffee and leave a ring on the note.,4516.0
1610,261,1712428888650,67.0,I look at the newspaper and turn it this way and that on the table.,6846.0
1610,262,1712428891639,43.0,Then I skid it close and read what it says.,2989.0
1610,263,1712428893102,38.0,"The body has been identified, claimed.",1463.0
1610,264,1712428904962,155.0,"But it took some examining it, some putting things into it, some cutting, some weighing, some measuring, some putting things back again and sewing them in.",11860.0
1610,265,1712428907427,57.0,I sit for a long time holding the newspaper and thinking.,2465.0
1610,266,1712428911651,51.0,Then I call up to get a chair at the hairdresser's.,4224.0
1610,267,1712428912658,3.0,***,1007.0
1610,268,1712428916005,75.0,I sit under the dryer with a magazine on my lap and let Marnie do my nails.,3347.0
1610,269,1712428918148,42.0,"""I am going to a funeral tomorrow,"" I say.",2142.0
1610,270,1712428920325,38.0,"""I'm sorry to hear that,"" Marnie says.",2177.0
1610,271,1712428922310,25.0,"""It was a murder,"" I say.",1985.0
1610,272,1712428923907,37.0,"""That's the worst kind,"" Marnie says.",1597.0
1610,273,1712428926128,35.0,"""We weren't all that close,"" I say.",2221.0
1610,274,1712428928416,15.0,"""But you know?""",2288.0
1610,275,1712428932609,45.0,"""We'll get you fixed up for it,"" Marnie says.",4192.0
1610,276,1712428937224,72.0,"That night I make my bed on the sofa, and in the morning I get up first.",4614.0
1610,277,1712428948217,50.0,I put on coffee and fix breakfast while he shaves.,10993.0
1610,278,1712428953928,76.0,"He appears in the kitchen doorway, towel over his bare shoulder, appraising.",5711.0
1610,279,1712428960094,23.0,"""Here's coffee,"" I say.",6166.0
1610,280,1712428961450,31.0,"""Eggs'll be ready in a minute.”",1355.0
1610,281,1712428963627,37.0,"I wake Dean, and the three of us eat.",2177.0
1610,282,1712428967387,79.0,"Whenever Stuart looks at me, I ask Dean if he wants more milk, more toast, etc.",3760.0
1610,283,1712428970497,56.0,"""I'll call you today,"" Stuart says as he opens the door.",3110.0
1610,284,1712428973057,42.0,"I say, ""I don't think I'll be home today.""",2560.0
1610,285,1712428974352,21.0,"""All right,"" he says.",1295.0
1610,286,1712428975340,7.0,"""Sure.""",988.0
1610,287,1712428976394,18.0,I dress carefully.,1054.0
1610,288,1712428978571,48.0,I try on a hat and look at myself in the mirror.,2177.0
1610,289,1712428980487,28.0,I write out a note for Dean.,1916.0
1610,290,1712428984647,69.0,"Honey, Mommy has things to do this afternoon, but will be back later.",4160.0
1610,291,1712428989612,61.0,You stay in or be in the backyard until one of us comes home.,4965.0
1610,292,1712428990668,11.0,"Love, Mommy",1055.0
1610,293,1712428995638,48.0,I look at the word Love and then I underline it.,4969.0
1610,294,1712429001842,29.0,Then I see the word backyard.,6204.0
1610,295,1712429005259,22.0,Is it one word or two?,3417.0
1610,296,1712429006862,3.0,***,1602.0
1610,297,1712429015586,121.0,"I drive through farm country, through fields of oats and sugar beets and past apple orchards, cattle grazing in pastures.",8723.0
1610,298,1712429028304,99.0,"Then everything changes, more like shacks than farmhouses and stands of timber instead of orchards.",12717.0
1610,299,1712429036025,78.0,"Then mountains, and on the right, far below, I sometimes see the Naches River.",7721.0
1610,300,1712429039634,64.0,A green pickup comes up behind me and stays behind me for miles.,3609.0
1610,301,1712429042555,55.0,"I keep slowing at the wrong times, hoping he will pass.",2920.0
1610,302,1712429044048,16.0,Then I speed up.,1493.0
1610,303,1712429045974,36.0,"But this is at the wrong times, too.",1926.0
1610,304,1712429047712,39.0,I grip the wheel until my fingers hurt.,1737.0
1610,305,1712429050217,37.0,On a long clear stretch he goes past.,2505.0
1610,306,1712429054008,73.0,"But he drives along beside for a bit, a crewcut man in a blue work shirt.",3791.0
1610,307,1712429055200,24.0,We look each other over.,1192.0
1610,308,1712429058585,53.0,"Then he waves, toots his horn, and pulls on up ahead.",3385.0
1610,309,1712429060903,29.0,I slow down and find a place.,2318.0
1610,310,1712429062641,35.0,I pull over and shut off the motor.,1738.0
1610,311,1712429065202,42.0,I can hear the river down below the trees.,2561.0
1610,312,1712429066875,35.0,Then I hear the pickup coming back.,1673.0
1610,313,1712429068603,41.0,I lock the doors and roll up the windows.,1727.0
1610,314,1712429070984,30.0,"""You all right?"" the man says.",2379.0
1610,315,1712429072211,21.0,He raps on the glass.,1227.0
1610,316,1712429073100,11.0,"""You okay?""",889.0
1610,317,1712429076426,64.0,He leans his arms on the door and brings his face to the window.,3326.0
1610,318,1712429077440,15.0,I stare at him.,1013.0
1610,319,1712429079008,30.0,I can't think what else to do.,1567.0
1610,320,1712429080268,34.0,"""Is everything all right in there?",1260.0
1610,321,1712429082450,31.0,"How come you're all locked up?""",2181.0
1610,322,1712429083357,16.0,I shake my head.,907.0
1610,323,1712429084541,24.0,"""Roll down your window.""",1184.0
1610,324,1712429088282,64.0,He shakes his head and looks at the highway and then back at me.,3741.0
1610,325,1712429089621,19.0,"""Roll it down now.""",1339.0
1610,326,1712429091883,32.0,"""Please,"" I say, ""I have to go.""",2261.0
1610,327,1712429096039,50.0,"""Open the door,"" he says as if he isn't listening.",4154.0
1610,328,1712429100748,33.0,"""You're going to choke in there.""",4709.0
1610,329,1712429104103,32.0,"He looks at my breasts, my legs.",3355.0
1610,330,1712429106104,34.0,I can tell that's what he's doing.,2001.0
1610,331,1712429108066,22.0,"""Hey, sugar,"" he says.",1962.0
1610,332,1712429110434,31.0,"""I'm just here to help is all.""",2368.0
1610,333,1712429111629,3.0,***,1194.0
1610,334,1712429114300,52.0,The casket is closed and covered with floral sprays.,2671.0
1610,335,1712429120102,45.0,The organ starts up the minute I take a seat.,5802.0
1610,336,1712429122374,40.0,People are coming in and finding chairs.,2272.0
1610,337,1712429128229,63.0,There's a boy in flared pants and a yellow short-sleeved shirt.,5854.0
1610,338,1712429135463,100.0,A door opens and the family comes in in a group and moves over to a curtained place off to one side.,7234.0
1610,339,1712429137266,39.0,Chairs creak as everybody gets settled.,1803.0
1610,340,1712429142524,83.0,"Directly, a nice blond man in a nice dark suit stands and asks us to bow our heads.",5258.0
1610,341,1712429148148,105.0,"He says a prayer for us, the living, and when he finishes, he says a prayer for the soul of the departed.",5624.0
1610,342,1712429151002,43.0,Along with the others I go past the casket.,2854.0
1610,343,1712429153905,66.0,Then I move out onto the front steps and into the afternoon light.,2903.0
1610,344,1712429157463,66.0,There's a woman who limps as she goes down the stairs ahead of me.,3558.0
1610,345,1712429158890,33.0,On the sidewalk she looks around.,1427.0
1610,346,1712429160869,31.0,"""Well, they got him,"" she says.",1979.0
1610,347,1712429162520,27.0,"""If that's any consolation.",1651.0
1610,348,1712429163870,31.0,They arrested him this morning.,1350.0
1610,349,1712429165620,38.0,I heard it on the radio before I come.,1750.0
1610,350,1712429168131,26.0,"A boy right here in town.""",2511.0
1610,351,1712429170566,42.0,We move a few steps down the hot sidewalk.,2435.0
1610,352,1712429171976,25.0,People are starting cars.,1410.0
1610,353,1712429175444,49.0,I put out my hand and hold on to a parking meter.,3468.0
1610,354,1712429177249,36.0,Polished hoods and polished fenders.,1804.0
1610,355,1712429178299,14.0,My head swims.,1050.0
1610,356,1712429182113,41.0,"I say, ""They have friends, these killers.",3814.0
1610,357,1712429183712,16.0,"You can't tell.""",1598.0
1610,358,1712429187515,70.0,"""I have known that child since she was a little girl,"" the woman says.",3803.0
1610,359,1712429192027,93.0,"""She used to come over and I'd bake cookies for her and let her eat them in front of the TV.""",4512.0
1610,360,1712429193323,3.0,***,1296.0
1610,361,1712429196943,76.0,"Back home, Stuart sits at the table with a drink of whiskey in front of him.",3620.0
1610,362,1712429201012,57.0,For a crazy instant I think something's happened to Dean.,4069.0
1610,363,1712429202252,14.0,"""Where is he?""",1240.0
1610,364,1712429203211,6.0,I say.,959.0
1610,365,1712429204940,16.0,"""Where is Dean?""",1729.0
1610,366,1712429206079,27.0,"""Outside,"" my husband says.",1139.0
1610,367,1712429208030,34.0,He drains his glass and stands up.,1951.0
1610,368,1712429211064,40.0,"He says, ""I think I know what you need.""",3033.0
1610,369,1712429220987,138.0,He reaches an arm around my waist and with his other hand he begins to unbutton my jacket and then he goes on to the buttons of my blouse.,9923.0
1610,370,1712429222633,30.0,"""First things first,"" he says.",1645.0
1610,371,1712429224750,23.0,He says something else.,2117.0
1610,372,1712429226246,27.0,But I don't need to listen.,1496.0
1610,373,1712429228973,46.0,I can't hear a thing with so much water going.,2727.0
1610,374,1712429230465,3.0,***,1492.0
1648,101,1712597287638,3.0,***,4075.0
1648,102,1712597290646,37.0,My husband eats with a good appetite.,3008.0
1648,103,1712597293849,37.0,But I don't think he's really hungry.,3203.0
1648,104,1712597298007,69.0,"He chews, arms on the table, and stares at something across the room.",4158.0
1648,105,1712597299659,30.0,He looks at me and looks away.,1651.0
1648,106,1712597301333,33.0,He wipes his mouth on the napkin.,1674.0
1648,107,1712597303082,30.0,"He shrugs, and goes on eating.",1748.0
1648,108,1712597306548,42.0,"""What are you staring at me for?"" he says.",3465.0
1648,109,1712597308793,45.0,"""What is it?"" he says and lays down his fork.",2245.0
1648,110,1712597311310,42.0,"""Was I staring?"" I say, and shake my head.",2517.0
1648,111,1712597312358,20.0,The telephone rings.,1048.0
1648,112,1712597313444,27.0,"""Don't answer it,"" he says.",1085.0
1648,113,1712597314793,33.0,"""It might be your mother,"" I say.",1349.0
1648,114,1712597316899,25.0,"""Watch and see,"" he says.",2106.0
1648,115,1712597318893,34.0,I pick up the receiver and listen.,1994.0
1648,116,1712597320393,24.0,My husband stops eating.,1500.0
1648,117,1712597322799,46.0,"""What did I tell you?"" he says when I hang up.",2406.0
1648,118,1712597324032,23.0,He starts to eat again.,1232.0
1648,119,1712597326046,36.0,Then throws his napkin on his plate.,2014.0
1648,120,1712597329035,63.0,"He says, ""Goddamn it, why can't people mind their own business?",2989.0
1648,121,1712597331345,41.0,Tell me what I did wrong and I'll listen!,2310.0
1648,122,1712597335021,28.0,I wasn't the only man there.,3676.0
1648,123,1712597338955,37.0,We talked it over and we all decided.,3934.0
1648,124,1712597341381,29.0,We couldn't just turn around.,2426.0
1648,125,1712597343550,32.0,We were five miles from the car.,2169.0
1648,126,1712597346356,34.0,I won't have you passing judgment.,2806.0
1648,127,1712597347629,13.0,"Do you hear?""",1273.0
1648,128,1712597351302,18.0,"""You know,"" I say.",3672.0
1648,129,1712597355085,33.0,"He says, ""What do I know, Claire?",3783.0
1648,130,1712597356923,34.0,Tell me what I'm supposed to know.,1837.0
1648,131,1712597358973,40.0,"I don't know anything except one thing?""",2050.0
1648,132,1712597361936,48.0,He gives me what he thinks is a meaningful look.,2962.0
1648,133,1712597364329,24.0,"""She was dead,"" he says.",2393.0
1648,134,1712597366221,33.0,"""And I'm as sorry as anyone else.",1892.0
1648,135,1712597367369,18.0,"But she was dead.""",1148.0
1648,136,1712597368878,26.0,"""That's the point,"" I say.",1507.0
1648,137,1712597370306,20.0,He raises his hands.,1428.0
1648,138,1712597372014,40.0,He pushes his chair away from the table.,1707.0
1648,139,1712597375349,72.0,He takes out his cigarettes and goes out to the back with a can of beer.,3335.0
1648,140,1712597378245,64.0,I see him sit in the lawn chair and pick up the newspaper again.,2896.0
1648,141,1712597380277,39.0,His name is in there on the first page.,2032.0
1648,142,1712597381985,36.0,Along with the names of his friends.,1708.0
1648,143,1712597383886,40.0,I close my eyes and hold on to the sink.,1901.0
1648,144,1712597387948,74.0,Then I rake my arm across the drainboard and send the dishes to the floor.,4062.0
1648,145,1712597389319,16.0,He doesn't move.,1370.0
1648,146,1712597390609,18.0,I know he's heard.,1290.0
1648,147,1712597393106,40.0,He lifts his head as if still listening.,2497.0
1648,148,1712597394633,30.0,But he doesn't move otherwise.,1527.0
1648,149,1712597395664,23.0,He doesn't turn around.,1030.0
1648,150,1712597397120,3.0,***,1456.0
1648,151,1712597403991,88.0,"He and Gordon Johnson and Mel Dorn and Vern Williams, they play poker and bowl and fish.",6871.0
1648,152,1712597412424,85.0,They fish every spring and early summer before visiting relatives can get in the way.,8433.0
1648,153,1712597415415,65.0,"They are decent men, family men, men who take care of their jobs.",2990.0
1648,154,1712597418530,65.0,"They have sons and daughters who go to school with our son, Dean.",3115.0
1648,155,1712597421413,55.0,Last Friday these family men left for the Naches River.,2883.0
1648,156,1712597424301,76.0,They parked the car in the mountains and hiked to where they wanted to fish.,2888.0
1648,157,1712597426898,76.0,"They carried their bedrolls, their food, their playing cards, their whiskey.",2596.0
1648,158,1712597429237,42.0,They saw the girl before they set up camp.,2339.0
1648,159,1712597430850,19.0,Mel Dorn found her.,1613.0
1648,160,1712597432327,25.0,No clothes on her at all.,1476.0
1648,161,1712597435641,64.0,She was wedged into some branches that stuck out over the water.,3314.0
1648,162,1712597438371,43.0,He called the others and they came to look.,2730.0
1648,163,1712597439638,29.0,They talked about what to do.,1267.0
1648,164,1712597445217,82.0,One of the men - my Stuart didn't say which - said they should start back at once.,5579.0
1648,165,1712597449615,86.0,"The others stirred the sand with their shoes, said they didn't feel inclined that way.",4397.0
1648,166,1712597455080,82.0,"They pleaded fatigue, the late hour, the fact that the girl wasn't going anywhere.",5464.0
1648,167,1712597457135,47.0,In the end they went ahead and set up the camp.,2055.0
1648,168,1712597458680,42.0,They built a fire and drank their whiskey.,1545.0
1648,169,1712597461208,50.0,"When the moon came up, they talked about the girl.",2527.0
1648,170,1712597464722,59.0,Someone said they should -keep the body from drifting away.,3514.0
1648,171,1712597467176,55.0,They took their flashlights and went back to the river.,2453.0
1648,172,1712597470292,66.0,One of the men - it might have been Stuart - waded in and got her.,3115.0
1648,173,1712597473577,53.0,He took her by the fingers and pulled her into shore.,3285.0
1648,174,1712597477819,87.0,He got some nylon cord and tied it to her wrist and then looped the rest around a tree.,4241.0
1648,175,1712597481264,99.0,"The next morning they cooked breakfast, drank coffee, and drank whiskey, and then split up to fish.",3445.0
1648,176,1712597495611,182.0,"That night they cooked fish, cooked potatoes, drank coffee, drank whiskey, then took their cooking things and eating things back down to the river and washed them where the girl was.",14347.0
1648,177,1712597496954,32.0,They played some cards later on.,1343.0
1648,178,1712597498943,55.0,Maybe they played until they couldn't see them anymore.,1989.0
1648,179,1712597500401,28.0,Vern Williams went to sleep.,1458.0
1648,180,1712597501663,28.0,But the others told stories.,1262.0
1648,181,1712597505007,100.0,Gordon Johnson said the trout they'd caught were hard because of the terrible coldness of the water.,3344.0
1648,182,1712597511140,154.0,"The next morning they got up late, drank whiskey, fished a little, took down their tents, rolled their sleeping bags, gathered their stuff, and hiked out.",6133.0
1648,183,1712597512918,41.0,They drove until they got to a telephone.,1778.0
1648,184,1712597516300,86.0,It was Stuart who made the call while the others stood around in the sun and listened.,3382.0
1648,185,1712597517423,32.0,He gave the sheriff their names.,1123.0
1648,186,1712597519182,25.0,They had nothing to hide.,1759.0
1648,187,1712597520002,21.0,They weren't ashamed.,820.0
1648,188,1712597523758,100.0,They said they'd wait until someone could come for better directions and take down their statements.,3756.0
1648,189,1712597524806,3.0,***,1048.0
1648,190,1712597526366,30.0,I was asleep when he got home.,1560.0
1648,191,1712597528147,46.0,But I woke up when I heard him in the kitchen.,1781.0
1648,192,1712597530573,64.0,I found him leaning against the refrigerator with a can of beer.,2426.0
1648,193,1712597535685,68.0,He put his heavy arms around me and rubbed his big hands on my back.,5112.0
1648,194,1712597540299,85.0,In bed he put his hands on me again and then waited as if thinking of something else.,4614.0
1648,195,1712597542053,28.0,I turned and opened my legs.,1753.0
1648,196,1712597543657,36.0,"Afterwards, I think he stayed awake.",1604.0
1648,197,1712597545936,53.0,He was up that morning before I could get out of bed.,2278.0
1648,198,1712597548698,54.0,"To see if there was something in the paper, I suppose.",2762.0
1648,199,1712597550090,46.0,The telephone began ringing right after eight.,1392.0
1648,200,1712597550819,13.0,"""Go to hell!""",729.0
1648,201,1712597551578,18.0,I heard him shout.,759.0
1648,202,1712597552798,31.0,The telephone rang right again.,1220.0
1648,203,1712597556781,59.0,"""I have nothing to add to what I already told the sheriff!""",3983.0
1648,204,1712597557519,29.0,He slammed the receiver down.,737.0
1648,205,1712597558451,27.0,"""What is going on?"" I said.",932.0
1648,206,1712597560876,49.0,It was then that he told me what I just told you.,2425.0
1648,207,1712597562663,3.0,***,1787.0
1648,208,1712597564747,44.0,I sweep up the broken dishes and go outside.,2084.0
1648,209,1712597567819,85.0,"He is lying on his back on the grass now, the newspaper and can of beer within reach.",3071.0
1648,210,1712597569681,41.0,"""Stuart, could we go for a drive?"" I say.",1862.0
1648,211,1712597570966,30.0,He rolls over and looks at me.,1285.0
1648,212,1712597573703,37.0,"""We'll pick up some beer,"" he says...",2737.0
1648,213,1712597576991,62.0,He gets to his feet and touches me on the hip as he goes past.,3287.0
1648,214,1712597578465,28.0,"""Give me a minute,"" he says.",1474.0
1648,215,1712597579994,39.0,We drive through town without speaking.,1528.0
1648,216,1712597581157,39.0,He stops at a roadside market for beer.,1162.0
1648,217,1712597583960,54.0,I notice a great stack of papers just inside the door.,2802.0
1648,218,1712597587490,89.0,On the top step a fat woman in a print dress holds out a licorice stick to a little girl.,3530.0
1648,219,1712597589700,66.0,"Later on, we cross Everson Creek and turn into the picnic grounds.",2210.0
1648,220,1712597592647,79.0,The creek runs under the bridge and into a large pond a few hundred yards away.,2947.0
1648,221,1712597594240,28.0,I can see the men out there.,1593.0
1648,222,1712597595591,33.0,I can see them out there fishing.,1351.0
1648,223,1712597597191,31.0,So much water so close to home.,1600.0
1648,224,1712597599633,43.0,"I say, ""Why did you have to go miles away?""",2442.0
1648,225,1712597601286,25.0,"""Don't rile me,"" he says.",1653.0
1648,226,1712597603121,29.0,We sit on a bench in the sun.,1834.0
1648,227,1712597606632,25.0,He opens us cans of beer.,3511.0
1648,228,1712597608363,25.0,"He says, ""Relax, Claire.""",1731.0
1648,229,1712597611071,30.0,"""They said they were innocent.",2708.0
1648,230,1712597612762,27.0,"They said they were crazy.""",1691.0
1648,231,1712597614333,15.0,"He says, ""Who?""",1571.0
1648,232,1712597616574,38.0,"He says, ""What are you talking about?""",2241.0
1648,233,1712597618145,21.0,"""The Maddox brothers.",1571.0
1648,234,1712597621552,54.0,They killed a girl named Arlene Hubly where I grew up.,3407.0
1648,235,1712597626316,60.0,They cut off her head and threw her into the Cle Elum River.,4763.0
1648,236,1712597627651,31.0,"It happened when I was a girl.""",1335.0
1648,237,1712597629232,40.0,"""You're going to get me riled,"" he says.",1580.0
1648,238,1712597630400,20.0,I look at the creek.,1167.0
1648,239,1712597634860,79.0,"I'm right in it, eyes open, face down, staring at the moss on the bottom, dead.",4459.0
1648,240,1712597639144,62.0,"""I don't know what's wrong with you,"" he says on the way home.",4284.0
1648,241,1712597640863,45.0,"""You're getting me more riled by the minute.""",1719.0
1648,242,1712597643252,34.0,There is nothing I can say to him.,2389.0
1648,243,1712597644523,36.0,He tries to concentrate on the road.,1271.0
1648,244,1712597646376,47.0,But he keeps looking into the rear-view mirror.,1853.0
1648,245,1712597647400,9.0,He knows.,1023.0
1648,246,1712597648460,3.0,***,1060.0
1648,247,1712597651060,52.0,Stuart believes he is letting me sleep this morning.,2600.0
1648,248,1712597653044,47.0,But I was awake long before the alarm went off.,1984.0
1648,249,1712597661077,74.0,"I was thinking, lying on the far side of the bed away from his hairy legs.",8033.0
1648,250,1712597665019,78.0,"He gets Dean off for school, and then he shaves, dresses, and leaves for work.",3942.0
1648,251,1712597666966,40.0,Twice he looks in and clears his throat.,1946.0
1648,252,1712597668135,26.0,But I keep my eyes closed.,1169.0
1648,253,1712597669531,38.0,In the kitchen I find a note from him.,1395.0
1648,254,1712597670630,19.0,"It's signed ""Love.""",1099.0
1648,255,1712597674830,74.0,I sit in the breakfast nook and drink coffee and leave a ring on the note.,4200.0
1648,256,1712597679146,67.0,I look at the newspaper and turn it this way and that on the table.,4316.0
1648,257,1712597681727,43.0,Then I skid it close and read what it says.,2581.0
1648,258,1712597684311,38.0,"The body has been identified, claimed.",2583.0
1648,259,1712597692388,155.0,"But it took some examining it, some putting things into it, some cutting, some weighing, some measuring, some putting things back again and sewing them in.",8076.0
1648,260,1712597694387,57.0,I sit for a long time holding the newspaper and thinking.,1998.0
1648,261,1712597699660,51.0,Then I call up to get a chair at the hairdresser's.,5273.0
1648,262,1712597700540,3.0,***,879.0
1648,263,1712597704167,75.0,I sit under the dryer with a magazine on my lap and let Marnie do my nails.,3627.0
1648,264,1712597705734,42.0,"""I am going to a funeral tomorrow,"" I say.",1567.0
1648,265,1712597708742,38.0,"""I'm sorry to hear that,"" Marnie says.",3008.0
1648,266,1712597710160,25.0,"""It was a murder,"" I say.",1418.0
1648,267,1712597711831,37.0,"""That's the worst kind,"" Marnie says.",1671.0
1648,268,1712597715312,35.0,"""We weren't all that close,"" I say.",3481.0
1648,269,1712597716506,15.0,"""But you know?""",1194.0
1648,270,1712597719427,45.0,"""We'll get you fixed up for it,"" Marnie says.",2921.0
1648,271,1712597722914,72.0,"That night I make my bed on the sofa, and in the morning I get up first.",3486.0
1648,272,1712597724790,50.0,I put on coffee and fix breakfast while he shaves.,1876.0
1648,273,1712597728077,76.0,"He appears in the kitchen doorway, towel over his bare shoulder, appraising.",3287.0
1648,274,1712597729277,23.0,"""Here's coffee,"" I say.",1200.0
1648,275,1712597731015,31.0,"""Eggs'll be ready in a minute.”",1738.0
1648,276,1712597732945,37.0,"I wake Dean, and the three of us eat.",1929.0
1648,277,1712597735894,79.0,"Whenever Stuart looks at me, I ask Dean if he wants more milk, more toast, etc.",2949.0
1648,278,1712597738469,56.0,"""I'll call you today,"" Stuart says as he opens the door.",2573.0
1648,279,1712597740209,42.0,"I say, ""I don't think I'll be home today.""",1740.0
1648,280,1712597741139,21.0,"""All right,"" he says.",929.0
1648,281,1712597741724,7.0,"""Sure.""",585.0
1648,282,1712597743101,18.0,I dress carefully.,1377.0
1648,283,1712597744672,48.0,I try on a hat and look at myself in the mirror.,1570.0
1648,284,1712597747213,28.0,I write out a note for Dean.,2541.0
1648,285,1712597750424,69.0,"Honey, Mommy has things to do this afternoon, but will be back later.",3211.0
1648,286,1712597752589,61.0,You stay in or be in the backyard until one of us comes home.,2165.0
1648,287,1712597753150,11.0,"Love, Mommy",560.0
1648,288,1712597754741,48.0,I look at the word Love and then I underline it.,1591.0
1648,289,1712597757108,29.0,Then I see the word backyard.,2367.0
1648,290,1712597760390,22.0,Is it one word or two?,3282.0
1648,291,1712597761213,3.0,***,823.0
1648,292,1712597766478,121.0,"I drive through farm country, through fields of oats and sugar beets and past apple orchards, cattle grazing in pastures.",5265.0
1648,293,1712597770318,99.0,"Then everything changes, more like shacks than farmhouses and stands of timber instead of orchards.",3840.0
1648,294,1712597772634,78.0,"Then mountains, and on the right, far below, I sometimes see the Naches River.",2316.0
1648,295,1712597775575,64.0,A green pickup comes up behind me and stays behind me for miles.,2940.0
1648,296,1712597778375,55.0,"I keep slowing at the wrong times, hoping he will pass.",2800.0
1648,297,1712597779236,16.0,Then I speed up.,861.0
1648,298,1712597783547,36.0,"But this is at the wrong times, too.",4311.0
1648,299,1712597785272,39.0,I grip the wheel until my fingers hurt.,1724.0
1648,300,1712597787574,37.0,On a long clear stretch he goes past.,2301.0
1648,301,1712597791108,73.0,"But he drives along beside for a bit, a crewcut man in a blue work shirt.",3534.0
1648,302,1712597792796,24.0,We look each other over.,1688.0
1648,303,1712597796509,53.0,"Then he waves, toots his horn, and pulls on up ahead.",3713.0
1648,304,1712597798246,29.0,I slow down and find a place.,1737.0
1648,305,1712597799511,35.0,I pull over and shut off the motor.,1265.0
1648,306,1712597801760,42.0,I can hear the river down below the trees.,2249.0
1648,307,1712597803361,35.0,Then I hear the pickup coming back.,1600.0
1648,308,1712597805446,41.0,I lock the doors and roll up the windows.,2084.0
1648,309,1712597807411,30.0,"""You all right?"" the man says.",1965.0
1648,310,1712597809329,21.0,He raps on the glass.,1917.0
1648,311,1712597809913,11.0,"""You okay?""",584.0
1648,312,1712597812221,64.0,He leans his arms on the door and brings his face to the window.,2308.0
1648,313,1712597812968,15.0,I stare at him.,747.0
1648,314,1712597814241,30.0,I can't think what else to do.,1272.0
1648,315,1712597815152,34.0,"""Is everything all right in there?",911.0
1648,316,1712597816428,31.0,"How come you're all locked up?""",1275.0
1648,317,1712597817268,16.0,I shake my head.,839.0
1648,318,1712597818292,24.0,"""Roll down your window.""",1024.0
1648,319,1712597820899,64.0,He shakes his head and looks at the highway and then back at me.,2607.0
1648,320,1712597821661,19.0,"""Roll it down now.""",760.0
1648,321,1712597822684,32.0,"""Please,"" I say, ""I have to go.""",1023.0
1648,322,1712597824339,50.0,"""Open the door,"" he says as if he isn't listening.",1655.0
1648,323,1712597825974,33.0,"""You're going to choke in there.""",1635.0
1648,324,1712597827604,32.0,"He looks at my breasts, my legs.",1628.0
1648,325,1712597830151,34.0,I can tell that's what he's doing.,2547.0
1648,326,1712597831483,22.0,"""Hey, sugar,"" he says.",1331.0
1648,327,1712597833096,31.0,"""I'm just here to help is all.""",1613.0
1648,328,1712597834051,3.0,***,955.0
1648,329,1712597836184,52.0,The casket is closed and covered with floral sprays.,2133.0
1648,330,1712597839378,45.0,The organ starts up the minute I take a seat.,3193.0
1648,331,1712597841294,40.0,People are coming in and finding chairs.,1915.0
1648,332,1712597843770,63.0,There's a boy in flared pants and a yellow short-sleeved shirt.,2476.0
1648,333,1712597846172,100.0,A door opens and the family comes in in a group and moves over to a curtained place off to one side.,2402.0
1648,334,1712597847493,39.0,Chairs creak as everybody gets settled.,1321.0
1648,335,1712597851818,83.0,"Directly, a nice blond man in a nice dark suit stands and asks us to bow our heads.",4325.0
1648,336,1712597854406,105.0,"He says a prayer for us, the living, and when he finishes, he says a prayer for the soul of the departed.",2587.0
1648,337,1712597856496,43.0,Along with the others I go past the casket.,2090.0
1648,338,1712597860375,66.0,Then I move out onto the front steps and into the afternoon light.,3879.0
1648,339,1712597865700,66.0,There's a woman who limps as she goes down the stairs ahead of me.,5325.0
1648,340,1712597867221,33.0,On the sidewalk she looks around.,1521.0
1648,341,1712597869553,31.0,"""Well, they got him,"" she says.",2332.0
1648,342,1712597871334,27.0,"""If that's any consolation.",1781.0
1648,343,1712597872531,31.0,They arrested him this morning.,1197.0
1648,344,1712597874082,38.0,I heard it on the radio before I come.,1551.0
1648,345,1712597875654,26.0,"A boy right here in town.""",1572.0
1648,346,1712597878467,42.0,We move a few steps down the hot sidewalk.,2813.0
1648,347,1712597879756,25.0,People are starting cars.,1288.0
1648,348,1712597883518,49.0,I put out my hand and hold on to a parking meter.,3762.0
1648,349,1712597885600,36.0,Polished hoods and polished fenders.,2082.0
1648,350,1712597886474,14.0,My head swims.,874.0
1648,351,1712597890194,41.0,"I say, ""They have friends, these killers.",3720.0
1648,352,1712597891832,16.0,"You can't tell.""",1638.0
1648,353,1712597896734,70.0,"""I have known that child since she was a little girl,"" the woman says.",4902.0
1648,354,1712597900876,93.0,"""She used to come over and I'd bake cookies for her and let her eat them in front of the TV.""",4142.0
1648,355,1712597901729,3.0,***,853.0
1648,356,1712597904489,76.0,"Back home, Stuart sits at the table with a drink of whiskey in front of him.",2760.0
1648,357,1712597907456,57.0,For a crazy instant I think something's happened to Dean.,2967.0
1648,358,1712597908302,14.0,"""Where is he?""",846.0
1648,359,1712597908777,6.0,I say.,474.0
1648,360,1712597909624,16.0,"""Where is Dean?""",847.0
1648,361,1712597910355,27.0,"""Outside,"" my husband says.",731.0
1648,362,1712597911709,34.0,He drains his glass and stands up.,1354.0
1648,363,1712597913342,40.0,"He says, ""I think I know what you need.""",1633.0
1648,364,1712597921037,138.0,He reaches an arm around my waist and with his other hand he begins to unbutton my jacket and then he goes on to the buttons of my blouse.,7695.0
1648,365,1712597922457,30.0,"""First things first,"" he says.",1420.0
1648,366,1712597923944,23.0,He says something else.,1487.0
1648,367,1712597924992,27.0,But I don't need to listen.,1048.0
1648,368,1712597929362,46.0,I can't hear a thing with so much water going.,4370.0
1648,369,1712597930043,3.0,***,681.0
1633,88,1712603306352,3.0,***,10620.0
1633,89,1712603309199,37.0,My husband eats with a good appetite.,2847.0
1633,90,1712603311543,37.0,But I don't think he's really hungry.,2343.0
1633,91,1712603316383,69.0,"He chews, arms on the table, and stares at something across the room.",4840.0
1633,92,1712603318575,30.0,He looks at me and looks away.,2192.0
1633,93,1712603320743,33.0,He wipes his mouth on the napkin.,2168.0
1633,94,1712603322819,30.0,"He shrugs, and goes on eating.",2076.0
1633,95,1712603325271,42.0,"""What are you staring at me for?"" he says.",2452.0
1633,96,1712603328131,45.0,"""What is it?"" he says and lays down his fork.",2860.0
1633,97,1712603331719,42.0,"""Was I staring?"" I say, and shake my head.",3588.0
1633,98,1712603333495,20.0,The telephone rings.,1776.0
1633,99,1712603335751,27.0,"""Don't answer it,"" he says.",2256.0
1633,100,1712603338607,33.0,"""It might be your mother,"" I say.",2856.0
1633,101,1712603340815,25.0,"""Watch and see,"" he says.",2208.0
1633,102,1712603343119,34.0,I pick up the receiver and listen.,2304.0
1633,103,1712603345151,24.0,My husband stops eating.,2032.0
1633,104,1712603348091,46.0,"""What did I tell you?"" he says when I hang up.",2940.0
1633,105,1712603349643,23.0,He starts to eat again.,1552.0
1633,106,1712603351999,36.0,Then throws his napkin on his plate.,2356.0
1633,107,1712603355675,63.0,"He says, ""Goddamn it, why can't people mind their own business?",3676.0
1633,108,1712603358603,41.0,Tell me what I did wrong and I'll listen!,2928.0
1633,109,1712603360547,28.0,I wasn't the only man there.,1944.0
1633,110,1712603362707,37.0,We talked it over and we all decided.,2160.0
1633,111,1712603364715,29.0,We couldn't just turn around.,2008.0
1633,112,1712603366531,32.0,We were five miles from the car.,1816.0
1633,113,1712603369099,34.0,I won't have you passing judgment.,2568.0
1633,114,1712603370739,13.0,"Do you hear?""",1640.0
1633,115,1712603372835,18.0,"""You know,"" I say.",2096.0
1633,116,1712603375435,33.0,"He says, ""What do I know, Claire?",2600.0
1633,117,1712603377679,34.0,Tell me what I'm supposed to know.,2244.0
1633,118,1712603379943,40.0,"I don't know anything except one thing?""",2264.0
1633,119,1712603382207,48.0,He gives me what he thinks is a meaningful look.,2264.0
1633,120,1712603384615,24.0,"""She was dead,"" he says.",2408.0
1633,121,1712603387279,33.0,"""And I'm as sorry as anyone else.",2664.0
1633,122,1712603389199,18.0,"But she was dead.""",1920.0
1633,123,1712603390911,26.0,"""That's the point,"" I say.",1712.0
1633,124,1712603392543,20.0,He raises his hands.,1632.0
1633,125,1712603394663,40.0,He pushes his chair away from the table.,2120.0
1633,126,1712603398447,72.0,He takes out his cigarettes and goes out to the back with a can of beer.,3784.0
1633,127,1712603402199,64.0,I see him sit in the lawn chair and pick up the newspaper again.,3752.0
1633,128,1712603405047,39.0,His name is in there on the first page.,2848.0
1633,129,1712603407363,36.0,Along with the names of his friends.,2316.0
1633,130,1712603409723,40.0,I close my eyes and hold on to the sink.,2360.0
1633,131,1712603413403,74.0,Then I rake my arm across the drainboard and send the dishes to the floor.,3680.0
1633,132,1712603414867,16.0,He doesn't move.,1464.0
1633,133,1712603416507,18.0,I know he's heard.,1640.0
1633,134,1712603418931,40.0,He lifts his head as if still listening.,2424.0
1633,135,1712603420363,30.0,But he doesn't move otherwise.,1432.0
1633,136,1712603422027,23.0,He doesn't turn around.,1664.0
1633,137,1712603423171,3.0,***,1144.0
1633,138,1712603429171,88.0,"He and Gordon Johnson and Mel Dorn and Vern Williams, they play poker and bowl and fish.",6000.0
1633,139,1712603435271,85.0,They fish every spring and early summer before visiting relatives can get in the way.,6100.0
1633,140,1712603439543,65.0,"They are decent men, family men, men who take care of their jobs.",4272.0
1633,141,1712603444407,65.0,"They have sons and daughters who go to school with our son, Dean.",4864.0
1633,142,1712603448455,55.0,Last Friday these family men left for the Naches River.,4048.0
1633,143,1712603451647,76.0,They parked the car in the mountains and hiked to where they wanted to fish.,3192.0
1633,144,1712603456015,76.0,"They carried their bedrolls, their food, their playing cards, their whiskey.",4368.0
1633,145,1712603458191,42.0,They saw the girl before they set up camp.,2176.0
1633,146,1712603460331,19.0,Mel Dorn found her.,2140.0
1633,147,1712603461699,25.0,No clothes on her at all.,1368.0
1633,148,1712603463643,64.0,She was wedged into some branches that stuck out over the water.,1944.0
1633,149,1712603465266,43.0,He called the others and they came to look.,1623.0
1633,150,1712603466395,29.0,They talked about what to do.,1128.0
1633,151,1712603470947,82.0,One of the men - my Stuart didn't say which - said they should start back at once.,4552.0
1633,152,1712603474027,86.0,"The others stirred the sand with their shoes, said they didn't feel inclined that way.",3080.0
1633,153,1712603476811,82.0,"They pleaded fatigue, the late hour, the fact that the girl wasn't going anywhere.",2783.0
1633,154,1712603478531,47.0,In the end they went ahead and set up the camp.,1720.0
1633,155,1712603480018,42.0,They built a fire and drank their whiskey.,1487.0
1633,156,1712603481506,50.0,"When the moon came up, they talked about the girl.",1487.0
1633,157,1712603483658,59.0,Someone said they should -keep the body from drifting away.,2152.0
1633,158,1712603485163,55.0,They took their flashlights and went back to the river.,1504.0
1633,159,1712603488678,66.0,One of the men - it might have been Stuart - waded in and got her.,3515.0
1633,160,1712603490318,53.0,He took her by the fingers and pulled her into shore.,1640.0
1633,161,1712603494230,87.0,He got some nylon cord and tied it to her wrist and then looped the rest around a tree.,3912.0
1633,162,1712603497655,99.0,"The next morning they cooked breakfast, drank coffee, and drank whiskey, and then split up to fish.",3425.0
1633,163,1712603506630,182.0,"That night they cooked fish, cooked potatoes, drank coffee, drank whiskey, then took their cooking things and eating things back down to the river and washed them where the girl was.",8975.0
1633,164,1712603507966,32.0,They played some cards later on.,1336.0
1633,165,1712603510942,55.0,Maybe they played until they couldn't see them anymore.,2975.0
1633,166,1712603512362,28.0,Vern Williams went to sleep.,1420.0
1633,167,1712603513358,28.0,But the others told stories.,996.0
1633,168,1712603516338,100.0,Gordon Johnson said the trout they'd caught were hard because of the terrible coldness of the water.,2980.0
1633,169,1712603521050,154.0,"The next morning they got up late, drank whiskey, fished a little, took down their tents, rolled their sleeping bags, gathered their stuff, and hiked out.",4712.0
1633,170,1712603522706,41.0,They drove until they got to a telephone.,1655.0
1633,171,1712603525066,86.0,It was Stuart who made the call while the others stood around in the sun and listened.,2360.0
1633,172,1712603526450,32.0,He gave the sheriff their names.,1384.0
1633,173,1712603527770,25.0,They had nothing to hide.,1320.0
1633,174,1712603529090,21.0,They weren't ashamed.,1320.0
1633,175,1712603534562,100.0,They said they'd wait until someone could come for better directions and take down their statements.,5472.0
1633,176,1712603535258,3.0,***,696.0
1633,177,1712603536834,30.0,I was asleep when he got home.,1576.0
1633,178,1712603538626,46.0,But I woke up when I heard him in the kitchen.,1792.0
1633,179,1712603540498,64.0,I found him leaning against the refrigerator with a can of beer.,1872.0
1633,180,1712603544214,68.0,He put his heavy arms around me and rubbed his big hands on my back.,3716.0
1633,181,1712603549014,85.0,In bed he put his hands on me again and then waited as if thinking of something else.,4800.0
1633,182,1712603550390,28.0,I turned and opened my legs.,1376.0
1633,183,1712603551902,36.0,"Afterwards, I think he stayed awake.",1512.0
1633,184,1712603554798,53.0,He was up that morning before I could get out of bed.,2896.0
1633,185,1712603556662,54.0,"To see if there was something in the paper, I suppose.",1864.0
1633,186,1712603558278,46.0,The telephone began ringing right after eight.,1616.0
1633,187,1712603559374,13.0,"""Go to hell!""",1096.0
1633,188,1712603560494,18.0,I heard him shout.,1120.0
1633,189,1712603561710,31.0,The telephone rang right again.,1216.0
1633,190,1712603563894,59.0,"""I have nothing to add to what I already told the sheriff!""",2184.0
1633,191,1712603565086,29.0,He slammed the receiver down.,1192.0
1633,192,1712603566470,27.0,"""What is going on?"" I said.",1383.0
1633,193,1712603568890,49.0,It was then that he told me what I just told you.,2420.0
1633,194,1712603569850,3.0,***,960.0
1633,195,1712603571985,44.0,I sweep up the broken dishes and go outside.,2135.0
1633,196,1712603574665,85.0,"He is lying on his back on the grass now, the newspaper and can of beer within reach.",2679.0
1633,197,1712603576698,41.0,"""Stuart, could we go for a drive?"" I say.",2032.0
1633,198,1712603577529,30.0,He rolls over and looks at me.,831.0
1633,199,1712603578745,37.0,"""We'll pick up some beer,"" he says...",1216.0
1633,200,1712603582018,62.0,He gets to his feet and touches me on the hip as he goes past.,3272.0
1633,201,1712603583129,28.0,"""Give me a minute,"" he says.",1111.0
1633,202,1712603584513,39.0,We drive through town without speaking.,1384.0
1633,203,1712603586289,39.0,He stops at a roadside market for beer.,1776.0
1633,204,1712603588521,54.0,I notice a great stack of papers just inside the door.,2232.0
1633,205,1712603592454,89.0,On the top step a fat woman in a print dress holds out a licorice stick to a little girl.,3933.0
1633,206,1712603594041,66.0,"Later on, we cross Everson Creek and turn into the picnic grounds.",1587.0
1633,207,1712603597169,79.0,The creek runs under the bridge and into a large pond a few hundred yards away.,3128.0
1633,208,1712603598341,28.0,I can see the men out there.,1172.0
1633,209,1712603600253,33.0,I can see them out there fishing.,1912.0
1633,210,1712603602181,31.0,So much water so close to home.,1928.0
1633,211,1712603606037,43.0,"I say, ""Why did you have to go miles away?""",3856.0
1633,212,1712603607709,25.0,"""Don't rile me,"" he says.",1672.0
1633,213,1712603609445,29.0,We sit on a bench in the sun.,1736.0
1633,214,1712603611253,25.0,He opens us cans of beer.,1808.0
1633,215,1712603612485,25.0,"He says, ""Relax, Claire.""",1232.0
1633,216,1712603614469,30.0,"""They said they were innocent.",1984.0
1633,217,1712603616765,27.0,"They said they were crazy.""",2296.0
1633,218,1712603618005,15.0,"He says, ""Who?""",1239.0
1633,219,1712603619893,38.0,"He says, ""What are you talking about?""",1888.0
1633,220,1712603620910,21.0,"""The Maddox brothers.",1017.0
1633,221,1712603622782,54.0,They killed a girl named Arlene Hubly where I grew up.,1872.0
1633,222,1712603624689,60.0,They cut off her head and threw her into the Cle Elum River.,1907.0
1633,223,1712603626433,31.0,"It happened when I was a girl.""",1743.0
1633,224,1712603628610,40.0,"""You're going to get me riled,"" he says.",2176.0
1633,225,1712603629561,20.0,I look at the creek.,951.0
1633,226,1712603633225,79.0,"I'm right in it, eyes open, face down, staring at the moss on the bottom, dead.",3664.0
1633,227,1712603634897,62.0,"""I don't know what's wrong with you,"" he says on the way home.",1672.0
1633,228,1712603636601,45.0,"""You're getting me more riled by the minute.""",1704.0
1633,229,1712603637897,34.0,There is nothing I can say to him.,1296.0
1633,230,1712603639098,36.0,He tries to concentrate on the road.,1201.0
1633,231,1712603640897,47.0,But he keeps looking into the rear-view mirror.,1799.0
1633,232,1712603641753,9.0,He knows.,856.0
1633,233,1712603642825,3.0,***,1072.0
1633,234,1712603646201,52.0,Stuart believes he is letting me sleep this morning.,3376.0
1633,235,1712603647689,47.0,But I was awake long before the alarm went off.,1488.0
1633,236,1712603651421,74.0,"I was thinking, lying on the far side of the bed away from his hairy legs.",3732.0
1633,237,1712603654905,78.0,"He gets Dean off for school, and then he shaves, dresses, and leaves for work.",3484.0
1633,238,1712603656869,40.0,Twice he looks in and clears his throat.,1964.0
1633,239,1712603658429,26.0,But I keep my eyes closed.,1560.0
1633,240,1712603659637,38.0,In the kitchen I find a note from him.,1208.0
1633,241,1712603660718,19.0,"It's signed ""Love.""",1081.0
1633,242,1712603664189,74.0,I sit in the breakfast nook and drink coffee and leave a ring on the note.,3471.0
1633,243,1712603668309,67.0,I look at the newspaper and turn it this way and that on the table.,4120.0
1633,244,1712603669845,43.0,Then I skid it close and read what it says.,1536.0
1633,245,1712603671077,38.0,"The body has been identified, claimed.",1232.0
1633,246,1712603676445,155.0,"But it took some examining it, some putting things into it, some cutting, some weighing, some measuring, some putting things back again and sewing them in.",5368.0
1633,247,1712603678357,57.0,I sit for a long time holding the newspaper and thinking.,1912.0
1633,248,1712603681465,51.0,Then I call up to get a chair at the hairdresser's.,3108.0
1633,249,1712603682409,3.0,***,944.0
1633,250,1712603685985,75.0,I sit under the dryer with a magazine on my lap and let Marnie do my nails.,3576.0
1633,251,1712603687905,42.0,"""I am going to a funeral tomorrow,"" I say.",1920.0
1633,252,1712603689177,38.0,"""I'm sorry to hear that,"" Marnie says.",1272.0
1633,253,1712603690353,25.0,"""It was a murder,"" I say.",1176.0
1633,254,1712603691833,37.0,"""That's the worst kind,"" Marnie says.",1480.0
1633,255,1712603693313,35.0,"""We weren't all that close,"" I say.",1480.0
1633,256,1712603694169,15.0,"""But you know?""",856.0
1633,257,1712603696945,45.0,"""We'll get you fixed up for it,"" Marnie says.",2776.0
1633,258,1712603699857,72.0,"That night I make my bed on the sofa, and in the morning I get up first.",2912.0
1633,259,1712603701305,50.0,I put on coffee and fix breakfast while he shaves.,1448.0
1633,260,1712603703953,76.0,"He appears in the kitchen doorway, towel over his bare shoulder, appraising.",2648.0
1633,261,1712603705049,23.0,"""Here's coffee,"" I say.",1096.0
1633,262,1712603706385,31.0,"""Eggs'll be ready in a minute.”",1336.0
1633,263,1712603708113,37.0,"I wake Dean, and the three of us eat.",1728.0
1633,264,1712603711277,79.0,"Whenever Stuart looks at me, I ask Dean if he wants more milk, more toast, etc.",3164.0
1633,265,1712603713301,56.0,"""I'll call you today,"" Stuart says as he opens the door.",2024.0
1633,266,1712603715925,42.0,"I say, ""I don't think I'll be home today.""",2624.0
1633,267,1712603717061,21.0,"""All right,"" he says.",1136.0
1633,268,1712603717997,7.0,"""Sure.""",936.0
1633,269,1712603718837,18.0,I dress carefully.,840.0
1633,270,1712603721165,48.0,I try on a hat and look at myself in the mirror.,2328.0
1633,271,1712603722525,28.0,I write out a note for Dean.,1360.0
1633,272,1712603725469,69.0,"Honey, Mommy has things to do this afternoon, but will be back later.",2944.0
1633,273,1712603728613,61.0,You stay in or be in the backyard until one of us comes home.,3144.0
1633,274,1712603729581,11.0,"Love, Mommy",968.0
1633,275,1712603731861,48.0,I look at the word Love and then I underline it.,2280.0
1633,276,1712603733879,29.0,Then I see the word backyard.,2018.0
1633,277,1712603735465,22.0,Is it one word or two?,1586.0
1633,278,1712603736333,3.0,***,868.0
1633,279,1712603741816,121.0,"I drive through farm country, through fields of oats and sugar beets and past apple orchards, cattle grazing in pastures.",5483.0
1633,280,1712603746160,99.0,"Then everything changes, more like shacks than farmhouses and stands of timber instead of orchards.",4344.0
1633,281,1712603749176,78.0,"Then mountains, and on the right, far below, I sometimes see the Naches River.",3016.0
1633,282,1712603752656,64.0,A green pickup comes up behind me and stays behind me for miles.,3480.0
1633,283,1712603755104,55.0,"I keep slowing at the wrong times, hoping he will pass.",2448.0
1633,284,1712603756392,16.0,Then I speed up.,1288.0
1633,285,1712603758016,36.0,"But this is at the wrong times, too.",1624.0
1633,286,1712603759688,39.0,I grip the wheel until my fingers hurt.,1672.0
1633,287,1712603761120,37.0,On a long clear stretch he goes past.,1432.0
1633,288,1712603764024,73.0,"But he drives along beside for a bit, a crewcut man in a blue work shirt.",2904.0
1633,289,1712603765160,24.0,We look each other over.,1136.0
1633,290,1712603767620,53.0,"Then he waves, toots his horn, and pulls on up ahead.",2460.0
1633,291,1712603769012,29.0,I slow down and find a place.,1392.0
1633,292,1712603770604,35.0,I pull over and shut off the motor.,1592.0
1633,293,1712603772092,42.0,I can hear the river down below the trees.,1488.0
1633,294,1712603773596,35.0,Then I hear the pickup coming back.,1504.0
1633,295,1712603774940,41.0,I lock the doors and roll up the windows.,1344.0
1633,296,1712603776164,30.0,"""You all right?"" the man says.",1224.0
1633,297,1712603778188,21.0,He raps on the glass.,2024.0
1633,298,1712603779252,11.0,"""You okay?""",1064.0
1633,299,1712603781452,64.0,He leans his arms on the door and brings his face to the window.,2200.0
1633,300,1712603782260,15.0,I stare at him.,808.0
1633,301,1712603784200,30.0,I can't think what else to do.,1940.0
1633,302,1712603785244,34.0,"""Is everything all right in there?",1044.0
1633,303,1712603787052,31.0,"How come you're all locked up?""",1808.0
1633,304,1712603787956,16.0,I shake my head.,904.0
1633,305,1712603789004,24.0,"""Roll down your window.""",1048.0
1633,306,1712603791044,64.0,He shakes his head and looks at the highway and then back at me.,2040.0
1633,307,1712603792144,19.0,"""Roll it down now.""",1100.0
1633,308,1712603793404,32.0,"""Please,"" I say, ""I have to go.""",1260.0
1633,309,1712603795648,50.0,"""Open the door,"" he says as if he isn't listening.",2244.0
1633,310,1712603797144,33.0,"""You're going to choke in there.""",1496.0
1633,311,1712603798352,32.0,"He looks at my breasts, my legs.",1208.0
1633,312,1712603799552,34.0,I can tell that's what he's doing.,1200.0
1633,313,1712603801392,22.0,"""Hey, sugar,"" he says.",1840.0
1633,314,1712603803600,31.0,"""I'm just here to help is all.""",2208.0
1633,315,1712603804592,3.0,***,992.0
1633,316,1712603806088,52.0,The casket is closed and covered with floral sprays.,1496.0
1633,317,1712603807568,45.0,The organ starts up the minute I take a seat.,1480.0
1633,318,1712603809000,40.0,People are coming in and finding chairs.,1432.0
1633,319,1712603811576,63.0,There's a boy in flared pants and a yellow short-sleeved shirt.,2576.0
1633,320,1712603815344,100.0,A door opens and the family comes in in a group and moves over to a curtained place off to one side.,3768.0
1633,321,1712603817780,39.0,Chairs creak as everybody gets settled.,2436.0
1633,322,1712603820676,83.0,"Directly, a nice blond man in a nice dark suit stands and asks us to bow our heads.",2896.0
1633,323,1712603824324,105.0,"He says a prayer for us, the living, and when he finishes, he says a prayer for the soul of the departed.",3648.0
1633,324,1712603825964,43.0,Along with the others I go past the casket.,1640.0
1633,325,1712603827788,66.0,Then I move out onto the front steps and into the afternoon light.,1824.0
1633,326,1712603829556,66.0,There's a woman who limps as she goes down the stairs ahead of me.,1768.0
1633,327,1712603830580,33.0,On the sidewalk she looks around.,1024.0
1633,328,1712603831756,31.0,"""Well, they got him,"" she says.",1176.0
1633,329,1712603833692,27.0,"""If that's any consolation.",1936.0
1633,330,1712603834892,31.0,They arrested him this morning.,1200.0
1633,331,1712603836156,38.0,I heard it on the radio before I come.,1264.0
1633,332,1712603837412,26.0,"A boy right here in town.""",1256.0
1633,333,1712603838828,42.0,We move a few steps down the hot sidewalk.,1416.0
1633,334,1712603840316,25.0,People are starting cars.,1488.0
1633,335,1712603842260,49.0,I put out my hand and hold on to a parking meter.,1944.0
1633,336,1712603843588,36.0,Polished hoods and polished fenders.,1328.0
1633,337,1712603844568,14.0,My head swims.,980.0
1633,338,1712603847036,41.0,"I say, ""They have friends, these killers.",2468.0
1633,339,1712603848304,16.0,"You can't tell.""",1268.0
1633,340,1712603850496,70.0,"""I have known that child since she was a little girl,"" the woman says.",2192.0
1633,341,1712603853192,93.0,"""She used to come over and I'd bake cookies for her and let her eat them in front of the TV.""",2696.0
1633,342,1712603854016,3.0,***,824.0
1633,343,1712603856168,76.0,"Back home, Stuart sits at the table with a drink of whiskey in front of him.",2152.0
1633,344,1712603858232,57.0,For a crazy instant I think something's happened to Dean.,2064.0
1633,345,1712603859272,14.0,"""Where is he?""",1040.0
1633,346,1712603860328,6.0,I say.,1056.0
1633,347,1712603861368,16.0,"""Where is Dean?""",1040.0
1633,348,1712603862632,27.0,"""Outside,"" my husband says.",1264.0
1633,349,1712603864096,34.0,He drains his glass and stands up.,1464.0
1633,350,1712603865896,40.0,"He says, ""I think I know what you need.""",1800.0
1633,351,1712603870048,138.0,He reaches an arm around my waist and with his other hand he begins to unbutton my jacket and then he goes on to the buttons of my blouse.,4152.0
1633,352,1712603871328,30.0,"""First things first,"" he says.",1280.0
1633,353,1712603872192,23.0,He says something else.,864.0
1633,354,1712603873272,27.0,But I don't need to listen.,1080.0
1633,355,1712603874832,46.0,I can't hear a thing with so much water going.,1560.0
1633,356,1712603875700,3.0,***,868.0
1706,105,1712597113985,3.0,***,3721.0
1706,106,1712597116158,37.0,My husband eats with a good appetite.,2173.0
1706,107,1712597117723,37.0,But I don't think he's really hungry.,1565.0
1706,108,1712597120714,69.0,"He chews, arms on the table, and stares at something across the room.",2991.0
1706,109,1712597122235,30.0,He looks at me and looks away.,1519.0
1706,110,1712597123478,33.0,He wipes his mouth on the napkin.,1243.0
1706,111,1712597125107,30.0,"He shrugs, and goes on eating.",1629.0
1706,112,1712597126529,42.0,"""What are you staring at me for?"" he says.",1421.0
1706,113,1712597128483,45.0,"""What is it?"" he says and lays down his fork.",1954.0
1706,114,1712597130286,42.0,"""Was I staring?"" I say, and shake my head.",1801.0
1706,115,1712597131530,20.0,The telephone rings.,1244.0
1706,116,1712597132853,27.0,"""Don't answer it,"" he says.",1323.0
1706,117,1712597134518,33.0,"""It might be your mother,"" I say.",1665.0
1706,118,1712597135816,25.0,"""Watch and see,"" he says.",1297.0
1706,119,1712597137646,34.0,I pick up the receiver and listen.,1830.0
1706,120,1712597138855,24.0,My husband stops eating.,1208.0
1706,121,1712597141064,46.0,"""What did I tell you?"" he says when I hang up.",2209.0
1706,122,1712597142238,23.0,He starts to eat again.,1173.0
1706,123,1712597143732,36.0,Then throws his napkin on his plate.,1494.0
1706,124,1712597146239,63.0,"He says, ""Goddamn it, why can't people mind their own business?",2506.0
1706,125,1712597147959,41.0,Tell me what I did wrong and I'll listen!,1720.0
1706,126,1712597150084,28.0,I wasn't the only man there.,2124.0
1706,127,1712597153126,37.0,We talked it over and we all decided.,3041.0
1706,128,1712597155036,29.0,We couldn't just turn around.,1908.0
1706,129,1712597157269,32.0,We were five miles from the car.,2233.0
1706,130,1712597165962,34.0,I won't have you passing judgment.,8693.0
1706,131,1712597166552,13.0,"Do you hear?""",589.0
1706,132,1712597167753,18.0,"""You know,"" I say.",1199.0
1706,133,1712597170769,33.0,"He says, ""What do I know, Claire?",3016.0
1706,134,1712597177481,34.0,Tell me what I'm supposed to know.,6711.0
1706,135,1712597178930,40.0,"I don't know anything except one thing?""",1449.0
1706,136,1712597181978,48.0,He gives me what he thinks is a meaningful look.,3047.0
1706,137,1712597183005,24.0,"""She was dead,"" he says.",1027.0
1706,138,1712597184166,33.0,"""And I'm as sorry as anyone else.",1160.0
1706,139,1712597185056,18.0,"But she was dead.""",890.0
1706,140,1712597186267,26.0,"""That's the point,"" I say.",1211.0
1706,141,1712597187209,20.0,He raises his hands.,942.0
1706,142,1712597188390,40.0,He pushes his chair away from the table.,1180.0
1706,143,1712597190644,72.0,He takes out his cigarettes and goes out to the back with a can of beer.,2253.0
1706,144,1712597193707,64.0,I see him sit in the lawn chair and pick up the newspaper again.,3063.0
1706,145,1712597195024,39.0,His name is in there on the first page.,1317.0
1706,146,1712597196190,36.0,Along with the names of his friends.,1165.0
1706,147,1712597197376,40.0,I close my eyes and hold on to the sink.,1186.0
1706,148,1712597200070,74.0,Then I rake my arm across the drainboard and send the dishes to the floor.,2694.0
1706,149,1712597200946,16.0,He doesn't move.,875.0
1706,150,1712597201978,18.0,I know he's heard.,1032.0
1706,151,1712597204224,40.0,He lifts his head as if still listening.,2246.0
1706,152,1712597205186,30.0,But he doesn't move otherwise.,962.0
1706,153,1712597206034,23.0,He doesn't turn around.,848.0
1706,154,1712597206731,3.0,***,697.0
1706,155,1712597209458,88.0,"He and Gordon Johnson and Mel Dorn and Vern Williams, they play poker and bowl and fish.",2727.0
1706,156,1712597213403,85.0,They fish every spring and early summer before visiting relatives can get in the way.,3944.0
1706,157,1712597215689,65.0,"They are decent men, family men, men who take care of their jobs.",2286.0
1706,158,1712597217431,65.0,"They have sons and daughters who go to school with our son, Dean.",1742.0
1706,159,1712597219430,55.0,Last Friday these family men left for the Naches River.,1999.0
1706,160,1712597221511,76.0,They parked the car in the mountains and hiked to where they wanted to fish.,2080.0
1706,161,1712597224433,76.0,"They carried their bedrolls, their food, their playing cards, their whiskey.",2922.0
1706,162,1712597226659,42.0,They saw the girl before they set up camp.,2224.0
1706,163,1712597227625,19.0,Mel Dorn found her.,966.0
1706,164,1712597228880,25.0,No clothes on her at all.,1255.0
1706,165,1712597231353,64.0,She was wedged into some branches that stuck out over the water.,2472.0
1706,166,1712597232970,43.0,He called the others and they came to look.,1617.0
1706,167,1712597234642,29.0,They talked about what to do.,1670.0
1706,168,1712597238469,82.0,One of the men - my Stuart didn't say which - said they should start back at once.,3826.0
1706,169,1712597242210,86.0,"The others stirred the sand with their shoes, said they didn't feel inclined that way.",3741.0
1706,170,1712597245371,82.0,"They pleaded fatigue, the late hour, the fact that the girl wasn't going anywhere.",3161.0
1706,171,1712597247263,47.0,In the end they went ahead and set up the camp.,1892.0
1706,172,1712597248604,42.0,They built a fire and drank their whiskey.,1340.0
1706,173,1712597250602,50.0,"When the moon came up, they talked about the girl.",1997.0
1706,174,1712597253009,59.0,Someone said they should -keep the body from drifting away.,2407.0
1706,175,1712597254760,55.0,They took their flashlights and went back to the river.,1751.0
1706,176,1712597256913,66.0,One of the men - it might have been Stuart - waded in and got her.,2152.0
1706,177,1712597259493,53.0,He took her by the fingers and pulled her into shore.,2579.0
1706,178,1712597264425,87.0,He got some nylon cord and tied it to her wrist and then looped the rest around a tree.,4932.0
1706,179,1712597268142,99.0,"The next morning they cooked breakfast, drank coffee, and drank whiskey, and then split up to fish.",3716.0
1706,180,1712597275360,182.0,"That night they cooked fish, cooked potatoes, drank coffee, drank whiskey, then took their cooking things and eating things back down to the river and washed them where the girl was.",7218.0
1706,181,1712597276485,32.0,They played some cards later on.,1125.0
1706,182,1712597278549,55.0,Maybe they played until they couldn't see them anymore.,2063.0
1706,183,1712597279924,28.0,Vern Williams went to sleep.,1374.0
1706,184,1712597281057,28.0,But the others told stories.,1132.0
1706,185,1712597284038,100.0,Gordon Johnson said the trout they'd caught were hard because of the terrible coldness of the water.,2979.0
1706,186,1712597287710,154.0,"The next morning they got up late, drank whiskey, fished a little, took down their tents, rolled their sleeping bags, gathered their stuff, and hiked out.",3672.0
1706,187,1712597288846,41.0,They drove until they got to a telephone.,1135.0
1706,188,1712597295314,86.0,It was Stuart who made the call while the others stood around in the sun and listened.,6468.0
1706,189,1712597296577,32.0,He gave the sheriff their names.,1262.0
1706,190,1712597297399,25.0,They had nothing to hide.,821.0
1706,191,1712597298235,21.0,They weren't ashamed.,836.0
1706,192,1712597302209,100.0,They said they'd wait until someone could come for better directions and take down their statements.,3973.0
1706,193,1712597302780,3.0,***,570.0
1706,194,1712597303833,30.0,I was asleep when he got home.,1053.0
1706,195,1712597305158,46.0,But I woke up when I heard him in the kitchen.,1324.0
1706,196,1712597306563,64.0,I found him leaning against the refrigerator with a can of beer.,1405.0
1706,197,1712597311679,68.0,He put his heavy arms around me and rubbed his big hands on my back.,5115.0
1706,198,1712597316902,85.0,In bed he put his hands on me again and then waited as if thinking of something else.,5222.0
1706,199,1712597318247,28.0,I turned and opened my legs.,1345.0
1706,200,1712597319796,36.0,"Afterwards, I think he stayed awake.",1549.0
1706,201,1712597322744,53.0,He was up that morning before I could get out of bed.,2948.0
1706,202,1712597323981,54.0,"To see if there was something in the paper, I suppose.",1237.0
1706,203,1712597325172,46.0,The telephone began ringing right after eight.,1191.0
1706,204,1712597326011,13.0,"""Go to hell!""",838.0
1706,205,1712597326661,18.0,I heard him shout.,650.0
1706,206,1712597327571,31.0,The telephone rang right again.,910.0
1706,207,1712597329047,59.0,"""I have nothing to add to what I already told the sheriff!""",1475.0
1706,208,1712597330001,29.0,He slammed the receiver down.,954.0
1706,209,1712597330984,27.0,"""What is going on?"" I said.",982.0
1706,210,1712597332952,49.0,It was then that he told me what I just told you.,1967.0
1706,211,1712597333479,3.0,***,527.0
1706,212,1712597335220,44.0,I sweep up the broken dishes and go outside.,1740.0
1706,213,1712597337544,85.0,"He is lying on his back on the grass now, the newspaper and can of beer within reach.",2324.0
1706,214,1712597339077,41.0,"""Stuart, could we go for a drive?"" I say.",1532.0
1706,215,1712597340108,30.0,He rolls over and looks at me.,1029.0
1706,216,1712597341711,37.0,"""We'll pick up some beer,"" he says...",1603.0
1706,217,1712597345031,62.0,He gets to his feet and touches me on the hip as he goes past.,3320.0
1706,218,1712597346010,28.0,"""Give me a minute,"" he says.",979.0
1706,219,1712597348170,39.0,We drive through town without speaking.,2159.0
1706,220,1712597349791,39.0,He stops at a roadside market for beer.,1621.0
1706,221,1712597351713,54.0,I notice a great stack of papers just inside the door.,1921.0
1706,222,1712597355648,89.0,On the top step a fat woman in a print dress holds out a licorice stick to a little girl.,3935.0
1706,223,1712597357719,66.0,"Later on, we cross Everson Creek and turn into the picnic grounds.",2071.0
1706,224,1712597360040,79.0,The creek runs under the bridge and into a large pond a few hundred yards away.,2320.0
1706,225,1712597361131,28.0,I can see the men out there.,1090.0
1706,226,1712597362292,33.0,I can see them out there fishing.,1161.0
1706,227,1712597363474,31.0,So much water so close to home.,1182.0
1706,228,1712597365022,43.0,"I say, ""Why did you have to go miles away?""",1547.0
1706,229,1712597365914,25.0,"""Don't rile me,"" he says.",891.0
1706,230,1712597366947,29.0,We sit on a bench in the sun.,1032.0
1706,231,1712597367909,25.0,He opens us cans of beer.,962.0
1706,232,1712597369152,25.0,"He says, ""Relax, Claire.""",1243.0
1706,233,1712597370906,30.0,"""They said they were innocent.",1753.0
1706,234,1712597371896,27.0,"They said they were crazy.""",989.0
1706,235,1712597372681,15.0,"He says, ""Who?""",785.0
1706,236,1712597374063,38.0,"He says, ""What are you talking about?""",1381.0
1706,237,1712597374968,21.0,"""The Maddox brothers.",904.0
1706,238,1712597378441,54.0,They killed a girl named Arlene Hubly where I grew up.,3473.0
1706,239,1712597380278,60.0,They cut off her head and threw her into the Cle Elum River.,1836.0
1706,240,1712597381534,31.0,"It happened when I was a girl.""",1255.0
1706,241,1712597383341,40.0,"""You're going to get me riled,"" he says.",1807.0
1706,242,1712597384525,20.0,I look at the creek.,1183.0
1706,243,1712597387101,79.0,"I'm right in it, eyes open, face down, staring at the moss on the bottom, dead.",2575.0
1706,244,1712597388875,62.0,"""I don't know what's wrong with you,"" he says on the way home.",1774.0
1706,245,1712597390244,45.0,"""You're getting me more riled by the minute.""",1368.0
1706,246,1712597391489,34.0,There is nothing I can say to him.,1245.0
1706,247,1712597392391,36.0,He tries to concentrate on the road.,901.0
1706,248,1712597393398,47.0,But he keeps looking into the rear-view mirror.,1007.0
1706,249,1712597394098,9.0,He knows.,700.0
1706,250,1712597394586,3.0,***,488.0
1706,251,1712597397815,52.0,Stuart believes he is letting me sleep this morning.,3228.0
1706,252,1712597399441,47.0,But I was awake long before the alarm went off.,1626.0
1706,253,1712597402695,74.0,"I was thinking, lying on the far side of the bed away from his hairy legs.",3253.0
1706,254,1712597406732,78.0,"He gets Dean off for school, and then he shaves, dresses, and leaves for work.",4037.0
1706,255,1712597408239,40.0,Twice he looks in and clears his throat.,1507.0
1706,256,1712597409246,26.0,But I keep my eyes closed.,1007.0
1706,257,1712597410510,38.0,In the kitchen I find a note from him.,1264.0
1706,258,1712597411597,19.0,"It's signed ""Love.""",1087.0
1706,259,1712597414529,74.0,I sit in the breakfast nook and drink coffee and leave a ring on the note.,2931.0
1706,260,1712597417395,67.0,I look at the newspaper and turn it this way and that on the table.,2865.0
1706,261,1712597418859,43.0,Then I skid it close and read what it says.,1464.0
1706,262,1712597420393,38.0,"The body has been identified, claimed.",1534.0
1706,263,1712597425819,155.0,"But it took some examining it, some putting things into it, some cutting, some weighing, some measuring, some putting things back again and sewing them in.",5426.0
1706,264,1712597427281,57.0,I sit for a long time holding the newspaper and thinking.,1461.0
1706,265,1712597429037,51.0,Then I call up to get a chair at the hairdresser's.,1756.0
1706,266,1712597429543,3.0,***,506.0
1706,267,1712597431834,75.0,I sit under the dryer with a magazine on my lap and let Marnie do my nails.,2291.0
1706,268,1712597433708,42.0,"""I am going to a funeral tomorrow,"" I say.",1873.0
1706,269,1712597434669,38.0,"""I'm sorry to hear that,"" Marnie says.",961.0
1706,270,1712597435673,25.0,"""It was a murder,"" I say.",1004.0
1706,271,1712597437262,37.0,"""That's the worst kind,"" Marnie says.",1588.0
1706,272,1712597438985,35.0,"""We weren't all that close,"" I say.",1723.0
1706,273,1712597439580,15.0,"""But you know?""",594.0
1706,274,1712597440749,45.0,"""We'll get you fixed up for it,"" Marnie says.",1169.0
1706,275,1712597442580,72.0,"That night I make my bed on the sofa, and in the morning I get up first.",1830.0
1706,276,1712597443749,50.0,I put on coffee and fix breakfast while he shaves.,1168.0
1706,277,1712597445591,76.0,"He appears in the kitchen doorway, towel over his bare shoulder, appraising.",1842.0
1706,278,1712597446494,23.0,"""Here's coffee,"" I say.",902.0
1706,279,1712597447471,31.0,"""Eggs'll be ready in a minute.”",976.0
1706,280,1712597448637,37.0,"I wake Dean, and the three of us eat.",1166.0
1706,281,1712597450353,79.0,"Whenever Stuart looks at me, I ask Dean if he wants more milk, more toast, etc.",1716.0
1706,282,1712597451890,56.0,"""I'll call you today,"" Stuart says as he opens the door.",1537.0
1706,283,1712597453521,42.0,"I say, ""I don't think I'll be home today.""",1631.0
1706,284,1712597454233,21.0,"""All right,"" he says.",712.0
1706,285,1712597454692,7.0,"""Sure.""",459.0
1706,286,1712597455250,18.0,I dress carefully.,558.0
1706,287,1712597456554,48.0,I try on a hat and look at myself in the mirror.,1304.0
1706,288,1712597457264,28.0,I write out a note for Dean.,709.0
1706,289,1712597459798,69.0,"Honey, Mommy has things to do this afternoon, but will be back later.",2534.0
1706,290,1712597461548,61.0,You stay in or be in the backyard until one of us comes home.,1750.0
1706,291,1712597462497,11.0,"Love, Mommy",949.0
1706,292,1712597464998,48.0,I look at the word Love and then I underline it.,2501.0
1706,293,1712597466460,29.0,Then I see the word backyard.,1462.0
1706,294,1712597469229,22.0,Is it one word or two?,2768.0
1706,295,1712597469980,3.0,***,749.0
1706,296,1712597474330,121.0,"I drive through farm country, through fields of oats and sugar beets and past apple orchards, cattle grazing in pastures.",4350.0
1706,297,1712597476097,99.0,"Then everything changes, more like shacks than farmhouses and stands of timber instead of orchards.",1766.0
1706,298,1712597480798,78.0,"Then mountains, and on the right, far below, I sometimes see the Naches River.",4700.0
1706,299,1712597482059,64.0,A green pickup comes up behind me and stays behind me for miles.,1260.0
1706,300,1712597483662,55.0,"I keep slowing at the wrong times, hoping he will pass.",1603.0
1706,301,1712597484425,16.0,Then I speed up.,763.0
1706,302,1712597485351,36.0,"But this is at the wrong times, too.",925.0
1706,303,1712597486607,39.0,I grip the wheel until my fingers hurt.,1256.0
1706,304,1712597487626,37.0,On a long clear stretch he goes past.,1018.0
1706,305,1712597489256,73.0,"But he drives along beside for a bit, a crewcut man in a blue work shirt.",1630.0
1706,306,1712597490221,24.0,We look each other over.,965.0
1706,307,1712597491338,53.0,"Then he waves, toots his horn, and pulls on up ahead.",1116.0
1706,308,1712597492631,29.0,I slow down and find a place.,1293.0
1706,309,1712597493739,35.0,I pull over and shut off the motor.,1107.0
1706,310,1712597495091,42.0,I can hear the river down below the trees.,1351.0
1706,311,1712597496072,35.0,Then I hear the pickup coming back.,981.0
1706,312,1712597497668,41.0,I lock the doors and roll up the windows.,1596.0
1706,313,1712597498797,30.0,"""You all right?"" the man says.",1129.0
1706,314,1712597500302,21.0,He raps on the glass.,1505.0
1706,315,1712597500918,11.0,"""You okay?""",615.0
1706,316,1712597502916,64.0,He leans his arms on the door and brings his face to the window.,1997.0
1706,317,1712597503683,15.0,I stare at him.,765.0
1706,318,1712597504627,30.0,I can't think what else to do.,944.0
1706,319,1712597505673,34.0,"""Is everything all right in there?",1045.0
1706,320,1712597506912,31.0,"How come you're all locked up?""",1239.0
1706,321,1712597507622,16.0,I shake my head.,710.0
1706,322,1712597508431,24.0,"""Roll down your window.""",809.0
1706,323,1712597511051,64.0,He shakes his head and looks at the highway and then back at me.,2619.0
1706,324,1712597511869,19.0,"""Roll it down now.""",818.0
1706,325,1712597513174,32.0,"""Please,"" I say, ""I have to go.""",1304.0
1706,326,1712597515331,50.0,"""Open the door,"" he says as if he isn't listening.",2157.0
1706,327,1712597516692,33.0,"""You're going to choke in there.""",1361.0
1706,328,1712597518783,32.0,"He looks at my breasts, my legs.",2091.0
1706,329,1712597521208,34.0,I can tell that's what he's doing.,2425.0
1706,330,1712597522085,22.0,"""Hey, sugar,"" he says.",877.0
1706,331,1712597523051,31.0,"""I'm just here to help is all.""",966.0
1706,332,1712597523753,3.0,***,700.0
1706,333,1712597525871,52.0,The casket is closed and covered with floral sprays.,2117.0
1706,334,1712597527590,45.0,The organ starts up the minute I take a seat.,1719.0
1706,335,1712597529973,40.0,People are coming in and finding chairs.,2382.0
1706,336,1712597532173,63.0,There's a boy in flared pants and a yellow short-sleeved shirt.,2200.0
1706,337,1712597535023,100.0,A door opens and the family comes in in a group and moves over to a curtained place off to one side.,2850.0
1706,338,1712597537057,39.0,Chairs creak as everybody gets settled.,2034.0
1706,339,1712597541189,83.0,"Directly, a nice blond man in a nice dark suit stands and asks us to bow our heads.",4132.0
1706,340,1712597544577,105.0,"He says a prayer for us, the living, and when he finishes, he says a prayer for the soul of the departed.",3387.0
1706,341,1712597545732,43.0,Along with the others I go past the casket.,1155.0
1706,342,1712597547562,66.0,Then I move out onto the front steps and into the afternoon light.,1830.0
1706,343,1712597550533,66.0,There's a woman who limps as she goes down the stairs ahead of me.,2970.0
1706,344,1712597551307,33.0,On the sidewalk she looks around.,774.0
1706,345,1712597553107,31.0,"""Well, they got him,"" she says.",1799.0
1706,346,1712597554270,27.0,"""If that's any consolation.",1163.0
1706,347,1712597555198,31.0,They arrested him this morning.,928.0
1706,348,1712597556630,38.0,I heard it on the radio before I come.,1432.0
1706,349,1712597558051,26.0,"A boy right here in town.""",1419.0
1706,350,1712597560218,42.0,We move a few steps down the hot sidewalk.,2167.0
1706,351,1712597561244,25.0,People are starting cars.,1026.0
1706,352,1712597562894,49.0,I put out my hand and hold on to a parking meter.,1650.0
1706,353,1712597565040,36.0,Polished hoods and polished fenders.,2145.0
1706,354,1712597565948,14.0,My head swims.,907.0
1706,355,1712597568788,41.0,"I say, ""They have friends, these killers.",2839.0
1706,356,1712597569765,16.0,"You can't tell.""",977.0
1706,357,1712597572626,70.0,"""I have known that child since she was a little girl,"" the woman says.",2860.0
1706,358,1712597574881,93.0,"""She used to come over and I'd bake cookies for her and let her eat them in front of the TV.""",2254.0
1706,359,1712597575447,3.0,***,565.0
1706,360,1712597577312,76.0,"Back home, Stuart sits at the table with a drink of whiskey in front of him.",1865.0
1706,361,1712597580067,57.0,For a crazy instant I think something's happened to Dean.,2755.0
1706,362,1712597580669,14.0,"""Where is he?""",602.0
1706,363,1712597581385,6.0,I say.,716.0
1706,364,1712597582043,16.0,"""Where is Dean?""",658.0
1706,365,1712597582859,27.0,"""Outside,"" my husband says.",815.0
1706,366,1712597583976,34.0,He drains his glass and stands up.,1116.0
1706,367,1712597586742,40.0,"He says, ""I think I know what you need.""",2765.0
1706,368,1712597592574,138.0,He reaches an arm around my waist and with his other hand he begins to unbutton my jacket and then he goes on to the buttons of my blouse.,5831.0
1706,369,1712597593852,30.0,"""First things first,"" he says.",1277.0
1706,370,1712597594799,23.0,He says something else.,947.0
1706,371,1712597595617,27.0,But I don't need to listen.,818.0
1706,372,1712597597490,46.0,I can't hear a thing with so much water going.,1873.0
1706,373,1712597598013,3.0,***,523.0
1725,90,1712601332758,3.0,***,2138.0
1725,91,1712601336112,37.0,My husband eats with a good appetite.,3353.0
1725,92,1712601338948,37.0,But I don't think he's really hungry.,2836.0
1725,93,1712601348124,69.0,"He chews, arms on the table, and stares at something across the room.",9176.0
1725,94,1712601350701,30.0,He looks at me and looks away.,2577.0
1725,95,1712601353357,33.0,He wipes his mouth on the napkin.,2656.0
1725,96,1712601355296,30.0,"He shrugs, and goes on eating.",1939.0
1725,97,1712601357269,42.0,"""What are you staring at me for?"" he says.",1973.0
1725,98,1712601358801,45.0,"""What is it?"" he says and lays down his fork.",1531.0
1725,99,1712601360447,42.0,"""Was I staring?"" I say, and shake my head.",1646.0
1725,100,1712601362189,20.0,The telephone rings.,1741.0
1725,101,1712601363503,27.0,"""Don't answer it,"" he says.",1314.0
1725,102,1712601364629,33.0,"""It might be your mother,"" I say.",1126.0
1725,103,1712601366019,25.0,"""Watch and see,"" he says.",1390.0
1725,104,1712601367205,34.0,I pick up the receiver and listen.,1185.0
1725,105,1712601368268,24.0,My husband stops eating.,1063.0
1725,106,1712601371732,46.0,"""What did I tell you?"" he says when I hang up.",3464.0
1725,107,1712601373827,23.0,He starts to eat again.,2095.0
1725,108,1712601375290,36.0,Then throws his napkin on his plate.,1463.0
1725,109,1712601377776,63.0,"He says, ""Goddamn it, why can't people mind their own business?",2486.0
1725,110,1712601379754,41.0,Tell me what I did wrong and I'll listen!,1978.0
1725,111,1712601381418,28.0,I wasn't the only man there.,1664.0
1725,112,1712601383226,37.0,We talked it over and we all decided.,1808.0
1725,113,1712601384710,29.0,We couldn't just turn around.,1484.0
1725,114,1712601386489,32.0,We were five miles from the car.,1779.0
1725,115,1712601387960,34.0,I won't have you passing judgment.,1471.0
1725,116,1712601389300,13.0,"Do you hear?""",1340.0
1725,117,1712601390553,18.0,"""You know,"" I say.",1252.0
1725,118,1712601391813,33.0,"He says, ""What do I know, Claire?",1260.0
1725,119,1712601392859,34.0,Tell me what I'm supposed to know.,1045.0
1725,120,1712601393777,40.0,"I don't know anything except one thing?""",918.0
1725,121,1712601395386,48.0,He gives me what he thinks is a meaningful look.,1609.0
1725,122,1712601396886,24.0,"""She was dead,"" he says.",1498.0
1725,123,1712601398015,33.0,"""And I'm as sorry as anyone else.",1129.0
1725,124,1712601399321,18.0,"But she was dead.""",1306.0
1725,125,1712601400472,26.0,"""That's the point,"" I say.",1151.0
1725,126,1712601401665,20.0,He raises his hands.,1193.0
1725,127,1712601402740,40.0,He pushes his chair away from the table.,1075.0
1725,128,1712601405215,72.0,He takes out his cigarettes and goes out to the back with a can of beer.,2475.0
1725,129,1712601407857,64.0,I see him sit in the lawn chair and pick up the newspaper again.,2641.0
1725,130,1712601410954,39.0,His name is in there on the first page.,3097.0
1725,131,1712601412622,36.0,Along with the names of his friends.,1667.0
1725,132,1712601414356,40.0,I close my eyes and hold on to the sink.,1734.0
1725,133,1712601417596,74.0,Then I rake my arm across the drainboard and send the dishes to the floor.,3240.0
1725,134,1712601419788,16.0,He doesn't move.,2192.0
1725,135,1712601421624,18.0,I know he's heard.,1836.0
1725,136,1712601423015,40.0,He lifts his head as if still listening.,1391.0
1725,137,1712601424165,30.0,But he doesn't move otherwise.,1149.0
1725,138,1712601425460,23.0,He doesn't turn around.,1295.0
1725,139,1712601426669,3.0,***,1209.0
1725,140,1712601429566,88.0,"He and Gordon Johnson and Mel Dorn and Vern Williams, they play poker and bowl and fish.",2897.0
1725,141,1712601431322,85.0,They fish every spring and early summer before visiting relatives can get in the way.,1756.0
1725,142,1712601432919,65.0,"They are decent men, family men, men who take care of their jobs.",1597.0
1725,143,1712601435104,65.0,"They have sons and daughters who go to school with our son, Dean.",2185.0
1725,144,1712601437118,55.0,Last Friday these family men left for the Naches River.,2014.0
1725,145,1712601449860,76.0,They parked the car in the mountains and hiked to where they wanted to fish.,12741.0
1725,146,1712601463357,76.0,"They carried their bedrolls, their food, their playing cards, their whiskey.",13497.0
1725,147,1712601465269,42.0,They saw the girl before they set up camp.,1912.0
1725,148,1712601467015,19.0,Mel Dorn found her.,1746.0
1725,149,1712601468126,25.0,No clothes on her at all.,1111.0
1725,150,1712601471193,64.0,She was wedged into some branches that stuck out over the water.,3067.0
1725,151,1712601473485,43.0,He called the others and they came to look.,2292.0
1725,152,1712601474630,29.0,They talked about what to do.,1145.0
1725,153,1712601475837,82.0,One of the men - my Stuart didn't say which - said they should start back at once.,1207.0
1725,154,1712601479266,86.0,"The others stirred the sand with their shoes, said they didn't feel inclined that way.",3429.0
1725,155,1712601481028,82.0,"They pleaded fatigue, the late hour, the fact that the girl wasn't going anywhere.",1762.0
1725,156,1712601483138,47.0,In the end they went ahead and set up the camp.,2109.0
1725,157,1712601484419,42.0,They built a fire and drank their whiskey.,1281.0
1725,158,1712601485572,50.0,"When the moon came up, they talked about the girl.",1153.0
1725,159,1712601489410,59.0,Someone said they should -keep the body from drifting away.,3837.0
1725,160,1712601490621,55.0,They took their flashlights and went back to the river.,1210.0
1725,161,1712601491770,66.0,One of the men - it might have been Stuart - waded in and got her.,1148.0
1725,162,1712601493128,53.0,He took her by the fingers and pulled her into shore.,1357.0
1725,163,1712601494176,87.0,He got some nylon cord and tied it to her wrist and then looped the rest around a tree.,1048.0
1725,164,1712601495313,99.0,"The next morning they cooked breakfast, drank coffee, and drank whiskey, and then split up to fish.",1137.0
1725,165,1712601501133,182.0,"That night they cooked fish, cooked potatoes, drank coffee, drank whiskey, then took their cooking things and eating things back down to the river and washed them where the girl was.",5820.0
1725,166,1712601502152,32.0,They played some cards later on.,1019.0
1725,167,1712601504565,55.0,Maybe they played until they couldn't see them anymore.,2413.0
1725,168,1712601505924,28.0,Vern Williams went to sleep.,1358.0
1725,169,1712601507535,28.0,But the others told stories.,1610.0
1725,170,1712601510154,100.0,Gordon Johnson said the trout they'd caught were hard because of the terrible coldness of the water.,2619.0
1725,171,1712601513705,154.0,"The next morning they got up late, drank whiskey, fished a little, took down their tents, rolled their sleeping bags, gathered their stuff, and hiked out.",3551.0
1725,172,1712601515719,41.0,They drove until they got to a telephone.,2013.0
1725,173,1712601517950,86.0,It was Stuart who made the call while the others stood around in the sun and listened.,2231.0
1725,174,1712601520149,32.0,He gave the sheriff their names.,2199.0
1725,175,1712601522079,25.0,They had nothing to hide.,1930.0
1725,176,1712601523503,21.0,They weren't ashamed.,1424.0
1725,177,1712601525737,100.0,They said they'd wait until someone could come for better directions and take down their statements.,2234.0
1725,178,1712601526966,3.0,***,1229.0
1725,179,1712601529584,30.0,I was asleep when he got home.,2618.0
1725,180,1712601531619,46.0,But I woke up when I heard him in the kitchen.,2034.0
1725,181,1712601535937,64.0,I found him leaning against the refrigerator with a can of beer.,4318.0
1725,182,1712601538809,68.0,He put his heavy arms around me and rubbed his big hands on my back.,2872.0
1725,183,1712601540001,85.0,In bed he put his hands on me again and then waited as if thinking of something else.,1192.0
1725,184,1712601542512,28.0,I turned and opened my legs.,2510.0
1725,185,1712601545164,36.0,"Afterwards, I think he stayed awake.",2652.0
1725,186,1712601547311,53.0,He was up that morning before I could get out of bed.,2147.0
1725,187,1712601550712,54.0,"To see if there was something in the paper, I suppose.",3401.0
1725,188,1712601552067,46.0,The telephone began ringing right after eight.,1355.0
1725,189,1712601553698,13.0,"""Go to hell!""",1631.0
1725,190,1712601555684,18.0,I heard him shout.,1986.0
1725,191,1712601559108,31.0,The telephone rang right again.,3424.0
1725,192,1712601561778,59.0,"""I have nothing to add to what I already told the sheriff!""",2669.0
1725,193,1712601563658,29.0,He slammed the receiver down.,1879.0
1725,194,1712601565093,27.0,"""What is going on?"" I said.",1435.0
1725,195,1712601566246,49.0,It was then that he told me what I just told you.,1153.0
1725,196,1712601568377,3.0,***,2131.0
1725,197,1712601572545,44.0,I sweep up the broken dishes and go outside.,4168.0
1725,198,1712601575645,85.0,"He is lying on his back on the grass now, the newspaper and can of beer within reach.",3099.0
1725,199,1712601577478,41.0,"""Stuart, could we go for a drive?"" I say.",1833.0
1725,200,1712601579562,30.0,He rolls over and looks at me.,2084.0
1725,201,1712601580503,37.0,"""We'll pick up some beer,"" he says...",940.0
1725,202,1712601582936,62.0,He gets to his feet and touches me on the hip as he goes past.,2433.0
1725,203,1712601583904,28.0,"""Give me a minute,"" he says.",968.0
1725,204,1712601585770,39.0,We drive through town without speaking.,1866.0
1725,205,1712601587171,39.0,He stops at a roadside market for beer.,1401.0
1725,206,1712601588616,54.0,I notice a great stack of papers just inside the door.,1445.0
1725,207,1712601590016,89.0,On the top step a fat woman in a print dress holds out a licorice stick to a little girl.,1400.0
1725,208,1712601591746,66.0,"Later on, we cross Everson Creek and turn into the picnic grounds.",1730.0
1725,209,1712601593554,79.0,The creek runs under the bridge and into a large pond a few hundred yards away.,1807.0
1725,210,1712601595181,28.0,I can see the men out there.,1627.0
1725,211,1712601596873,33.0,I can see them out there fishing.,1692.0
1725,212,1712601598411,31.0,So much water so close to home.,1537.0
1725,213,1712601600335,43.0,"I say, ""Why did you have to go miles away?""",1924.0
1725,214,1712601601318,25.0,"""Don't rile me,"" he says.",983.0
1725,215,1712601602580,29.0,We sit on a bench in the sun.,1261.0
1725,216,1712601603783,25.0,He opens us cans of beer.,1202.0
1725,217,1712601605404,25.0,"He says, ""Relax, Claire.""",1620.0
1725,218,1712601607012,30.0,"""They said they were innocent.",1608.0
1725,219,1712601608384,27.0,"They said they were crazy.""",1371.0
1725,220,1712601609520,15.0,"He says, ""Who?""",1136.0
1725,221,1712601611083,38.0,"He says, ""What are you talking about?""",1563.0
1725,222,1712601612382,21.0,"""The Maddox brothers.",1299.0
1725,223,1712601615093,54.0,They killed a girl named Arlene Hubly where I grew up.,2710.0
1725,224,1712601617595,60.0,They cut off her head and threw her into the Cle Elum River.,2502.0
1725,225,1712601619348,31.0,"It happened when I was a girl.""",1753.0
1725,226,1712601621280,40.0,"""You're going to get me riled,"" he says.",1932.0
1725,227,1712601622484,20.0,I look at the creek.,1203.0
1725,228,1712601625429,79.0,"I'm right in it, eyes open, face down, staring at the moss on the bottom, dead.",2945.0
1725,229,1712601627924,62.0,"""I don't know what's wrong with you,"" he says on the way home.",2495.0
1725,230,1712601629751,45.0,"""You're getting me more riled by the minute.""",1827.0
1725,231,1712601631997,34.0,There is nothing I can say to him.,2246.0
1725,232,1712601634123,36.0,He tries to concentrate on the road.,2126.0
1725,233,1712601636630,47.0,But he keeps looking into the rear-view mirror.,2506.0
1725,234,1712601637507,9.0,He knows.,877.0
1725,235,1712601638110,3.0,***,603.0
1725,236,1712601642208,52.0,Stuart believes he is letting me sleep this morning.,4098.0
1725,237,1712601644232,47.0,But I was awake long before the alarm went off.,2024.0
1725,238,1712601648337,74.0,"I was thinking, lying on the far side of the bed away from his hairy legs.",4105.0
1725,239,1712601651475,78.0,"He gets Dean off for school, and then he shaves, dresses, and leaves for work.",3138.0
1725,240,1712601654143,40.0,Twice he looks in and clears his throat.,2668.0
1725,241,1712601656084,26.0,But I keep my eyes closed.,1941.0
1725,242,1712601659216,38.0,In the kitchen I find a note from him.,3132.0
1725,243,1712601660770,19.0,"It's signed ""Love.""",1554.0
1725,244,1712601664692,74.0,I sit in the breakfast nook and drink coffee and leave a ring on the note.,3921.0
1725,245,1712601668690,67.0,I look at the newspaper and turn it this way and that on the table.,3998.0
1725,246,1712601670555,43.0,Then I skid it close and read what it says.,1865.0
1725,247,1712601672488,38.0,"The body has been identified, claimed.",1933.0
1725,248,1712601680258,155.0,"But it took some examining it, some putting things into it, some cutting, some weighing, some measuring, some putting things back again and sewing them in.",7770.0
1725,249,1712601683954,57.0,I sit for a long time holding the newspaper and thinking.,3696.0
1725,250,1712601689452,51.0,Then I call up to get a chair at the hairdresser's.,5498.0
1725,251,1712601690332,3.0,***,880.0
1725,252,1712601695620,75.0,I sit under the dryer with a magazine on my lap and let Marnie do my nails.,5287.0
1725,253,1712601701071,42.0,"""I am going to a funeral tomorrow,"" I say.",5451.0
1725,254,1712601703873,38.0,"""I'm sorry to hear that,"" Marnie says.",2801.0
1725,255,1712601705294,25.0,"""It was a murder,"" I say.",1421.0
1725,256,1712601706612,37.0,"""That's the worst kind,"" Marnie says.",1318.0
1725,257,1712601708339,35.0,"""We weren't all that close,"" I say.",1727.0
1725,258,1712601709733,15.0,"""But you know?""",1394.0
1725,259,1712601711539,45.0,"""We'll get you fixed up for it,"" Marnie says.",1806.0
1725,260,1712601713425,72.0,"That night I make my bed on the sofa, and in the morning I get up first.",1886.0
1725,261,1712601715936,50.0,I put on coffee and fix breakfast while he shaves.,2510.0
1725,262,1712601718683,76.0,"He appears in the kitchen doorway, towel over his bare shoulder, appraising.",2747.0
1725,263,1712601719895,23.0,"""Here's coffee,"" I say.",1211.0
1725,264,1712601721104,31.0,"""Eggs'll be ready in a minute.”",1208.0
1725,265,1712601722773,37.0,"I wake Dean, and the three of us eat.",1669.0
1725,266,1712601725548,79.0,"Whenever Stuart looks at me, I ask Dean if he wants more milk, more toast, etc.",2774.0
1725,267,1712601726930,56.0,"""I'll call you today,"" Stuart says as he opens the door.",1381.0
1725,268,1712601729543,42.0,"I say, ""I don't think I'll be home today.""",2613.0
1725,269,1712601731088,21.0,"""All right,"" he says.",1545.0
1725,270,1712601732027,7.0,"""Sure.""",939.0
1725,271,1712601732954,18.0,I dress carefully.,927.0
1725,272,1712601734816,48.0,I try on a hat and look at myself in the mirror.,1862.0
1725,273,1712601736694,28.0,I write out a note for Dean.,1877.0
1725,274,1712601739684,69.0,"Honey, Mommy has things to do this afternoon, but will be back later.",2990.0
1725,275,1712601743298,61.0,You stay in or be in the backyard until one of us comes home.,3614.0
1725,276,1712601744482,11.0,"Love, Mommy",1184.0
1725,277,1712601747191,48.0,I look at the word Love and then I underline it.,2709.0
1725,278,1712601748842,29.0,Then I see the word backyard.,1651.0
1725,279,1712601750195,22.0,Is it one word or two?,1353.0
1725,280,1712601751036,3.0,***,841.0
1725,281,1712601755024,121.0,"I drive through farm country, through fields of oats and sugar beets and past apple orchards, cattle grazing in pastures.",3988.0
1725,282,1712601759064,99.0,"Then everything changes, more like shacks than farmhouses and stands of timber instead of orchards.",4040.0
1725,283,1712601763117,78.0,"Then mountains, and on the right, far below, I sometimes see the Naches River.",4052.0
1725,284,1712601767279,64.0,A green pickup comes up behind me and stays behind me for miles.,4162.0
1725,285,1712601771123,55.0,"I keep slowing at the wrong times, hoping he will pass.",3844.0
1725,286,1712601772409,16.0,Then I speed up.,1286.0
1725,287,1712601774043,36.0,"But this is at the wrong times, too.",1634.0
1725,288,1712601776203,39.0,I grip the wheel until my fingers hurt.,2159.0
1725,289,1712601778890,37.0,On a long clear stretch he goes past.,2687.0
1725,290,1712601783620,73.0,"But he drives along beside for a bit, a crewcut man in a blue work shirt.",4730.0
1725,291,1712601786580,24.0,We look each other over.,2960.0
1725,292,1712601790379,53.0,"Then he waves, toots his horn, and pulls on up ahead.",3799.0
1725,293,1712601792263,29.0,I slow down and find a place.,1883.0
1725,294,1712601793878,35.0,I pull over and shut off the motor.,1615.0
1725,295,1712601795828,42.0,I can hear the river down below the trees.,1950.0
1725,296,1712601797529,35.0,Then I hear the pickup coming back.,1701.0
1725,297,1712601798927,41.0,I lock the doors and roll up the windows.,1398.0
1725,298,1712601800122,30.0,"""You all right?"" the man says.",1195.0
1725,299,1712601801390,21.0,He raps on the glass.,1268.0
1725,300,1712601802552,11.0,"""You okay?""",1162.0
1725,301,1712601804262,64.0,He leans his arms on the door and brings his face to the window.,1710.0
1725,302,1712601805018,15.0,I stare at him.,756.0
1725,303,1712601805839,30.0,I can't think what else to do.,821.0
1725,304,1712601807592,34.0,"""Is everything all right in there?",1753.0
1725,305,1712601808967,31.0,"How come you're all locked up?""",1375.0
1725,306,1712601809996,16.0,I shake my head.,1029.0
1725,307,1712601811574,24.0,"""Roll down your window.""",1578.0
1725,308,1712601813944,64.0,He shakes his head and looks at the highway and then back at me.,2370.0
1725,309,1712601815605,19.0,"""Roll it down now.""",1661.0
1725,310,1712601817058,32.0,"""Please,"" I say, ""I have to go.""",1453.0
1725,311,1712601819543,50.0,"""Open the door,"" he says as if he isn't listening.",2485.0
1725,312,1712601821560,33.0,"""You're going to choke in there.""",2017.0
1725,313,1712601823900,32.0,"He looks at my breasts, my legs.",2340.0
1725,314,1712601826068,34.0,I can tell that's what he's doing.,2168.0
1725,315,1712601826571,22.0,"""Hey, sugar,"" he says.",503.0
1725,316,1712601826692,31.0,"""I'm just here to help is all.""",121.0
1725,317,1712601826812,3.0,***,119.0
1725,318,1712601829607,52.0,The casket is closed and covered with floral sprays.,2795.0
1725,319,1712601830723,45.0,The organ starts up the minute I take a seat.,1116.0
1725,320,1712601832682,40.0,People are coming in and finding chairs.,1959.0
1725,321,1712601834551,63.0,There's a boy in flared pants and a yellow short-sleeved shirt.,1869.0
1725,322,1712601836120,100.0,A door opens and the family comes in in a group and moves over to a curtained place off to one side.,1568.0
1725,323,1712601837506,39.0,Chairs creak as everybody gets settled.,1386.0
1725,324,1712601839045,83.0,"Directly, a nice blond man in a nice dark suit stands and asks us to bow our heads.",1539.0
1725,325,1712601842994,105.0,"He says a prayer for us, the living, and when he finishes, he says a prayer for the soul of the departed.",3949.0
1725,326,1712601845210,43.0,Along with the others I go past the casket.,2216.0
1725,327,1712601848037,66.0,Then I move out onto the front steps and into the afternoon light.,2827.0
1725,328,1712601851232,66.0,There's a woman who limps as she goes down the stairs ahead of me.,3195.0
1725,329,1712601852728,33.0,On the sidewalk she looks around.,1496.0
1725,330,1712601854365,31.0,"""Well, they got him,"" she says.",1637.0
1725,331,1712601855523,27.0,"""If that's any consolation.",1158.0
1725,332,1712601858850,31.0,They arrested him this morning.,3327.0
1725,333,1712601861397,38.0,I heard it on the radio before I come.,2547.0
1725,334,1712601864273,26.0,"A boy right here in town.""",2876.0
1725,335,1712601866204,42.0,We move a few steps down the hot sidewalk.,1931.0
1725,336,1712601867893,25.0,People are starting cars.,1689.0
1725,337,1712601870844,49.0,I put out my hand and hold on to a parking meter.,2951.0
1725,338,1712601872758,36.0,Polished hoods and polished fenders.,1914.0
1725,339,1712601873788,14.0,My head swims.,1030.0
1725,340,1712601875678,41.0,"I say, ""They have friends, these killers.",1890.0
1725,341,1712601876904,16.0,"You can't tell.""",1226.0
1725,342,1712601881173,70.0,"""I have known that child since she was a little girl,"" the woman says.",4269.0
1725,343,1712601883873,93.0,"""She used to come over and I'd bake cookies for her and let her eat them in front of the TV.""",2700.0
1725,344,1712601885047,3.0,***,1174.0
1725,345,1712601890451,76.0,"Back home, Stuart sits at the table with a drink of whiskey in front of him.",5404.0
1725,346,1712601894558,57.0,For a crazy instant I think something's happened to Dean.,4106.0
1725,347,1712601896241,14.0,"""Where is he?""",1683.0
1725,348,1712601897284,6.0,I say.,1043.0
1725,349,1712601898713,16.0,"""Where is Dean?""",1429.0
1725,350,1712601900332,27.0,"""Outside,"" my husband says.",1618.0
1725,351,1712601902595,34.0,He drains his glass and stands up.,2263.0
1725,352,1712601904903,40.0,"He says, ""I think I know what you need.""",2308.0
1725,353,1712601908752,138.0,He reaches an arm around my waist and with his other hand he begins to unbutton my jacket and then he goes on to the buttons of my blouse.,3848.0
1725,354,1712601910270,30.0,"""First things first,"" he says.",1518.0
1725,355,1712601911629,23.0,He says something else.,1358.0
1725,356,1712601913386,27.0,But I don't need to listen.,1757.0
1725,357,1712601914848,46.0,I can't hear a thing with so much water going.,1462.0
1725,358,1712601915909,3.0,***,1061.0
1684,79,1712422310220,3.0,***,3302.0
1684,80,1712422311667,37.0,My husband eats with a good appetite.,1446.0
1684,81,1712422313387,37.0,But I don't think he's really hungry.,1720.0
1684,82,1712422316728,69.0,"He chews, arms on the table, and stares at something across the room.",3341.0
1684,83,1712422318391,30.0,He looks at me and looks away.,1663.0
1684,84,1712422320180,33.0,He wipes his mouth on the napkin.,1789.0
1684,85,1712422321513,30.0,"He shrugs, and goes on eating.",1333.0
1684,86,1712422323008,42.0,"""What are you staring at me for?"" he says.",1495.0
1684,87,1712422324883,45.0,"""What is it?"" he says and lays down his fork.",1875.0
1684,88,1712422327836,42.0,"""Was I staring?"" I say, and shake my head.",2953.0
1684,89,1712422328708,20.0,The telephone rings.,872.0
1684,90,1712422329660,27.0,"""Don't answer it,"" he says.",952.0
1684,91,1712422330679,33.0,"""It might be your mother,"" I say.",1019.0
1684,92,1712422332068,25.0,"""Watch and see,"" he says.",1389.0
1684,93,1712422333681,34.0,I pick up the receiver and listen.,1613.0
1684,94,1712422334839,24.0,My husband stops eating.,1158.0
1684,95,1712422337925,46.0,"""What did I tell you?"" he says when I hang up.",3086.0
1684,96,1712422339094,23.0,He starts to eat again.,1168.0
1684,97,1712422340980,36.0,Then throws his napkin on his plate.,1886.0
1684,98,1712422343135,63.0,"He says, ""Goddamn it, why can't people mind their own business?",2155.0
1684,99,1712422345031,41.0,Tell me what I did wrong and I'll listen!,1895.0
1684,100,1712422347250,28.0,I wasn't the only man there.,2219.0
1684,101,1712422348970,37.0,We talked it over and we all decided.,1719.0
1684,102,1712422350215,29.0,We couldn't just turn around.,1244.0
1684,103,1712422351408,32.0,We were five miles from the car.,1193.0
1684,104,1712422352880,34.0,I won't have you passing judgment.,1472.0
1684,105,1712422353710,13.0,"Do you hear?""",830.0
1684,106,1712422354518,18.0,"""You know,"" I say.",808.0
1684,107,1712422357193,33.0,"He says, ""What do I know, Claire?",2675.0
1684,108,1712422358253,34.0,Tell me what I'm supposed to know.,1060.0
1684,109,1712422360436,40.0,"I don't know anything except one thing?""",2182.0
1684,110,1712422362391,48.0,He gives me what he thinks is a meaningful look.,1955.0
1684,111,1712422363928,24.0,"""She was dead,"" he says.",1537.0
1684,112,1712422365869,33.0,"""And I'm as sorry as anyone else.",1941.0
1684,113,1712422366739,18.0,"But she was dead.""",870.0
1684,114,1712422367578,26.0,"""That's the point,"" I say.",838.0
1684,115,1712422368466,20.0,He raises his hands.,887.0
1684,116,1712422369574,40.0,He pushes his chair away from the table.,1108.0
1684,117,1712422371996,72.0,He takes out his cigarettes and goes out to the back with a can of beer.,2421.0
1684,118,1712422374203,64.0,I see him sit in the lawn chair and pick up the newspaper again.,2207.0
1684,119,1712422376539,39.0,His name is in there on the first page.,2336.0
1684,120,1712422377600,36.0,Along with the names of his friends.,1060.0
1684,121,1712422379047,40.0,I close my eyes and hold on to the sink.,1447.0
1684,122,1712422381822,74.0,Then I rake my arm across the drainboard and send the dishes to the floor.,2775.0
1684,123,1712422382766,16.0,He doesn't move.,944.0
1684,124,1712422383708,18.0,I know he's heard.,942.0
1684,125,1712422386621,40.0,He lifts his head as if still listening.,2913.0
1684,126,1712422387743,30.0,But he doesn't move otherwise.,1121.0
1684,127,1712422388732,23.0,He doesn't turn around.,989.0
1684,128,1712422389514,3.0,***,782.0
1684,129,1712422392464,88.0,"He and Gordon Johnson and Mel Dorn and Vern Williams, they play poker and bowl and fish.",2950.0
1684,130,1712422396679,85.0,They fish every spring and early summer before visiting relatives can get in the way.,4215.0
1684,131,1712422398940,65.0,"They are decent men, family men, men who take care of their jobs.",2261.0
1684,132,1712422401466,65.0,"They have sons and daughters who go to school with our son, Dean.",2526.0
1684,133,1712422404724,55.0,Last Friday these family men left for the Naches River.,3257.0
1684,134,1712422406817,76.0,They parked the car in the mountains and hiked to where they wanted to fish.,2093.0
1684,135,1712422409295,76.0,"They carried their bedrolls, their food, their playing cards, their whiskey.",2477.0
1684,136,1712422411337,42.0,They saw the girl before they set up camp.,2042.0
1684,137,1712422412742,19.0,Mel Dorn found her.,1405.0
1684,138,1712422413894,25.0,No clothes on her at all.,1152.0
1684,139,1712422418936,64.0,She was wedged into some branches that stuck out over the water.,5042.0
1684,140,1712422420518,43.0,He called the others and they came to look.,1582.0
1684,141,1712422421758,29.0,They talked about what to do.,1239.0
1684,142,1712422426155,82.0,One of the men - my Stuart didn't say which - said they should start back at once.,4397.0
1684,143,1712422433071,86.0,"The others stirred the sand with their shoes, said they didn't feel inclined that way.",6916.0
1684,144,1712422440297,82.0,"They pleaded fatigue, the late hour, the fact that the girl wasn't going anywhere.",7226.0
1684,145,1712422442203,47.0,In the end they went ahead and set up the camp.,1906.0
1684,146,1712422443652,42.0,They built a fire and drank their whiskey.,1449.0
1684,147,1712422444989,50.0,"When the moon came up, they talked about the girl.",1336.0
1684,148,1712422453303,59.0,Someone said they should -keep the body from drifting away.,8314.0
1684,149,1712422466565,55.0,They took their flashlights and went back to the river.,13262.0
1684,150,1712422498650,66.0,One of the men - it might have been Stuart - waded in and got her.,32085.0
1684,151,1712422502970,53.0,He took her by the fingers and pulled her into shore.,4320.0
1684,152,1712422506347,87.0,He got some nylon cord and tied it to her wrist and then looped the rest around a tree.,3377.0
1684,153,1712422509113,99.0,"The next morning they cooked breakfast, drank coffee, and drank whiskey, and then split up to fish.",2766.0
1684,154,1712422516742,182.0,"That night they cooked fish, cooked potatoes, drank coffee, drank whiskey, then took their cooking things and eating things back down to the river and washed them where the girl was.",7629.0
1684,155,1712422517904,32.0,They played some cards later on.,1161.0
1684,156,1712422532862,55.0,Maybe they played until they couldn't see them anymore.,14958.0
1684,157,1712422534523,28.0,Vern Williams went to sleep.,1661.0
1684,158,1712422537829,28.0,But the others told stories.,3305.0
1684,159,1712422541783,100.0,Gordon Johnson said the trout they'd caught were hard because of the terrible coldness of the water.,3954.0
1684,160,1712422546399,154.0,"The next morning they got up late, drank whiskey, fished a little, took down their tents, rolled their sleeping bags, gathered their stuff, and hiked out.",4616.0
1684,161,1712422547714,41.0,They drove until they got to a telephone.,1315.0
1684,162,1712422550318,86.0,It was Stuart who made the call while the others stood around in the sun and listened.,2604.0
1684,163,1712422551686,32.0,He gave the sheriff their names.,1368.0
1684,164,1712422552665,25.0,They had nothing to hide.,979.0
1684,165,1712422554090,21.0,They weren't ashamed.,1425.0
1684,166,1712422558252,100.0,They said they'd wait until someone could come for better directions and take down their statements.,4162.0
1684,167,1712422558835,3.0,***,583.0
1684,168,1712422560001,30.0,I was asleep when he got home.,1166.0
1684,169,1712422561284,46.0,But I woke up when I heard him in the kitchen.,1283.0
1684,170,1712422563025,64.0,I found him leaning against the refrigerator with a can of beer.,1741.0
1684,171,1712422566530,68.0,He put his heavy arms around me and rubbed his big hands on my back.,3505.0
1684,172,1712422569726,85.0,In bed he put his hands on me again and then waited as if thinking of something else.,3196.0
1684,173,1712422572156,28.0,I turned and opened my legs.,2429.0
1684,174,1712422573883,36.0,"Afterwards, I think he stayed awake.",1727.0
1684,175,1712422576673,53.0,He was up that morning before I could get out of bed.,2790.0
1684,176,1712422583986,54.0,"To see if there was something in the paper, I suppose.",7313.0
1684,177,1712422648300,46.0,The telephone began ringing right after eight.,64314.0
1684,178,1712422649290,13.0,"""Go to hell!""",990.0
1684,179,1712422649896,18.0,I heard him shout.,606.0
1684,180,1712422650627,31.0,The telephone rang right again.,731.0
1684,181,1712422652480,59.0,"""I have nothing to add to what I already told the sheriff!""",1853.0
1684,182,1712422653358,29.0,He slammed the receiver down.,878.0
1684,183,1712422654038,27.0,"""What is going on?"" I said.",679.0
1684,184,1712422656185,49.0,It was then that he told me what I just told you.,2147.0
1684,185,1712422657842,3.0,***,1657.0
1684,186,1712422662321,44.0,I sweep up the broken dishes and go outside.,4479.0
1684,187,1712422666609,85.0,"He is lying on his back on the grass now, the newspaper and can of beer within reach.",4288.0
1684,188,1712422668884,41.0,"""Stuart, could we go for a drive?"" I say.",2275.0
1684,189,1712422669836,30.0,He rolls over and looks at me.,952.0
1684,190,1712422671077,37.0,"""We'll pick up some beer,"" he says...",1241.0
1684,191,1712422673345,62.0,He gets to his feet and touches me on the hip as he goes past.,2268.0
1684,192,1712422674348,28.0,"""Give me a minute,"" he says.",1003.0
1684,193,1712422675789,39.0,We drive through town without speaking.,1441.0
1684,194,1712422677118,39.0,He stops at a roadside market for beer.,1329.0
1684,195,1712422684072,54.0,I notice a great stack of papers just inside the door.,6954.0
1684,196,1712422693053,89.0,On the top step a fat woman in a print dress holds out a licorice stick to a little girl.,8981.0
1684,197,1712422695530,66.0,"Later on, we cross Everson Creek and turn into the picnic grounds.",2477.0
1684,198,1712422699378,79.0,The creek runs under the bridge and into a large pond a few hundred yards away.,3847.0
1684,199,1712422700727,28.0,I can see the men out there.,1349.0
1684,200,1712422701531,33.0,I can see them out there fishing.,804.0
1684,201,1712422704131,31.0,So much water so close to home.,2600.0
1684,202,1712422705676,43.0,"I say, ""Why did you have to go miles away?""",1545.0
1684,203,1712422706806,25.0,"""Don't rile me,"" he says.",1130.0
1684,204,1712422707876,29.0,We sit on a bench in the sun.,1070.0
1684,205,1712422708625,25.0,He opens us cans of beer.,749.0
1684,206,1712422709631,25.0,"He says, ""Relax, Claire.""",1006.0
1684,207,1712422711249,30.0,"""They said they were innocent.",1618.0
1684,208,1712422712479,27.0,"They said they were crazy.""",1230.0
1684,209,1712422713161,15.0,"He says, ""Who?""",682.0
1684,210,1712422714347,38.0,"He says, ""What are you talking about?""",1186.0
1684,211,1712422715516,21.0,"""The Maddox brothers.",1169.0
1684,212,1712422718113,54.0,They killed a girl named Arlene Hubly where I grew up.,2597.0
1684,213,1712422720327,60.0,They cut off her head and threw her into the Cle Elum River.,2214.0
1684,214,1712422721719,31.0,"It happened when I was a girl.""",1392.0
1684,215,1712422723779,40.0,"""You're going to get me riled,"" he says.",2060.0
1684,216,1712422725040,20.0,I look at the creek.,1261.0
1684,217,1712422728529,79.0,"I'm right in it, eyes open, face down, staring at the moss on the bottom, dead.",3488.0
1684,218,1712422730910,62.0,"""I don't know what's wrong with you,"" he says on the way home.",2381.0
1684,219,1712422732493,45.0,"""You're getting me more riled by the minute.""",1583.0
1684,220,1712422733736,34.0,There is nothing I can say to him.,1243.0
1684,221,1712422734929,36.0,He tries to concentrate on the road.,1193.0
1684,222,1712422736862,47.0,But he keeps looking into the rear-view mirror.,1933.0
1684,223,1712422737594,9.0,He knows.,732.0
1684,224,1712422738169,3.0,***,575.0
1684,225,1712422740474,52.0,Stuart believes he is letting me sleep this morning.,2305.0
1684,226,1712422742152,47.0,But I was awake long before the alarm went off.,1677.0
1684,227,1712422745573,74.0,"I was thinking, lying on the far side of the bed away from his hairy legs.",3421.0
1684,228,1712422749189,78.0,"He gets Dean off for school, and then he shaves, dresses, and leaves for work.",3616.0
1684,229,1712422751022,40.0,Twice he looks in and clears his throat.,1833.0
1684,230,1712422752887,26.0,But I keep my eyes closed.,1865.0
1684,231,1712422757425,38.0,In the kitchen I find a note from him.,4538.0
1684,232,1712422759524,19.0,"It's signed ""Love.""",2099.0
1684,233,1712422783014,74.0,I sit in the breakfast nook and drink coffee and leave a ring on the note.,23489.0
1684,234,1712422790972,67.0,I look at the newspaper and turn it this way and that on the table.,7958.0
1684,235,1712422798653,43.0,Then I skid it close and read what it says.,7681.0
1684,236,1712422803066,38.0,"The body has been identified, claimed.",4413.0
1684,237,1712422819274,155.0,"But it took some examining it, some putting things into it, some cutting, some weighing, some measuring, some putting things back again and sewing them in.",16207.0
1684,238,1712422821290,57.0,I sit for a long time holding the newspaper and thinking.,2016.0
1684,239,1712422824559,51.0,Then I call up to get a chair at the hairdresser's.,3269.0
1684,240,1712422825590,3.0,***,1031.0
1684,241,1712422900625,75.0,I sit under the dryer with a magazine on my lap and let Marnie do my nails.,75035.0
1684,242,1712422900751,42.0,"""I am going to a funeral tomorrow,"" I say.",126.0
1684,243,1712422901890,38.0,"""I'm sorry to hear that,"" Marnie says.",1139.0
1684,244,1712422902748,25.0,"""It was a murder,"" I say.",858.0
1684,245,1712422903611,37.0,"""That's the worst kind,"" Marnie says.",863.0
1684,246,1712422904475,35.0,"""We weren't all that close,"" I say.",864.0
1684,247,1712422905131,15.0,"""But you know?""",656.0
1684,248,1712422906080,45.0,"""We'll get you fixed up for it,"" Marnie says.",948.0
1684,249,1712422911883,72.0,"That night I make my bed on the sofa, and in the morning I get up first.",5803.0
1684,250,1712422918709,50.0,I put on coffee and fix breakfast while he shaves.,6826.0
1684,251,1712422949091,76.0,"He appears in the kitchen doorway, towel over his bare shoulder, appraising.",30382.0
1684,252,1712422950253,23.0,"""Here's coffee,"" I say.",1162.0
1684,253,1712422957963,31.0,"""Eggs'll be ready in a minute.”",7710.0
1684,254,1712422962946,37.0,"I wake Dean, and the three of us eat.",4983.0
1684,255,1712422970554,79.0,"Whenever Stuart looks at me, I ask Dean if he wants more milk, more toast, etc.",7608.0
1684,256,1712422971870,56.0,"""I'll call you today,"" Stuart says as he opens the door.",1316.0
1684,257,1712422973228,42.0,"I say, ""I don't think I'll be home today.""",1358.0
1684,258,1712422974033,21.0,"""All right,"" he says.",805.0
1684,259,1712422974482,7.0,"""Sure.""",449.0
1684,260,1712422974964,18.0,I dress carefully.,482.0
1684,261,1712422978236,48.0,I try on a hat and look at myself in the mirror.,3272.0
1684,262,1712422980204,28.0,I write out a note for Dean.,1968.0
1684,263,1712422984162,69.0,"Honey, Mommy has things to do this afternoon, but will be back later.",3958.0
1684,264,1712422987818,61.0,You stay in or be in the backyard until one of us comes home.,3656.0
1684,265,1712422990166,11.0,"Love, Mommy",2347.0
1684,266,1712422996276,48.0,I look at the word Love and then I underline it.,6110.0
1684,267,1712422997024,29.0,Then I see the word backyard.,748.0
1684,268,1712422997869,22.0,Is it one word or two?,845.0
1684,269,1712422998326,3.0,***,457.0
1684,270,1712423055066,121.0,"I drive through farm country, through fields of oats and sugar beets and past apple orchards, cattle grazing in pastures.",56740.0
1684,271,1712423088026,99.0,"Then everything changes, more like shacks than farmhouses and stands of timber instead of orchards.",32960.0
1684,272,1712423094197,78.0,"Then mountains, and on the right, far below, I sometimes see the Naches River.",6171.0
1684,273,1712423101826,64.0,A green pickup comes up behind me and stays behind me for miles.,7629.0
1684,274,1712423108534,55.0,"I keep slowing at the wrong times, hoping he will pass.",6708.0
1684,275,1712423110141,16.0,Then I speed up.,1607.0
1684,276,1712423111279,36.0,"But this is at the wrong times, too.",1138.0
1684,277,1712423112532,39.0,I grip the wheel until my fingers hurt.,1252.0
1684,278,1712423142311,37.0,On a long clear stretch he goes past.,29779.0
1684,279,1712423151953,73.0,"But he drives along beside for a bit, a crewcut man in a blue work shirt.",9642.0
1684,280,1712423153576,24.0,We look each other over.,1623.0
1684,281,1712423156263,53.0,"Then he waves, toots his horn, and pulls on up ahead.",2687.0
1684,282,1712423157524,29.0,I slow down and find a place.,1261.0
1684,283,1712423159107,35.0,I pull over and shut off the motor.,1583.0
1684,284,1712423161256,42.0,I can hear the river down below the trees.,2149.0
1684,285,1712423162591,35.0,Then I hear the pickup coming back.,1335.0
1684,286,1712423163687,41.0,I lock the doors and roll up the windows.,1096.0
1684,287,1712423165660,30.0,"""You all right?"" the man says.",1973.0
1684,288,1712423166445,21.0,He raps on the glass.,785.0
1684,289,1712423166917,11.0,"""You okay?""",472.0
1684,290,1712423168673,64.0,He leans his arms on the door and brings his face to the window.,1756.0
1684,291,1712423169690,15.0,I stare at him.,1017.0
1684,292,1712423171272,30.0,I can't think what else to do.,1581.0
1684,293,1712423172983,34.0,"""Is everything all right in there?",1711.0
1684,294,1712423173915,31.0,"How come you're all locked up?""",932.0
1684,295,1712423174553,16.0,I shake my head.,638.0
1684,296,1712423175145,24.0,"""Roll down your window.""",592.0
1684,297,1712423177029,64.0,He shakes his head and looks at the highway and then back at me.,1884.0
1684,298,1712423177584,19.0,"""Roll it down now.""",555.0
1684,299,1712423178895,32.0,"""Please,"" I say, ""I have to go.""",1311.0
1684,300,1712423181083,50.0,"""Open the door,"" he says as if he isn't listening.",2188.0
1684,301,1712423182514,33.0,"""You're going to choke in there.""",1430.0
1684,302,1712423183646,32.0,"He looks at my breasts, my legs.",1132.0
1684,303,1712423185385,34.0,I can tell that's what he's doing.,1738.0
1684,304,1712423212410,22.0,"""Hey, sugar,"" he says.",27025.0
1684,305,1712423229954,31.0,"""I'm just here to help is all.""",17544.0
1684,306,1712423231167,3.0,***,1213.0
1684,307,1712423232693,52.0,The casket is closed and covered with floral sprays.,1526.0
1684,308,1712423234405,45.0,The organ starts up the minute I take a seat.,1711.0
1684,309,1712423235475,40.0,People are coming in and finding chairs.,1070.0
1684,310,1712423237276,63.0,There's a boy in flared pants and a yellow short-sleeved shirt.,1801.0
1684,311,1712423241492,100.0,A door opens and the family comes in in a group and moves over to a curtained place off to one side.,4216.0
1684,312,1712423242767,39.0,Chairs creak as everybody gets settled.,1275.0
1684,313,1712423246823,83.0,"Directly, a nice blond man in a nice dark suit stands and asks us to bow our heads.",4056.0
1684,314,1712423249737,105.0,"He says a prayer for us, the living, and when he finishes, he says a prayer for the soul of the departed.",2914.0
1684,315,1712423292051,43.0,Along with the others I go past the casket.,42314.0
1684,316,1712423299111,66.0,Then I move out onto the front steps and into the afternoon light.,7060.0
1684,317,1712423302259,66.0,There's a woman who limps as she goes down the stairs ahead of me.,3148.0
1684,318,1712423303457,33.0,On the sidewalk she looks around.,1198.0
1684,319,1712423304554,31.0,"""Well, they got him,"" she says.",1097.0
1684,320,1712423305667,27.0,"""If that's any consolation.",1112.0
1684,321,1712423307190,31.0,They arrested him this morning.,1523.0
1684,322,1712423309693,38.0,I heard it on the radio before I come.,2503.0
1684,323,1712423312728,26.0,"A boy right here in town.""",3035.0
1684,324,1712423315024,42.0,We move a few steps down the hot sidewalk.,2296.0
1684,325,1712423317309,25.0,People are starting cars.,2285.0
1684,326,1712423318849,49.0,I put out my hand and hold on to a parking meter.,1539.0
1684,327,1712423320605,36.0,Polished hoods and polished fenders.,1756.0
1684,328,1712423321309,14.0,My head swims.,704.0
1684,329,1712423322394,41.0,"I say, ""They have friends, these killers.",1085.0
1684,330,1712423323470,16.0,"You can't tell.""",1076.0
1684,331,1712423325603,70.0,"""I have known that child since she was a little girl,"" the woman says.",2133.0
1684,332,1712423327925,93.0,"""She used to come over and I'd bake cookies for her and let her eat them in front of the TV.""",2322.0
1684,333,1712423328380,3.0,***,455.0
1684,334,1712423330300,76.0,"Back home, Stuart sits at the table with a drink of whiskey in front of him.",1920.0
1684,335,1712423332485,57.0,For a crazy instant I think something's happened to Dean.,2185.0
1684,336,1712423332997,14.0,"""Where is he?""",512.0
1684,337,1712423333380,6.0,I say.,382.0
1684,338,1712423333770,16.0,"""Where is Dean?""",390.0
1684,339,1712423334375,27.0,"""Outside,"" my husband says.",605.0
1684,340,1712423335801,34.0,He drains his glass and stands up.,1426.0
1684,341,1712423337597,40.0,"He says, ""I think I know what you need.""",1796.0
1684,342,1712423343813,138.0,He reaches an arm around my waist and with his other hand he begins to unbutton my jacket and then he goes on to the buttons of my blouse.,6216.0
1684,343,1712423345002,30.0,"""First things first,"" he says.",1189.0
1684,344,1712423345670,23.0,He says something else.,668.0
1684,345,1712423346447,27.0,But I don't need to listen.,777.0
1684,346,1712423348195,46.0,I can't hear a thing with so much water going.,1747.0
1684,347,1712423348873,3.0,***,678.0
1687,117,1712589967383,3.0,***,2898.0
1687,118,1712589969565,37.0,My husband eats with a good appetite.,2182.0
1687,119,1712589971179,37.0,But I don't think he's really hungry.,1614.0
1687,120,1712589975080,69.0,"He chews, arms on the table, and stares at something across the room.",3901.0
1687,121,1712589976569,30.0,He looks at me and looks away.,1489.0
1687,122,1712589977858,33.0,He wipes his mouth on the napkin.,1289.0
1687,123,1712589978994,30.0,"He shrugs, and goes on eating.",1135.0
1687,124,1712589981826,42.0,"""What are you staring at me for?"" he says.",2832.0
1687,125,1712589983148,45.0,"""What is it?"" he says and lays down his fork.",1322.0
1687,126,1712589984946,42.0,"""Was I staring?"" I say, and shake my head.",1798.0
1687,127,1712589985701,20.0,The telephone rings.,755.0
1687,128,1712589986456,27.0,"""Don't answer it,"" he says.",755.0
1687,129,1712589987531,33.0,"""It might be your mother,"" I say.",1075.0
1687,130,1712589988499,25.0,"""Watch and see,"" he says.",968.0
1687,131,1712589990530,34.0,I pick up the receiver and listen.,2031.0
1687,132,1712589991673,24.0,My husband stops eating.,1143.0
1687,133,1712589994733,46.0,"""What did I tell you?"" he says when I hang up.",3060.0
1687,134,1712589995760,23.0,He starts to eat again.,1027.0
1687,135,1712589997194,36.0,Then throws his napkin on his plate.,1434.0
1687,136,1712590001180,63.0,"He says, ""Goddamn it, why can't people mind their own business?",3986.0
1687,137,1712590002860,41.0,Tell me what I did wrong and I'll listen!,1680.0
1687,138,1712590004687,28.0,I wasn't the only man there.,1826.0
1687,139,1712590007265,37.0,We talked it over and we all decided.,2577.0
1687,140,1712590008536,29.0,We couldn't just turn around.,1271.0
1687,141,1712590010508,32.0,We were five miles from the car.,1972.0
1687,142,1712590013767,34.0,I won't have you passing judgment.,3259.0
1687,143,1712590014467,13.0,"Do you hear?""",700.0
1687,144,1712590015392,18.0,"""You know,"" I say.",925.0
1687,145,1712590018206,33.0,"He says, ""What do I know, Claire?",2814.0
1687,146,1712590019133,34.0,Tell me what I'm supposed to know.,927.0
1687,147,1712590022287,40.0,"I don't know anything except one thing?""",3154.0
1687,148,1712590026997,48.0,He gives me what he thinks is a meaningful look.,4709.0
1687,149,1712590028930,24.0,"""She was dead,"" he says.",1933.0
1687,150,1712590029915,33.0,"""And I'm as sorry as anyone else.",985.0
1687,151,1712590030604,18.0,"But she was dead.""",688.0
1687,152,1712590031355,26.0,"""That's the point,"" I say.",751.0
1687,153,1712590032056,20.0,He raises his hands.,701.0
1687,154,1712590033060,40.0,He pushes his chair away from the table.,1004.0
1687,155,1712590035393,72.0,He takes out his cigarettes and goes out to the back with a can of beer.,2333.0
1687,156,1712590037730,64.0,I see him sit in the lawn chair and pick up the newspaper again.,2337.0
1687,157,1712590038988,39.0,His name is in there on the first page.,1257.0
1687,158,1712590040096,36.0,Along with the names of his friends.,1108.0
1687,159,1712590040999,40.0,I close my eyes and hold on to the sink.,903.0
1687,160,1712590043088,74.0,Then I rake my arm across the drainboard and send the dishes to the floor.,2089.0
1687,161,1712590043761,16.0,He doesn't move.,673.0
1687,162,1712590044385,18.0,I know he's heard.,624.0
1687,163,1712590046517,40.0,He lifts his head as if still listening.,2132.0
1687,164,1712590047389,30.0,But he doesn't move otherwise.,872.0
1687,165,1712590048121,23.0,He doesn't turn around.,731.0
1687,166,1712590049114,3.0,***,993.0
1687,167,1712590056879,88.0,"He and Gordon Johnson and Mel Dorn and Vern Williams, they play poker and bowl and fish.",7765.0
1687,168,1712590066431,85.0,They fish every spring and early summer before visiting relatives can get in the way.,9552.0
1687,169,1712590068859,65.0,"They are decent men, family men, men who take care of their jobs.",2428.0
1687,170,1712590072158,65.0,"They have sons and daughters who go to school with our son, Dean.",3299.0
1687,171,1712590075125,55.0,Last Friday these family men left for the Naches River.,2967.0
1687,172,1712590077841,76.0,They parked the car in the mountains and hiked to where they wanted to fish.,2716.0
1687,173,1712590082660,76.0,"They carried their bedrolls, their food, their playing cards, their whiskey.",4819.0
1687,174,1712590084932,42.0,They saw the girl before they set up camp.,2272.0
1687,175,1712590086220,19.0,Mel Dorn found her.,1288.0
1687,176,1712590087182,25.0,No clothes on her at all.,962.0
1687,177,1712590089958,64.0,She was wedged into some branches that stuck out over the water.,2776.0
1687,178,1712590092132,43.0,He called the others and they came to look.,2174.0
1687,179,1712590093262,29.0,They talked about what to do.,1130.0
1687,180,1712590097121,82.0,One of the men - my Stuart didn't say which - said they should start back at once.,3859.0
1687,181,1712590101997,86.0,"The others stirred the sand with their shoes, said they didn't feel inclined that way.",4875.0
1687,182,1712590104767,82.0,"They pleaded fatigue, the late hour, the fact that the girl wasn't going anywhere.",2770.0
1687,183,1712590106595,47.0,In the end they went ahead and set up the camp.,1828.0
1687,184,1712590107591,42.0,They built a fire and drank their whiskey.,996.0
1687,185,1712590109166,50.0,"When the moon came up, they talked about the girl.",1575.0
1687,186,1712590111239,59.0,Someone said they should -keep the body from drifting away.,2073.0
1687,187,1712590112723,55.0,They took their flashlights and went back to the river.,1484.0
1687,188,1712590114177,66.0,One of the men - it might have been Stuart - waded in and got her.,1454.0
1687,189,1712590116020,53.0,He took her by the fingers and pulled her into shore.,1843.0
1687,190,1712590119420,87.0,He got some nylon cord and tied it to her wrist and then looped the rest around a tree.,3400.0
1687,191,1712590121807,99.0,"The next morning they cooked breakfast, drank coffee, and drank whiskey, and then split up to fish.",2387.0
1687,192,1712590129434,182.0,"That night they cooked fish, cooked potatoes, drank coffee, drank whiskey, then took their cooking things and eating things back down to the river and washed them where the girl was.",7627.0
1687,193,1712590130762,32.0,They played some cards later on.,1328.0
1687,194,1712590133305,55.0,Maybe they played until they couldn't see them anymore.,2542.0
1687,195,1712590134530,28.0,Vern Williams went to sleep.,1225.0
1687,196,1712590135438,28.0,But the others told stories.,907.0
1687,197,1712590141387,100.0,Gordon Johnson said the trout they'd caught were hard because of the terrible coldness of the water.,5949.0
1687,198,1712590145875,154.0,"The next morning they got up late, drank whiskey, fished a little, took down their tents, rolled their sleeping bags, gathered their stuff, and hiked out.",4488.0
1687,199,1712590147341,41.0,They drove until they got to a telephone.,1466.0
1687,200,1712590149931,86.0,It was Stuart who made the call while the others stood around in the sun and listened.,2590.0
1687,201,1712590150993,32.0,He gave the sheriff their names.,1061.0
1687,202,1712590152105,25.0,They had nothing to hide.,1112.0
1687,203,1712590152721,21.0,They weren't ashamed.,615.0
1687,204,1712590157443,100.0,They said they'd wait until someone could come for better directions and take down their statements.,4722.0
1687,205,1712590158335,3.0,***,891.0
1687,206,1712590160071,30.0,I was asleep when he got home.,1736.0
1687,207,1712590161481,46.0,But I woke up when I heard him in the kitchen.,1410.0
1687,208,1712590162777,64.0,I found him leaning against the refrigerator with a can of beer.,1296.0
1687,209,1712590164842,68.0,He put his heavy arms around me and rubbed his big hands on my back.,2065.0
1687,210,1712590169367,85.0,In bed he put his hands on me again and then waited as if thinking of something else.,4525.0
1687,211,1712590170470,28.0,I turned and opened my legs.,1103.0
1687,212,1712590172111,36.0,"Afterwards, I think he stayed awake.",1641.0
1687,213,1712590174515,53.0,He was up that morning before I could get out of bed.,2404.0
1687,214,1712590176227,54.0,"To see if there was something in the paper, I suppose.",1712.0
1687,215,1712590181625,46.0,The telephone began ringing right after eight.,5398.0
1687,216,1712590182590,13.0,"""Go to hell!""",965.0
1687,217,1712590183572,18.0,I heard him shout.,982.0
1687,218,1712590184427,31.0,The telephone rang right again.,855.0
1687,219,1712590186384,59.0,"""I have nothing to add to what I already told the sheriff!""",1957.0
1687,220,1712590187423,29.0,He slammed the receiver down.,1039.0
1687,221,1712590188098,27.0,"""What is going on?"" I said.",674.0
1687,222,1712590192035,49.0,It was then that he told me what I just told you.,3937.0
1687,223,1712590192773,3.0,***,738.0
1687,224,1712590195014,44.0,I sweep up the broken dishes and go outside.,2241.0
1687,225,1712590197915,85.0,"He is lying on his back on the grass now, the newspaper and can of beer within reach.",2901.0
1687,226,1712590199600,41.0,"""Stuart, could we go for a drive?"" I say.",1684.0
1687,227,1712590200849,30.0,He rolls over and looks at me.,1249.0
1687,228,1712590201945,37.0,"""We'll pick up some beer,"" he says...",1096.0
1687,229,1712590205426,62.0,He gets to his feet and touches me on the hip as he goes past.,3481.0
1687,230,1712590206252,28.0,"""Give me a minute,"" he says.",826.0
1687,231,1712590208295,39.0,We drive through town without speaking.,2042.0
1687,232,1712590209520,39.0,He stops at a roadside market for beer.,1225.0
1687,233,1712590212579,54.0,I notice a great stack of papers just inside the door.,3059.0
1687,234,1712590225370,89.0,On the top step a fat woman in a print dress holds out a licorice stick to a little girl.,12791.0
1687,235,1712590228274,66.0,"Later on, we cross Everson Creek and turn into the picnic grounds.",2904.0
1687,236,1712590232882,79.0,The creek runs under the bridge and into a large pond a few hundred yards away.,4608.0
1687,237,1712590234233,28.0,I can see the men out there.,1351.0
1687,238,1712590235463,33.0,I can see them out there fishing.,1230.0
1687,239,1712590236517,31.0,So much water so close to home.,1054.0
1687,240,1712590238404,43.0,"I say, ""Why did you have to go miles away?""",1887.0
1687,241,1712590239540,25.0,"""Don't rile me,"" he says.",1136.0
1687,242,1712590241372,29.0,We sit on a bench in the sun.,1832.0
1687,243,1712590242209,25.0,He opens us cans of beer.,837.0
1687,244,1712590243191,25.0,"He says, ""Relax, Claire.""",981.0
1687,245,1712590245248,30.0,"""They said they were innocent.",2056.0
1687,246,1712590246750,27.0,"They said they were crazy.""",1502.0
1687,247,1712590247721,15.0,"He says, ""Who?""",971.0
1687,248,1712590249022,38.0,"He says, ""What are you talking about?""",1301.0
1687,249,1712590249874,21.0,"""The Maddox brothers.",852.0
1687,250,1712590252307,54.0,They killed a girl named Arlene Hubly where I grew up.,2432.0
1687,251,1712590254605,60.0,They cut off her head and threw her into the Cle Elum River.,2298.0
1687,252,1712590257113,31.0,"It happened when I was a girl.""",2508.0
1687,253,1712590258664,40.0,"""You're going to get me riled,"" he says.",1551.0
1687,254,1712590259639,20.0,I look at the creek.,975.0
1687,255,1712590268876,79.0,"I'm right in it, eyes open, face down, staring at the moss on the bottom, dead.",9237.0
1687,256,1712590271266,62.0,"""I don't know what's wrong with you,"" he says on the way home.",2390.0
1687,257,1712590272655,45.0,"""You're getting me more riled by the minute.""",1389.0
1687,258,1712590274637,34.0,There is nothing I can say to him.,1982.0
1687,259,1712590275979,36.0,He tries to concentrate on the road.,1342.0
1687,260,1712590279261,47.0,But he keeps looking into the rear-view mirror.,3282.0
1687,261,1712590280243,9.0,He knows.,982.0
1687,262,1712590280961,3.0,***,718.0
1687,263,1712590283073,52.0,Stuart believes he is letting me sleep this morning.,2112.0
1687,264,1712590285675,47.0,But I was awake long before the alarm went off.,2602.0
1687,265,1712590289194,74.0,"I was thinking, lying on the far side of the bed away from his hairy legs.",3519.0
1687,266,1712590292526,78.0,"He gets Dean off for school, and then he shaves, dresses, and leaves for work.",3331.0
1687,267,1712590294815,40.0,Twice he looks in and clears his throat.,2289.0
1687,268,1712590295820,26.0,But I keep my eyes closed.,1005.0
1687,269,1712590296827,38.0,In the kitchen I find a note from him.,1007.0
1687,270,1712590298438,19.0,"It's signed ""Love.""",1611.0
1687,271,1712590302655,74.0,I sit in the breakfast nook and drink coffee and leave a ring on the note.,4217.0
1687,272,1712590309354,67.0,I look at the newspaper and turn it this way and that on the table.,6699.0
1687,273,1712590314909,43.0,Then I skid it close and read what it says.,5555.0
1687,274,1712590316087,38.0,"The body has been identified, claimed.",1178.0
1687,275,1712590327273,155.0,"But it took some examining it, some putting things into it, some cutting, some weighing, some measuring, some putting things back again and sewing them in.",11186.0
1687,276,1712590329162,57.0,I sit for a long time holding the newspaper and thinking.,1889.0
1687,277,1712590333637,51.0,Then I call up to get a chair at the hairdresser's.,4474.0
1687,278,1712590334223,3.0,***,586.0
1687,279,1712590338293,75.0,I sit under the dryer with a magazine on my lap and let Marnie do my nails.,4070.0
1687,280,1712590339503,42.0,"""I am going to a funeral tomorrow,"" I say.",1210.0
1687,281,1712590340387,38.0,"""I'm sorry to hear that,"" Marnie says.",883.0
1687,282,1712590340995,25.0,"""It was a murder,"" I say.",608.0
1687,283,1712590342002,37.0,"""That's the worst kind,"" Marnie says.",1007.0
1687,284,1712590343232,35.0,"""We weren't all that close,"" I say.",1230.0
1687,285,1712590343970,15.0,"""But you know?""",737.0
1687,286,1712590363480,45.0,"""We'll get you fixed up for it,"" Marnie says.",19510.0
1687,287,1712590365649,72.0,"That night I make my bed on the sofa, and in the morning I get up first.",2169.0
1687,288,1712590367170,50.0,I put on coffee and fix breakfast while he shaves.,1520.0
1687,289,1712590369935,76.0,"He appears in the kitchen doorway, towel over his bare shoulder, appraising.",2765.0
1687,290,1712590370820,23.0,"""Here's coffee,"" I say.",884.0
1687,291,1712590371737,31.0,"""Eggs'll be ready in a minute.”",916.0
1687,292,1712590372648,37.0,"I wake Dean, and the three of us eat.",911.0
1687,293,1712590374541,79.0,"Whenever Stuart looks at me, I ask Dean if he wants more milk, more toast, etc.",1892.0
1687,294,1712590376274,56.0,"""I'll call you today,"" Stuart says as he opens the door.",1733.0
1687,295,1712590377114,42.0,"I say, ""I don't think I'll be home today.""",839.0
1687,296,1712590377793,21.0,"""All right,"" he says.",678.0
1687,297,1712590378283,7.0,"""Sure.""",488.0
1687,298,1712590378753,18.0,I dress carefully.,469.0
1687,299,1712590380024,48.0,I try on a hat and look at myself in the mirror.,1271.0
1687,300,1712590380981,28.0,I write out a note for Dean.,955.0
1687,301,1712590385639,69.0,"Honey, Mommy has things to do this afternoon, but will be back later.",4658.0
1687,302,1712590390256,61.0,You stay in or be in the backyard until one of us comes home.,4617.0
1687,303,1712590390890,11.0,"Love, Mommy",633.0
1687,304,1712590393949,48.0,I look at the word Love and then I underline it.,3059.0
1687,305,1712590395166,29.0,Then I see the word backyard.,1217.0
1687,306,1712590396490,22.0,Is it one word or two?,1324.0
1687,307,1712590396993,3.0,***,502.0
1687,308,1712590403188,121.0,"I drive through farm country, through fields of oats and sugar beets and past apple orchards, cattle grazing in pastures.",6195.0
1687,309,1712590410016,99.0,"Then everything changes, more like shacks than farmhouses and stands of timber instead of orchards.",6828.0
1687,310,1712590412278,78.0,"Then mountains, and on the right, far below, I sometimes see the Naches River.",2261.0
1687,311,1712590414834,64.0,A green pickup comes up behind me and stays behind me for miles.,2556.0
1687,312,1712590417283,55.0,"I keep slowing at the wrong times, hoping he will pass.",2449.0
1687,313,1712590418022,16.0,Then I speed up.,739.0
1687,314,1712590421551,36.0,"But this is at the wrong times, too.",3529.0
1687,315,1712590422830,39.0,I grip the wheel until my fingers hurt.,1278.0
1687,316,1712590424685,37.0,On a long clear stretch he goes past.,1855.0
1687,317,1712590427318,73.0,"But he drives along beside for a bit, a crewcut man in a blue work shirt.",2632.0
1687,318,1712590428120,24.0,We look each other over.,802.0
1687,319,1712590430558,53.0,"Then he waves, toots his horn, and pulls on up ahead.",2438.0
1687,320,1712590431288,29.0,I slow down and find a place.,730.0
1687,321,1712590432364,35.0,I pull over and shut off the motor.,1076.0
1687,322,1712590433606,42.0,I can hear the river down below the trees.,1242.0
1687,323,1712590434349,35.0,Then I hear the pickup coming back.,743.0
1687,324,1712590435082,41.0,I lock the doors and roll up the windows.,733.0
1687,325,1712590435856,30.0,"""You all right?"" the man says.",774.0
1687,326,1712590437357,21.0,He raps on the glass.,1501.0
1687,327,1712590438024,11.0,"""You okay?""",667.0
1687,328,1712590440237,64.0,He leans his arms on the door and brings his face to the window.,2212.0
1687,329,1712590440959,15.0,I stare at him.,722.0
1687,330,1712590441950,30.0,I can't think what else to do.,991.0
1687,331,1712590443515,34.0,"""Is everything all right in there?",1565.0
1687,332,1712590444648,31.0,"How come you're all locked up?""",1133.0
1687,333,1712590445272,16.0,I shake my head.,623.0
1687,334,1712590446051,24.0,"""Roll down your window.""",779.0
1687,335,1712590449148,64.0,He shakes his head and looks at the highway and then back at me.,3097.0
1687,336,1712590449921,19.0,"""Roll it down now.""",773.0
1687,337,1712590450760,32.0,"""Please,"" I say, ""I have to go.""",839.0
1687,338,1712590452505,50.0,"""Open the door,"" he says as if he isn't listening.",1745.0
1687,339,1712590453908,33.0,"""You're going to choke in there.""",1403.0
1687,340,1712590455088,32.0,"He looks at my breasts, my legs.",1180.0
1687,341,1712590458091,34.0,I can tell that's what he's doing.,3002.0
1687,342,1712590460031,22.0,"""Hey, sugar,"" he says.",1940.0
1687,343,1712590461247,31.0,"""I'm just here to help is all.""",1216.0
1687,344,1712590461766,3.0,***,519.0
1687,345,1712590463630,52.0,The casket is closed and covered with floral sprays.,1864.0
1687,346,1712590464594,45.0,The organ starts up the minute I take a seat.,964.0
1687,347,1712590465199,40.0,People are coming in and finding chairs.,605.0
1687,348,1712590466961,63.0,There's a boy in flared pants and a yellow short-sleeved shirt.,1762.0
1687,349,1712590470587,100.0,A door opens and the family comes in in a group and moves over to a curtained place off to one side.,3626.0
1687,350,1712590475158,39.0,Chairs creak as everybody gets settled.,4571.0
1687,351,1712590479303,83.0,"Directly, a nice blond man in a nice dark suit stands and asks us to bow our heads.",4145.0
1687,352,1712590482057,105.0,"He says a prayer for us, the living, and when he finishes, he says a prayer for the soul of the departed.",2753.0
1687,353,1712590483152,43.0,Along with the others I go past the casket.,1095.0
1687,354,1712590485751,66.0,Then I move out onto the front steps and into the afternoon light.,2598.0
1687,355,1712590488049,66.0,There's a woman who limps as she goes down the stairs ahead of me.,2298.0
1687,356,1712590488930,33.0,On the sidewalk she looks around.,881.0
1687,357,1712590490423,31.0,"""Well, they got him,"" she says.",1493.0
1687,358,1712590491251,27.0,"""If that's any consolation.",828.0
1687,359,1712590492027,31.0,They arrested him this morning.,775.0
1687,360,1712590493117,38.0,I heard it on the radio before I come.,1089.0
1687,361,1712590494283,26.0,"A boy right here in town.""",1166.0
1687,362,1712590496473,42.0,We move a few steps down the hot sidewalk.,2190.0
1687,363,1712590497182,25.0,People are starting cars.,709.0
1687,364,1712590498823,49.0,I put out my hand and hold on to a parking meter.,1641.0
1687,365,1712590499771,36.0,Polished hoods and polished fenders.,948.0
1687,366,1712590500582,14.0,My head swims.,811.0
1687,367,1712590504345,41.0,"I say, ""They have friends, these killers.",3763.0
1687,368,1712590505358,16.0,"You can't tell.""",1013.0
1687,369,1712590509699,70.0,"""I have known that child since she was a little girl,"" the woman says.",4341.0
1687,370,1712590512742,93.0,"""She used to come over and I'd bake cookies for her and let her eat them in front of the TV.""",3043.0
1687,371,1712590513481,3.0,***,739.0
1687,372,1712590516905,76.0,"Back home, Stuart sits at the table with a drink of whiskey in front of him.",3424.0
1687,373,1712590520115,57.0,For a crazy instant I think something's happened to Dean.,3209.0
1687,374,1712590520922,14.0,"""Where is he?""",807.0
1687,375,1712590521394,6.0,I say.,472.0
1687,376,1712590521911,16.0,"""Where is Dean?""",517.0
1687,377,1712590522602,27.0,"""Outside,"" my husband says.",690.0
1687,378,1712590524569,34.0,He drains his glass and stands up.,1967.0
1687,379,1712590527054,40.0,"He says, ""I think I know what you need.""",2485.0
1687,380,1712590531410,138.0,He reaches an arm around my waist and with his other hand he begins to unbutton my jacket and then he goes on to the buttons of my blouse.,4356.0
1687,381,1712590532268,30.0,"""First things first,"" he says.",858.0
1687,382,1712590532809,23.0,He says something else.,541.0
1687,383,1712590533554,27.0,But I don't need to listen.,745.0
1687,384,1712590535084,46.0,I can't hear a thing with so much water going.,1530.0
1687,385,1712590535681,3.0,***,596.0
1709,84,1712597214344,3.0,***,4627.0
1709,85,1712597222120,37.0,My husband eats with a good appetite.,7776.0
1709,86,1712597231287,37.0,But I don't think he's really hungry.,9167.0
1709,87,1712597237471,69.0,"He chews, arms on the table, and stares at something across the room.",6184.0
1709,88,1712597239792,30.0,He looks at me and looks away.,2321.0
1709,89,1712597246735,33.0,He wipes his mouth on the napkin.,6943.0
1709,90,1712597252048,30.0,"He shrugs, and goes on eating.",5313.0
1709,91,1712597255895,42.0,"""What are you staring at me for?"" he says.",3847.0
1709,92,1712597259536,45.0,"""What is it?"" he says and lays down his fork.",3640.0
1709,93,1712597264399,42.0,"""Was I staring?"" I say, and shake my head.",4863.0
1709,94,1712597269304,20.0,The telephone rings.,4905.0
1709,95,1712597273103,27.0,"""Don't answer it,"" he says.",3799.0
1709,96,1712597275920,33.0,"""It might be your mother,"" I say.",2817.0
1709,97,1712597279735,25.0,"""Watch and see,"" he says.",3815.0
1709,98,1712597282543,34.0,I pick up the receiver and listen.,2808.0
1709,99,1712597288839,24.0,My husband stops eating.,6295.0
1709,100,1712597291496,46.0,"""What did I tell you?"" he says when I hang up.",2657.0
1709,101,1712597293311,23.0,He starts to eat again.,1815.0
1709,102,1712597294535,36.0,Then throws his napkin on his plate.,1224.0
1709,103,1712597296991,63.0,"He says, ""Goddamn it, why can't people mind their own business?",2456.0
1709,104,1712597299055,41.0,Tell me what I did wrong and I'll listen!,2064.0
1709,105,1712597301503,28.0,I wasn't the only man there.,2448.0
1709,106,1712597307103,37.0,We talked it over and we all decided.,5600.0
1709,107,1712597308359,29.0,We couldn't just turn around.,1256.0
1709,108,1712597310031,32.0,We were five miles from the car.,1672.0
1709,109,1712597311831,34.0,I won't have you passing judgment.,1800.0
1709,110,1712597313215,13.0,"Do you hear?""",1384.0
1709,111,1712597314151,18.0,"""You know,"" I say.",936.0
1709,112,1712597315647,33.0,"He says, ""What do I know, Claire?",1496.0
1709,113,1712597318927,34.0,Tell me what I'm supposed to know.,3280.0
1709,114,1712597320367,40.0,"I don't know anything except one thing?""",1440.0
1709,115,1712597322175,48.0,He gives me what he thinks is a meaningful look.,1808.0
1709,116,1712597323151,24.0,"""She was dead,"" he says.",976.0
1709,117,1712597325111,33.0,"""And I'm as sorry as anyone else.",1960.0
1709,118,1712597325935,18.0,"But she was dead.""",824.0
1709,119,1712597326823,26.0,"""That's the point,"" I say.",888.0
1709,120,1712597327655,20.0,He raises his hands.,832.0
1709,121,1712597329007,40.0,He pushes his chair away from the table.,1351.0
1709,122,1712597332047,72.0,He takes out his cigarettes and goes out to the back with a can of beer.,3040.0
1709,123,1712597335423,64.0,I see him sit in the lawn chair and pick up the newspaper again.,3376.0
1709,124,1712597336879,39.0,His name is in there on the first page.,1456.0
1709,125,1712597337903,36.0,Along with the names of his friends.,1024.0
1709,126,1712597339007,40.0,I close my eyes and hold on to the sink.,1104.0
1709,127,1712597341551,74.0,Then I rake my arm across the drainboard and send the dishes to the floor.,2543.0
1709,128,1712597342375,16.0,He doesn't move.,824.0
1709,129,1712597343223,18.0,I know he's heard.,848.0
1709,130,1712597345103,40.0,He lifts his head as if still listening.,1880.0
1709,131,1712597346535,30.0,But he doesn't move otherwise.,1432.0
1709,132,1712597347542,23.0,He doesn't turn around.,1007.0
1709,133,1712597349007,3.0,***,1464.0
1709,134,1712597367862,88.0,"He and Gordon Johnson and Mel Dorn and Vern Williams, they play poker and bowl and fish.",18855.0
1709,135,1712597378790,85.0,They fish every spring and early summer before visiting relatives can get in the way.,10928.0
1709,136,1712597384023,65.0,"They are decent men, family men, men who take care of their jobs.",5233.0
1709,137,1712597386070,65.0,"They have sons and daughters who go to school with our son, Dean.",2047.0
1709,138,1712597391639,55.0,Last Friday these family men left for the Naches River.,5569.0
1709,139,1712597396159,76.0,They parked the car in the mountains and hiked to where they wanted to fish.,4520.0
1709,140,1712597405367,76.0,"They carried their bedrolls, their food, their playing cards, their whiskey.",9208.0
1709,141,1712597407814,42.0,They saw the girl before they set up camp.,2447.0
1709,142,1712597409038,19.0,Mel Dorn found her.,1224.0
1709,143,1712597422116,25.0,No clothes on her at all.,13077.0
1709,144,1712597423919,64.0,She was wedged into some branches that stuck out over the water.,1803.0
1709,145,1712597425054,43.0,He called the others and they came to look.,1135.0
1709,146,1712597426134,29.0,They talked about what to do.,1079.0
1709,147,1712597432134,82.0,One of the men - my Stuart didn't say which - said they should start back at once.,6000.0
1709,148,1712597433870,86.0,"The others stirred the sand with their shoes, said they didn't feel inclined that way.",1736.0
1709,149,1712597437334,82.0,"They pleaded fatigue, the late hour, the fact that the girl wasn't going anywhere.",3464.0
1709,150,1712597439062,47.0,In the end they went ahead and set up the camp.,1728.0
1709,151,1712597440566,42.0,They built a fire and drank their whiskey.,1504.0
1709,152,1712597442167,50.0,"When the moon came up, they talked about the girl.",1601.0
1709,153,1712597444719,59.0,Someone said they should -keep the body from drifting away.,2552.0
1709,154,1712597446110,55.0,They took their flashlights and went back to the river.,1391.0
1709,155,1712597447846,66.0,One of the men - it might have been Stuart - waded in and got her.,1736.0
1709,156,1712597449159,53.0,He took her by the fingers and pulled her into shore.,1313.0
1709,157,1712597453399,87.0,He got some nylon cord and tied it to her wrist and then looped the rest around a tree.,4240.0
1709,158,1712597456550,99.0,"The next morning they cooked breakfast, drank coffee, and drank whiskey, and then split up to fish.",3151.0
1709,159,1712597476574,182.0,"That night they cooked fish, cooked potatoes, drank coffee, drank whiskey, then took their cooking things and eating things back down to the river and washed them where the girl was.",20024.0
1709,160,1712597477638,32.0,They played some cards later on.,1064.0
1709,161,1712597479966,55.0,Maybe they played until they couldn't see them anymore.,2328.0
1709,162,1712597481278,28.0,Vern Williams went to sleep.,1312.0
1709,163,1712597483278,28.0,But the others told stories.,2000.0
1709,164,1712597487654,100.0,Gordon Johnson said the trout they'd caught were hard because of the terrible coldness of the water.,4376.0
1709,165,1712597492422,154.0,"The next morning they got up late, drank whiskey, fished a little, took down their tents, rolled their sleeping bags, gathered their stuff, and hiked out.",4768.0
1709,166,1712597493422,41.0,They drove until they got to a telephone.,1000.0
1709,167,1712597500134,86.0,It was Stuart who made the call while the others stood around in the sun and listened.,6712.0
1709,168,1712597501878,32.0,He gave the sheriff their names.,1744.0
1709,169,1712597505894,25.0,They had nothing to hide.,4016.0
1709,170,1712597506558,21.0,They weren't ashamed.,664.0
1709,171,1712597509982,100.0,They said they'd wait until someone could come for better directions and take down their statements.,3424.0
1709,172,1712597511214,3.0,***,1232.0
1709,173,1712597513686,30.0,I was asleep when he got home.,2472.0
1709,174,1712597515222,46.0,But I woke up when I heard him in the kitchen.,1536.0
1709,175,1712597516446,64.0,I found him leaning against the refrigerator with a can of beer.,1224.0
1709,176,1712597518278,68.0,He put his heavy arms around me and rubbed his big hands on my back.,1832.0
1709,177,1712597521662,85.0,In bed he put his hands on me again and then waited as if thinking of something else.,3384.0
1709,178,1712597522853,28.0,I turned and opened my legs.,1191.0
1709,179,1712597524030,36.0,"Afterwards, I think he stayed awake.",1177.0
1709,180,1712597525917,53.0,He was up that morning before I could get out of bed.,1887.0
1709,181,1712597527222,54.0,"To see if there was something in the paper, I suppose.",1304.0
1709,182,1712597529270,46.0,The telephone began ringing right after eight.,2048.0
1709,183,1712597530253,13.0,"""Go to hell!""",983.0
1709,184,1712597531517,18.0,I heard him shout.,1263.0
1709,185,1712597532278,31.0,The telephone rang right again.,761.0
1709,186,1712597534837,59.0,"""I have nothing to add to what I already told the sheriff!""",2559.0
1709,187,1712597535742,29.0,He slammed the receiver down.,905.0
1709,188,1712597536526,27.0,"""What is going on?"" I said.",784.0
1709,189,1712597539918,49.0,It was then that he told me what I just told you.,3392.0
1709,190,1712597540853,3.0,***,935.0
1709,191,1712597542446,44.0,I sweep up the broken dishes and go outside.,1593.0
1709,192,1712597544862,85.0,"He is lying on his back on the grass now, the newspaper and can of beer within reach.",2416.0
1709,193,1712597546550,41.0,"""Stuart, could we go for a drive?"" I say.",1688.0
1709,194,1712597548093,30.0,He rolls over and looks at me.,1543.0
1709,195,1712597549661,37.0,"""We'll pick up some beer,"" he says...",1568.0
1709,196,1712597552926,62.0,He gets to his feet and touches me on the hip as he goes past.,3265.0
1709,197,1712597553686,28.0,"""Give me a minute,"" he says.",760.0
1709,198,1712597554733,39.0,We drive through town without speaking.,1047.0
1709,199,1712597555766,39.0,He stops at a roadside market for beer.,1033.0
1709,200,1712597557646,54.0,I notice a great stack of papers just inside the door.,1880.0
1709,201,1712597560206,89.0,On the top step a fat woman in a print dress holds out a licorice stick to a little girl.,2560.0
1709,202,1712597562566,66.0,"Later on, we cross Everson Creek and turn into the picnic grounds.",2360.0
1709,203,1712597568350,79.0,The creek runs under the bridge and into a large pond a few hundred yards away.,5784.0
1709,204,1712597569086,28.0,I can see the men out there.,736.0
1709,205,1712597570470,33.0,I can see them out there fishing.,1384.0
1709,206,1712597571646,31.0,So much water so close to home.,1175.0
1709,207,1712597573814,43.0,"I say, ""Why did you have to go miles away?""",2168.0
1709,208,1712597575077,25.0,"""Don't rile me,"" he says.",1263.0
1709,209,1712597576262,29.0,We sit on a bench in the sun.,1185.0
1709,210,1712597577013,25.0,He opens us cans of beer.,751.0
1709,211,1712597578189,25.0,"He says, ""Relax, Claire.""",1176.0
1709,212,1712597587261,30.0,"""They said they were innocent.",9072.0
1709,213,1712597588133,27.0,"They said they were crazy.""",872.0
1709,214,1712597588885,15.0,"He says, ""Who?""",752.0
1709,215,1712597589925,38.0,"He says, ""What are you talking about?""",1040.0
1709,216,1712597594269,21.0,"""The Maddox brothers.",4344.0
1709,217,1712597602380,54.0,They killed a girl named Arlene Hubly where I grew up.,8111.0
1709,218,1712597613757,60.0,They cut off her head and threw her into the Cle Elum River.,11377.0
1709,219,1712597616565,31.0,"It happened when I was a girl.""",2808.0
1709,220,1712597619029,40.0,"""You're going to get me riled,"" he says.",2464.0
1709,221,1712597620221,20.0,I look at the creek.,1192.0
1709,222,1712597623294,79.0,"I'm right in it, eyes open, face down, staring at the moss on the bottom, dead.",3073.0
1709,223,1712597624645,62.0,"""I don't know what's wrong with you,"" he says on the way home.",1351.0
1709,224,1712597625709,45.0,"""You're getting me more riled by the minute.""",1063.0
1709,225,1712597626438,34.0,There is nothing I can say to him.,728.0
1709,226,1712597627525,36.0,He tries to concentrate on the road.,1087.0
1709,227,1712597628765,47.0,But he keeps looking into the rear-view mirror.,1240.0
1709,228,1712597629438,9.0,He knows.,672.0
1709,229,1712597630358,3.0,***,920.0
1709,230,1712597633821,52.0,Stuart believes he is letting me sleep this morning.,3463.0
1709,231,1712597634965,47.0,But I was awake long before the alarm went off.,1144.0
1709,232,1712597636893,74.0,"I was thinking, lying on the far side of the bed away from his hairy legs.",1928.0
1709,233,1712597646629,78.0,"He gets Dean off for school, and then he shaves, dresses, and leaves for work.",9736.0
1709,234,1712597648789,40.0,Twice he looks in and clears his throat.,2160.0
1709,235,1712597649917,26.0,But I keep my eyes closed.,1128.0
1709,236,1712597650757,38.0,In the kitchen I find a note from him.,840.0
1709,237,1712597651973,19.0,"It's signed ""Love.""",1216.0
1709,238,1712597654765,74.0,I sit in the breakfast nook and drink coffee and leave a ring on the note.,2792.0
1709,239,1712597656165,67.0,I look at the newspaper and turn it this way and that on the table.,1400.0
1709,240,1712597658029,43.0,Then I skid it close and read what it says.,1864.0
1709,241,1712597659540,38.0,"The body has been identified, claimed.",1511.0
1709,242,1712597665421,155.0,"But it took some examining it, some putting things into it, some cutting, some weighing, some measuring, some putting things back again and sewing them in.",5881.0
1709,243,1712597666708,57.0,I sit for a long time holding the newspaper and thinking.,1287.0
1709,244,1712597668309,51.0,Then I call up to get a chair at the hairdresser's.,1600.0
1709,245,1712597668965,3.0,***,656.0
1709,246,1712597670997,75.0,I sit under the dryer with a magazine on my lap and let Marnie do my nails.,2032.0
1709,247,1712597672292,42.0,"""I am going to a funeral tomorrow,"" I say.",1295.0
1709,248,1712597673509,38.0,"""I'm sorry to hear that,"" Marnie says.",1217.0
1709,249,1712597674317,25.0,"""It was a murder,"" I say.",808.0
1709,250,1712597676453,37.0,"""That's the worst kind,"" Marnie says.",2136.0
1709,251,1712597678549,35.0,"""We weren't all that close,"" I say.",2096.0
1709,252,1712597679309,15.0,"""But you know?""",760.0
1709,253,1712597680797,45.0,"""We'll get you fixed up for it,"" Marnie says.",1487.0
1709,254,1712597683293,72.0,"That night I make my bed on the sofa, and in the morning I get up first.",2495.0
1709,255,1712597684565,50.0,I put on coffee and fix breakfast while he shaves.,1272.0
1709,256,1712597687389,76.0,"He appears in the kitchen doorway, towel over his bare shoulder, appraising.",2824.0
1709,257,1712597688333,23.0,"""Here's coffee,"" I say.",944.0
1709,258,1712597689261,31.0,"""Eggs'll be ready in a minute.”",928.0
1709,259,1712597690341,37.0,"I wake Dean, and the three of us eat.",1080.0
1709,260,1712597693573,79.0,"Whenever Stuart looks at me, I ask Dean if he wants more milk, more toast, etc.",3232.0
1709,261,1712597695773,56.0,"""I'll call you today,"" Stuart says as he opens the door.",2199.0
1709,262,1712597697557,42.0,"I say, ""I don't think I'll be home today.""",1784.0
1709,263,1712597698477,21.0,"""All right,"" he says.",920.0
1709,264,1712597701004,7.0,"""Sure.""",2527.0
1709,265,1712597702044,18.0,I dress carefully.,1040.0
1709,266,1712597704333,48.0,I try on a hat and look at myself in the mirror.,2289.0
1709,267,1712597705764,28.0,I write out a note for Dean.,1431.0
1709,268,1712597708261,69.0,"Honey, Mommy has things to do this afternoon, but will be back later.",2497.0
1709,269,1712597711213,61.0,You stay in or be in the backyard until one of us comes home.,2952.0
1709,270,1712597711789,11.0,"Love, Mommy",576.0
1709,271,1712597713453,48.0,I look at the word Love and then I underline it.,1664.0
1709,272,1712597714388,29.0,Then I see the word backyard.,935.0
1709,273,1712597715684,22.0,Is it one word or two?,1296.0
1709,274,1712597716331,3.0,***,647.0
1709,275,1712597719365,121.0,"I drive through farm country, through fields of oats and sugar beets and past apple orchards, cattle grazing in pastures.",3033.0
1709,276,1712597722461,99.0,"Then everything changes, more like shacks than farmhouses and stands of timber instead of orchards.",3096.0
1709,277,1712597725093,78.0,"Then mountains, and on the right, far below, I sometimes see the Naches River.",2632.0
1709,278,1712597727412,64.0,A green pickup comes up behind me and stays behind me for miles.,2319.0
1709,279,1712597729717,55.0,"I keep slowing at the wrong times, hoping he will pass.",2305.0
1709,280,1712597730636,16.0,Then I speed up.,919.0
1709,281,1712597732156,36.0,"But this is at the wrong times, too.",1520.0
1709,282,1712597733388,39.0,I grip the wheel until my fingers hurt.,1232.0
1709,283,1712597734996,37.0,On a long clear stretch he goes past.,1608.0
1709,284,1712597737828,73.0,"But he drives along beside for a bit, a crewcut man in a blue work shirt.",2832.0
1709,285,1712597738748,24.0,We look each other over.,920.0
1709,286,1712597740813,53.0,"Then he waves, toots his horn, and pulls on up ahead.",2065.0
1709,287,1712597742108,29.0,I slow down and find a place.,1295.0
1709,288,1712597743644,35.0,I pull over and shut off the motor.,1536.0
1709,289,1712597744780,42.0,I can hear the river down below the trees.,1136.0
1709,290,1712597746028,35.0,Then I hear the pickup coming back.,1248.0
1709,291,1712597747420,41.0,I lock the doors and roll up the windows.,1392.0
1709,292,1712597748396,30.0,"""You all right?"" the man says.",976.0
1709,293,1712597749445,21.0,He raps on the glass.,1049.0
1709,294,1712597750196,11.0,"""You okay?""",751.0
1709,295,1712597752973,64.0,He leans his arms on the door and brings his face to the window.,2777.0
1709,296,1712597753692,15.0,I stare at him.,719.0
1709,297,1712597755141,30.0,I can't think what else to do.,1449.0
1709,298,1712597756436,34.0,"""Is everything all right in there?",1295.0
1709,299,1712597758077,31.0,"How come you're all locked up?""",1641.0
1709,300,1712597758869,16.0,I shake my head.,792.0
1709,301,1712597759685,24.0,"""Roll down your window.""",815.0
1709,302,1712597761573,64.0,He shakes his head and looks at the highway and then back at me.,1888.0
1709,303,1712597762340,19.0,"""Roll it down now.""",767.0
1709,304,1712597763748,32.0,"""Please,"" I say, ""I have to go.""",1408.0
1709,305,1712597764900,50.0,"""Open the door,"" he says as if he isn't listening.",1151.0
1709,306,1712597766220,33.0,"""You're going to choke in there.""",1320.0
1709,307,1712597767908,32.0,"He looks at my breasts, my legs.",1688.0
1709,308,1712597769516,34.0,I can tell that's what he's doing.,1608.0
1709,309,1712597770428,22.0,"""Hey, sugar,"" he says.",912.0
1709,310,1712597771428,31.0,"""I'm just here to help is all.""",1000.0
1709,311,1712597772236,3.0,***,808.0
1709,312,1712597775028,52.0,The casket is closed and covered with floral sprays.,2792.0
1709,313,1712597777060,45.0,The organ starts up the minute I take a seat.,2032.0
1709,314,1712597777876,40.0,People are coming in and finding chairs.,816.0
1709,315,1712597780004,63.0,There's a boy in flared pants and a yellow short-sleeved shirt.,2128.0
1709,316,1712597784572,100.0,A door opens and the family comes in in a group and moves over to a curtained place off to one side.,4568.0
1709,317,1712597786100,39.0,Chairs creak as everybody gets settled.,1528.0
1709,318,1712597788820,83.0,"Directly, a nice blond man in a nice dark suit stands and asks us to bow our heads.",2720.0
1709,319,1712597793620,105.0,"He says a prayer for us, the living, and when he finishes, he says a prayer for the soul of the departed.",4800.0
1709,320,1712597794980,43.0,Along with the others I go past the casket.,1359.0
1709,321,1712597797388,66.0,Then I move out onto the front steps and into the afternoon light.,2408.0
1709,322,1712597798964,66.0,There's a woman who limps as she goes down the stairs ahead of me.,1576.0
1709,323,1712597799836,33.0,On the sidewalk she looks around.,872.0
1709,324,1712597800964,31.0,"""Well, they got him,"" she says.",1128.0
1709,325,1712597801892,27.0,"""If that's any consolation.",928.0
1709,326,1712597802732,31.0,They arrested him this morning.,840.0
1709,327,1712597803684,38.0,I heard it on the radio before I come.,952.0
1709,328,1712597804860,26.0,"A boy right here in town.""",1176.0
1709,329,1712597807580,42.0,We move a few steps down the hot sidewalk.,2720.0
1709,330,1712597808460,25.0,People are starting cars.,880.0
1709,331,1712597810044,49.0,I put out my hand and hold on to a parking meter.,1584.0
1709,332,1712597811443,36.0,Polished hoods and polished fenders.,1399.0
1709,333,1712597812212,14.0,My head swims.,769.0
1709,334,1712597813820,41.0,"I say, ""They have friends, these killers.",1608.0
1709,335,1712597814532,16.0,"You can't tell.""",712.0
1709,336,1712597818028,70.0,"""I have known that child since she was a little girl,"" the woman says.",3496.0
1709,337,1712597822387,93.0,"""She used to come over and I'd bake cookies for her and let her eat them in front of the TV.""",4359.0
1709,338,1712597823148,3.0,***,761.0
1709,339,1712597824724,76.0,"Back home, Stuart sits at the table with a drink of whiskey in front of him.",1576.0
1709,340,1712597827187,57.0,For a crazy instant I think something's happened to Dean.,2463.0
1709,341,1712597827860,14.0,"""Where is he?""",673.0
1709,342,1712597828372,6.0,I say.,512.0
1709,343,1712597829020,16.0,"""Where is Dean?""",648.0
1709,344,1712597829739,27.0,"""Outside,"" my husband says.",719.0
1709,345,1712597830788,34.0,He drains his glass and stands up.,1049.0
1709,346,1712597832204,40.0,"He says, ""I think I know what you need.""",1416.0
1709,347,1712597836036,138.0,He reaches an arm around my waist and with his other hand he begins to unbutton my jacket and then he goes on to the buttons of my blouse.,3831.0
1709,348,1712597838059,30.0,"""First things first,"" he says.",2023.0
1709,349,1712597838964,23.0,He says something else.,905.0
1709,350,1712597840819,27.0,But I don't need to listen.,1855.0
1709,351,1712597843252,46.0,I can't hear a thing with so much water going.,2433.0
1709,352,1712597844508,3.0,***,1256.0
1682,88,1712590788655,3.0,***,13413.0
1682,89,1712590791066,37.0,My husband eats with a good appetite.,2411.0
1682,90,1712590793111,37.0,But I don't think he's really hungry.,2045.0
1682,91,1712590798597,69.0,"He chews, arms on the table, and stares at something across the room.",5486.0
1682,92,1712590799849,30.0,He looks at me and looks away.,1252.0
1682,93,1712590801202,33.0,He wipes his mouth on the napkin.,1353.0
1682,94,1712590802647,30.0,"He shrugs, and goes on eating.",1445.0
1682,95,1712590804316,42.0,"""What are you staring at me for?"" he says.",1669.0
1682,96,1712590806443,45.0,"""What is it?"" he says and lays down his fork.",2127.0
1682,97,1712590809312,42.0,"""Was I staring?"" I say, and shake my head.",2869.0
1682,98,1712590809963,20.0,The telephone rings.,651.0
1682,99,1712590810931,27.0,"""Don't answer it,"" he says.",968.0
1682,100,1712590812070,33.0,"""It might be your mother,"" I say.",1139.0
1682,101,1712590813089,25.0,"""Watch and see,"" he says.",1019.0
1682,102,1712590814025,34.0,I pick up the receiver and listen.,936.0
1682,103,1712590815541,24.0,My husband stops eating.,1516.0
1682,104,1712590816579,46.0,"""What did I tell you?"" he says when I hang up.",1038.0
1682,105,1712590819550,23.0,He starts to eat again.,2970.0
1682,106,1712590820974,36.0,Then throws his napkin on his plate.,1424.0
1682,107,1712590823966,63.0,"He says, ""Goddamn it, why can't people mind their own business?",2992.0
1682,108,1712590826846,41.0,Tell me what I did wrong and I'll listen!,2880.0
1682,109,1712590830081,28.0,I wasn't the only man there.,3234.0
1682,110,1712590832851,37.0,We talked it over and we all decided.,2769.0
1682,111,1712590835315,29.0,We couldn't just turn around.,2464.0
1682,112,1712590836720,32.0,We were five miles from the car.,1405.0
1682,113,1712590838816,34.0,I won't have you passing judgment.,2096.0
1682,114,1712590839438,13.0,"Do you hear?""",622.0
1682,115,1712590839978,18.0,"""You know,"" I say.",540.0
1682,116,1712590842522,33.0,"He says, ""What do I know, Claire?",2543.0
1682,117,1712590844029,34.0,Tell me what I'm supposed to know.,1507.0
1682,118,1712590846368,40.0,"I don't know anything except one thing?""",2339.0
1682,119,1712590849178,48.0,He gives me what he thinks is a meaningful look.,2810.0
1682,120,1712590850554,24.0,"""She was dead,"" he says.",1376.0
1682,121,1712590852895,33.0,"""And I'm as sorry as anyone else.",2341.0
1682,122,1712590853627,18.0,"But she was dead.""",732.0
1682,123,1712590854381,26.0,"""That's the point,"" I say.",754.0
1682,124,1712590855102,20.0,He raises his hands.,720.0
1682,125,1712590856506,40.0,He pushes his chair away from the table.,1404.0
1682,126,1712590858277,72.0,He takes out his cigarettes and goes out to the back with a can of beer.,1771.0
1682,127,1712590859530,64.0,I see him sit in the lawn chair and pick up the newspaper again.,1252.0
1682,128,1712590860273,39.0,His name is in there on the first page.,743.0
1682,129,1712590860883,36.0,Along with the names of his friends.,610.0
1682,130,1712590885968,40.0,I close my eyes and hold on to the sink.,25085.0
1682,131,1712590888666,74.0,Then I rake my arm across the drainboard and send the dishes to the floor.,2697.0
1682,132,1712590891077,16.0,He doesn't move.,2411.0
1682,133,1712590892188,18.0,I know he's heard.,1110.0
1682,134,1712590893094,40.0,He lifts his head as if still listening.,906.0
1682,135,1712590893552,30.0,But he doesn't move otherwise.,458.0
1682,136,1712590893908,23.0,He doesn't turn around.,356.0
1682,137,1712590894132,3.0,***,224.0
1682,138,1712590896484,88.0,"He and Gordon Johnson and Mel Dorn and Vern Williams, they play poker and bowl and fish.",2352.0
1682,139,1712590896698,85.0,They fish every spring and early summer before visiting relatives can get in the way.,214.0
1682,140,1712590896881,65.0,"They are decent men, family men, men who take care of their jobs.",183.0
1682,141,1712590897278,65.0,"They have sons and daughters who go to school with our son, Dean.",397.0
1682,142,1712590898286,55.0,Last Friday these family men left for the Naches River.,1008.0
1682,143,1712590898662,76.0,They parked the car in the mountains and hiked to where they wanted to fish.,376.0
1682,144,1712590898947,76.0,"They carried their bedrolls, their food, their playing cards, their whiskey.",285.0
1682,145,1712590899385,42.0,They saw the girl before they set up camp.,438.0
1682,146,1712590899771,19.0,Mel Dorn found her.,385.0
1682,147,1712590900129,25.0,No clothes on her at all.,358.0
1682,148,1712590900433,64.0,She was wedged into some branches that stuck out over the water.,304.0
1682,149,1712590900718,43.0,He called the others and they came to look.,285.0
1682,150,1712590901025,29.0,They talked about what to do.,307.0
1682,151,1712590901319,82.0,One of the men - my Stuart didn't say which - said they should start back at once.,294.0
1682,152,1712590901584,86.0,"The others stirred the sand with their shoes, said they didn't feel inclined that way.",265.0
1682,153,1712590901880,82.0,"They pleaded fatigue, the late hour, the fact that the girl wasn't going anywhere.",296.0
1682,154,1712590902134,47.0,In the end they went ahead and set up the camp.,254.0
1682,155,1712590902369,42.0,They built a fire and drank their whiskey.,235.0
1682,156,1712590902612,50.0,"When the moon came up, they talked about the girl.",243.0
1682,157,1712590902958,59.0,Someone said they should -keep the body from drifting away.,346.0
1682,158,1712590903559,55.0,They took their flashlights and went back to the river.,601.0
1682,159,1712590903956,66.0,One of the men - it might have been Stuart - waded in and got her.,397.0
1682,160,1712590904404,53.0,He took her by the fingers and pulled her into shore.,448.0
1682,161,1712590904842,87.0,He got some nylon cord and tied it to her wrist and then looped the rest around a tree.,438.0
1682,162,1712590905320,99.0,"The next morning they cooked breakfast, drank coffee, and drank whiskey, and then split up to fish.",478.0
1682,163,1712590905747,182.0,"That night they cooked fish, cooked potatoes, drank coffee, drank whiskey, then took their cooking things and eating things back down to the river and washed them where the girl was.",427.0
1682,164,1712590906155,32.0,They played some cards later on.,408.0
1682,165,1712590906521,55.0,Maybe they played until they couldn't see them anymore.,366.0
1682,166,1712590907091,28.0,Vern Williams went to sleep.,570.0
1682,167,1712590907418,28.0,But the others told stories.,327.0
1682,168,1712590907703,100.0,Gordon Johnson said the trout they'd caught were hard because of the terrible coldness of the water.,284.0
1682,169,1712590907967,154.0,"The next morning they got up late, drank whiskey, fished a little, took down their tents, rolled their sleeping bags, gathered their stuff, and hiked out.",264.0
1682,170,1712590935417,41.0,They drove until they got to a telephone.,27450.0
1682,171,1712590938166,86.0,It was Stuart who made the call while the others stood around in the sun and listened.,2749.0
1682,172,1712590939183,32.0,He gave the sheriff their names.,1017.0
1682,173,1712590939733,25.0,They had nothing to hide.,549.0
1682,174,1712590940447,21.0,They weren't ashamed.,714.0
1682,175,1712590942229,100.0,They said they'd wait until someone could come for better directions and take down their statements.,1782.0
1682,176,1712591269700,3.0,***,327471.0
1682,177,1712591270585,30.0,I was asleep when he got home.,885.0
1682,178,1712591271084,46.0,But I woke up when I heard him in the kitchen.,499.0
1682,179,1712591272731,64.0,I found him leaning against the refrigerator with a can of beer.,1647.0
1682,180,1712591279090,68.0,He put his heavy arms around me and rubbed his big hands on my back.,6359.0
1682,181,1712591279903,85.0,In bed he put his hands on me again and then waited as if thinking of something else.,813.0
1682,182,1712591287156,28.0,I turned and opened my legs.,7253.0
1682,183,1712591287562,36.0,"Afterwards, I think he stayed awake.",406.0
1682,184,1712591287928,53.0,He was up that morning before I could get out of bed.,366.0
1682,185,1712591288560,54.0,"To see if there was something in the paper, I suppose.",632.0
1682,186,1712591288956,46.0,The telephone began ringing right after eight.,396.0
1682,187,1712591289424,13.0,"""Go to hell!""",468.0
1682,188,1712591289923,18.0,I heard him shout.,499.0
1682,189,1712591291225,31.0,The telephone rang right again.,1302.0
1682,190,1712591292915,59.0,"""I have nothing to add to what I already told the sheriff!""",1690.0
1682,191,1712591293779,29.0,He slammed the receiver down.,864.0
1682,192,1712591294767,27.0,"""What is going on?"" I said.",987.0
1682,193,1712591296139,49.0,It was then that he told me what I just told you.,1372.0
1682,194,1712591296709,3.0,***,569.0
1682,195,1712591299365,44.0,I sweep up the broken dishes and go outside.,2656.0
1682,196,1712591302671,85.0,"He is lying on his back on the grass now, the newspaper and can of beer within reach.",3306.0
1682,197,1712591305367,41.0,"""Stuart, could we go for a drive?"" I say.",2696.0
1682,198,1712591306283,30.0,He rolls over and looks at me.,916.0
1682,199,1712591309102,37.0,"""We'll pick up some beer,"" he says...",2819.0
1682,200,1712591311787,62.0,He gets to his feet and touches me on the hip as he goes past.,2685.0
1682,201,1712591312562,28.0,"""Give me a minute,"" he says.",774.0
1682,202,1712591314281,39.0,We drive through town without speaking.,1719.0
1682,203,1712591316795,39.0,He stops at a roadside market for beer.,2514.0
1682,204,1712591319612,54.0,I notice a great stack of papers just inside the door.,2817.0
1682,205,1712591321546,89.0,On the top step a fat woman in a print dress holds out a licorice stick to a little girl.,1933.0
1682,206,1712591322655,66.0,"Later on, we cross Everson Creek and turn into the picnic grounds.",1109.0
1682,207,1712591323103,79.0,The creek runs under the bridge and into a large pond a few hundred yards away.,448.0
1682,208,1712591323988,28.0,I can see the men out there.,885.0
1682,209,1712591324415,33.0,I can see them out there fishing.,427.0
1682,210,1712591324784,31.0,So much water so close to home.,369.0
1682,211,1712591325108,43.0,"I say, ""Why did you have to go miles away?""",324.0
1682,212,1712591325993,25.0,"""Don't rile me,"" he says.",885.0
1682,213,1712591326777,29.0,We sit on a bench in the sun.,784.0
1682,214,1712591330532,25.0,He opens us cans of beer.,3755.0
1682,215,1712591332424,25.0,"He says, ""Relax, Claire.""",1892.0
1682,216,1712591336525,30.0,"""They said they were innocent.",4101.0
1682,217,1712591340068,27.0,"They said they were crazy.""",3543.0
1682,218,1712591340516,15.0,"He says, ""Who?""",448.0
1682,219,1712591341471,38.0,"He says, ""What are you talking about?""",955.0
1682,220,1712591342285,21.0,"""The Maddox brothers.",813.0
1682,221,1712591346976,54.0,They killed a girl named Arlene Hubly where I grew up.,4691.0
1682,222,1712591349541,60.0,They cut off her head and threw her into the Cle Elum River.,2565.0
1682,223,1712591354366,31.0,"It happened when I was a girl.""",4825.0
1682,224,1712591361766,40.0,"""You're going to get me riled,"" he says.",7400.0
1682,225,1712591362478,20.0,I look at the creek.,712.0
1682,226,1712591363913,79.0,"I'm right in it, eyes open, face down, staring at the moss on the bottom, dead.",1435.0
1682,227,1712591365348,62.0,"""I don't know what's wrong with you,"" he says on the way home.",1435.0
1682,228,1712591366549,45.0,"""You're getting me more riled by the minute.""",1201.0
1682,229,1712591367853,34.0,There is nothing I can say to him.,1304.0
1682,230,1712591369155,36.0,He tries to concentrate on the road.,1302.0
1682,231,1712591370611,47.0,But he keeps looking into the rear-view mirror.,1456.0
1682,232,1712591371231,9.0,He knows.,620.0
1682,233,1712591371872,3.0,***,641.0
1682,234,1712591372473,52.0,Stuart believes he is letting me sleep this morning.,601.0
1682,235,1712591373503,47.0,But I was awake long before the alarm went off.,1029.0
1682,236,1712591373971,74.0,"I was thinking, lying on the far side of the bed away from his hairy legs.",468.0
1682,237,1712591374266,78.0,"He gets Dean off for school, and then he shaves, dresses, and leaves for work.",295.0
1682,238,1712591374459,40.0,Twice he looks in and clears his throat.,193.0
1682,239,1712591375070,26.0,But I keep my eyes closed.,611.0
1682,240,1712591375385,38.0,In the kitchen I find a note from him.,314.0
1682,241,1712591375620,19.0,"It's signed ""Love.""",235.0
1682,242,1712591376311,74.0,I sit in the breakfast nook and drink coffee and leave a ring on the note.,691.0
1682,243,1712591376561,67.0,I look at the newspaper and turn it this way and that on the table.,250.0
1682,244,1712591376771,43.0,Then I skid it close and read what it says.,210.0
1682,245,1712591376994,38.0,"The body has been identified, claimed.",223.0
1682,246,1712591377187,155.0,"But it took some examining it, some putting things into it, some cutting, some weighing, some measuring, some putting things back again and sewing them in.",193.0
1682,247,1712591377411,57.0,I sit for a long time holding the newspaper and thinking.,223.0
1682,248,1712591378093,51.0,Then I call up to get a chair at the hairdresser's.,682.0
1682,249,1712591378296,3.0,***,203.0
1682,250,1712591378927,75.0,I sit under the dryer with a magazine on my lap and let Marnie do my nails.,630.0
1682,251,1712591379121,42.0,"""I am going to a funeral tomorrow,"" I say.",194.0
1682,252,1712591379396,38.0,"""I'm sorry to hear that,"" Marnie says.",275.0
1682,253,1712591379692,25.0,"""It was a murder,"" I say.",296.0
1682,254,1712591380150,37.0,"""That's the worst kind,"" Marnie says.",458.0
1682,255,1712591380629,35.0,"""We weren't all that close,"" I say.",479.0
1682,256,1712591381107,15.0,"""But you know?""",478.0
1682,257,1712591381576,45.0,"""We'll get you fixed up for it,"" Marnie says.",469.0
1682,258,1712591381982,72.0,"That night I make my bed on the sofa, and in the morning I get up first.",406.0
1682,259,1712591382440,50.0,I put on coffee and fix breakfast while he shaves.,458.0
1682,260,1712591383174,76.0,"He appears in the kitchen doorway, towel over his bare shoulder, appraising.",734.0
1682,261,1712591383724,23.0,"""Here's coffee,"" I say.",550.0
1682,262,1712591385027,31.0,"""Eggs'll be ready in a minute.”",1302.0
1682,263,1712591385525,37.0,"I wake Dean, and the three of us eat.",498.0
1682,264,1712591386055,79.0,"Whenever Stuart looks at me, I ask Dean if he wants more milk, more toast, etc.",530.0
1682,265,1712591387052,56.0,"""I'll call you today,"" Stuart says as he opens the door.",997.0
1682,266,1712591387500,42.0,"I say, ""I don't think I'll be home today.""",448.0
1682,267,1712591387989,21.0,"""All right,"" he says.",488.0
1682,268,1712591388437,7.0,"""Sure.""",448.0
1682,269,1712591388966,18.0,I dress carefully.,529.0
1682,270,1712591389455,48.0,I try on a hat and look at myself in the mirror.,488.0
1682,271,1712591389994,28.0,I write out a note for Dean.,539.0
1682,272,1712591390503,69.0,"Honey, Mommy has things to do this afternoon, but will be back later.",509.0
1682,273,1712591390992,61.0,You stay in or be in the backyard until one of us comes home.,489.0
1682,274,1712591391674,11.0,"Love, Mommy",682.0
1682,275,1712591392184,48.0,I look at the word Love and then I underline it.,510.0
1682,276,1712591392703,29.0,Then I see the word backyard.,519.0
1682,277,1712591393447,22.0,Is it one word or two?,744.0
1682,278,1712591460203,3.0,***,66756.0
1682,279,1712591573344,121.0,"I drive through farm country, through fields of oats and sugar beets and past apple orchards, cattle grazing in pastures.",113140.0
1682,280,1712591573609,99.0,"Then everything changes, more like shacks than farmhouses and stands of timber instead of orchards.",265.0
1682,281,1712591573822,78.0,"Then mountains, and on the right, far below, I sometimes see the Naches River.",213.0
1682,282,1712591574066,64.0,A green pickup comes up behind me and stays behind me for miles.,244.0
1682,283,1712591574259,55.0,"I keep slowing at the wrong times, hoping he will pass.",193.0
1682,284,1712591574472,16.0,Then I speed up.,213.0
1682,285,1712591574648,36.0,"But this is at the wrong times, too.",175.0
1682,286,1712591574841,39.0,I grip the wheel until my fingers hurt.,193.0
1682,287,1712591575136,37.0,On a long clear stretch he goes past.,295.0
1682,288,1712591575390,73.0,"But he drives along beside for a bit, a crewcut man in a blue work shirt.",254.0
1682,289,1712591575635,24.0,We look each other over.,245.0
1682,290,1712591576061,53.0,"Then he waves, toots his horn, and pulls on up ahead.",425.0
1682,291,1712591576449,29.0,I slow down and find a place.,388.0
1682,292,1712591576805,35.0,I pull over and shut off the motor.,356.0
1682,293,1712591577079,42.0,I can hear the river down below the trees.,273.0
1682,294,1712591577415,35.0,Then I hear the pickup coming back.,336.0
1682,295,1712591577793,41.0,I lock the doors and roll up the windows.,378.0
1682,296,1712591578201,30.0,"""You all right?"" the man says.",408.0
1682,297,1712591578648,21.0,He raps on the glass.,447.0
1682,298,1712591579167,11.0,"""You okay?""",519.0
1682,299,1712591579553,64.0,He leans his arms on the door and brings his face to the window.,386.0
1682,300,1712591579991,15.0,I stare at him.,438.0
1682,301,1712591580368,30.0,I can't think what else to do.,377.0
1682,302,1712591580746,34.0,"""Is everything all right in there?",378.0
1682,303,1712591581162,31.0,"How come you're all locked up?""",416.0
1682,304,1712591581528,16.0,I shake my head.,366.0
1682,305,1712591581956,24.0,"""Roll down your window.""",427.0
1682,306,1712591582333,64.0,He shakes his head and looks at the highway and then back at me.,377.0
1682,307,1712591582678,19.0,"""Roll it down now.""",345.0
1682,308,1712591583096,32.0,"""Please,"" I say, ""I have to go.""",418.0
1682,309,1712591583422,50.0,"""Open the door,"" he says as if he isn't listening.",326.0
1682,310,1712591583626,33.0,"""You're going to choke in there.""",204.0
1682,311,1712591583871,32.0,"He looks at my breasts, my legs.",245.0
1682,312,1712591584145,34.0,I can tell that's what he's doing.,274.0
1682,313,1712591584380,22.0,"""Hey, sugar,"" he says.",235.0
1682,314,1712591584674,31.0,"""I'm just here to help is all.""",294.0
1682,315,1712591585519,3.0,***,844.0
1682,316,1712591585732,52.0,The casket is closed and covered with floral sprays.,213.0
1682,317,1712591586160,45.0,The organ starts up the minute I take a seat.,428.0
1682,318,1712591586374,40.0,People are coming in and finding chairs.,214.0
1682,319,1712591586925,63.0,There's a boy in flared pants and a yellow short-sleeved shirt.,551.0
1682,320,1712591587404,100.0,A door opens and the family comes in in a group and moves over to a curtained place off to one side.,479.0
1682,321,1712591589898,39.0,Chairs creak as everybody gets settled.,2494.0
1682,322,1712591590681,83.0,"Directly, a nice blond man in a nice dark suit stands and asks us to bow our heads.",783.0
1682,323,1712591591445,105.0,"He says a prayer for us, the living, and when he finishes, he says a prayer for the soul of the departed.",764.0
1682,324,1712591592096,43.0,Along with the others I go past the casket.,651.0
1682,325,1712591592746,66.0,Then I move out onto the front steps and into the afternoon light.,650.0
1682,326,1712591593276,66.0,There's a woman who limps as she goes down the stairs ahead of me.,530.0
1682,327,1712591593765,33.0,On the sidewalk she looks around.,488.0
1682,328,1712591594102,31.0,"""Well, they got him,"" she says.",337.0
1682,329,1712591594580,27.0,"""If that's any consolation.",477.0
1682,330,1712591595079,31.0,They arrested him this morning.,498.0
1682,331,1712591596565,38.0,I heard it on the radio before I come.,1486.0
1682,332,1712591597531,26.0,"A boy right here in town.""",966.0
1682,333,1712591598051,42.0,We move a few steps down the hot sidewalk.,520.0
1682,334,1712591598611,25.0,People are starting cars.,560.0
1682,335,1712591599170,49.0,I put out my hand and hold on to a parking meter.,559.0
1682,336,1712591599761,36.0,Polished hoods and polished fenders.,591.0
1682,337,1712591600279,14.0,My head swims.,517.0
1682,338,1712591600728,41.0,"I say, ""They have friends, these killers.",449.0
1682,339,1712591601388,16.0,"You can't tell.""",660.0
1682,340,1712591601979,70.0,"""I have known that child since she was a little girl,"" the woman says.",591.0
1682,341,1712591602560,93.0,"""She used to come over and I'd bake cookies for her and let her eat them in front of the TV.""",581.0
1682,342,1712591604107,3.0,***,1546.0
1682,343,1712591604656,76.0,"Back home, Stuart sits at the table with a drink of whiskey in front of him.",549.0
1682,344,1712591605156,57.0,For a crazy instant I think something's happened to Dean.,500.0
1682,345,1712591605817,14.0,"""Where is he?""",661.0
1682,346,1712591606245,6.0,I say.,428.0
1682,347,1712591606825,16.0,"""Where is Dean?""",580.0
1682,348,1712591608056,27.0,"""Outside,"" my husband says.",1231.0
1682,349,1712591609411,34.0,He drains his glass and stands up.,1355.0
1682,350,1712591610967,40.0,"He says, ""I think I know what you need.""",1556.0
1682,351,1712591616648,138.0,He reaches an arm around my waist and with his other hand he begins to unbutton my jacket and then he goes on to the buttons of my blouse.,5681.0
1682,352,1712591617646,30.0,"""First things first,"" he says.",998.0
1682,353,1712591618390,23.0,He says something else.,744.0
1682,354,1712591618919,27.0,But I don't need to listen.,529.0
1682,355,1712591621077,46.0,I can't hear a thing with so much water going.,2158.0
1682,356,1712591621627,3.0,***,550.0
1697,43,1712428194421,3.0,***,3024.0
1697,44,1712428196764,37.0,My husband eats with a good appetite.,2343.0
1697,45,1712428198493,37.0,But I don't think he's really hungry.,1727.0
1697,46,1712428201413,69.0,"He chews, arms on the table, and stares at something across the room.",2920.0
1697,47,1712428203220,30.0,He looks at me and looks away.,1807.0
1697,48,1712428204852,33.0,He wipes his mouth on the napkin.,1632.0
1697,49,1712428206564,30.0,"He shrugs, and goes on eating.",1711.0
1697,50,1712428207932,42.0,"""What are you staring at me for?"" he says.",1367.0
1697,51,1712428209764,45.0,"""What is it?"" he says and lays down his fork.",1832.0
1697,52,1712428211331,42.0,"""Was I staring?"" I say, and shake my head.",1567.0
1697,53,1712428212364,20.0,The telephone rings.,1032.0
1697,54,1712428213204,27.0,"""Don't answer it,"" he says.",839.0
1697,55,1712428214124,33.0,"""It might be your mother,"" I say.",920.0
1697,56,1712428215076,25.0,"""Watch and see,"" he says.",952.0
1697,57,1712428217068,34.0,I pick up the receiver and listen.,1992.0
1697,58,1712428218075,24.0,My husband stops eating.,1007.0
1697,59,1712428219627,46.0,"""What did I tell you?"" he says when I hang up.",1551.0
1697,60,1712428221067,23.0,He starts to eat again.,1440.0
1697,61,1712428222828,36.0,Then throws his napkin on his plate.,1761.0
1697,62,1712428224668,63.0,"He says, ""Goddamn it, why can't people mind their own business?",1838.0
1697,63,1712428225972,41.0,Tell me what I did wrong and I'll listen!,1304.0
1697,64,1712428227268,28.0,I wasn't the only man there.,1295.0
1697,65,1712428229842,37.0,We talked it over and we all decided.,2574.0
1697,66,1712428231388,29.0,We couldn't just turn around.,1545.0
1697,67,1712428232611,32.0,We were five miles from the car.,1223.0
1697,68,1712428234060,34.0,I won't have you passing judgment.,1448.0
1697,69,1712428234843,13.0,"Do you hear?""",783.0
1697,70,1712428236203,18.0,"""You know,"" I say.",1359.0
1697,71,1712428238171,33.0,"He says, ""What do I know, Claire?",1967.0
1697,72,1712428239459,34.0,Tell me what I'm supposed to know.,1287.0
1697,73,1712428242019,40.0,"I don't know anything except one thing?""",2559.0
1697,74,1712428244427,48.0,He gives me what he thinks is a meaningful look.,2407.0
1697,75,1712428245675,24.0,"""She was dead,"" he says.",1248.0
1697,76,1712428247467,33.0,"""And I'm as sorry as anyone else.",1791.0
1697,77,1712428248555,18.0,"But she was dead.""",1088.0
1697,78,1712428249699,26.0,"""That's the point,"" I say.",1144.0
1697,79,1712428250766,20.0,He raises his hands.,1066.0
1697,80,1712428252115,40.0,He pushes his chair away from the table.,1349.0
1697,81,1712428254371,72.0,He takes out his cigarettes and goes out to the back with a can of beer.,2256.0
1697,82,1712428257531,64.0,I see him sit in the lawn chair and pick up the newspaper again.,3159.0
1697,83,1712428260043,39.0,His name is in there on the first page.,2512.0
1697,84,1712428261731,36.0,Along with the names of his friends.,1688.0
1697,85,1712428263795,40.0,I close my eyes and hold on to the sink.,2063.0
1697,86,1712428266970,74.0,Then I rake my arm across the drainboard and send the dishes to the floor.,3175.0
1697,87,1712428269555,16.0,He doesn't move.,2584.0
1697,88,1712428270362,18.0,I know he's heard.,807.0
1697,89,1712428271458,40.0,He lifts his head as if still listening.,1095.0
1697,90,1712428272394,30.0,But he doesn't move otherwise.,935.0
1697,91,1712428273266,23.0,He doesn't turn around.,871.0
1697,92,1712428273890,3.0,***,623.0
1697,93,1712428277258,88.0,"He and Gordon Johnson and Mel Dorn and Vern Williams, they play poker and bowl and fish.",3367.0
1697,94,1712428282578,85.0,They fish every spring and early summer before visiting relatives can get in the way.,5319.0
1697,95,1712428284810,65.0,"They are decent men, family men, men who take care of their jobs.",2231.0
1697,96,1712428287793,65.0,"They have sons and daughters who go to school with our son, Dean.",2983.0
1697,97,1712428290458,55.0,Last Friday these family men left for the Naches River.,2664.0
1697,98,1712428292616,76.0,They parked the car in the mountains and hiked to where they wanted to fish.,2158.0
1697,99,1712428295138,76.0,"They carried their bedrolls, their food, their playing cards, their whiskey.",2522.0
1697,100,1712428297193,42.0,They saw the girl before they set up camp.,2055.0
1697,101,1712428298353,19.0,Mel Dorn found her.,1160.0
1697,102,1712428299386,25.0,No clothes on her at all.,1031.0
1697,103,1712428303033,64.0,She was wedged into some branches that stuck out over the water.,3647.0
1697,104,1712428307193,43.0,He called the others and they came to look.,4159.0
1697,105,1712428308233,29.0,They talked about what to do.,1039.0
1697,106,1712428311201,82.0,One of the men - my Stuart didn't say which - said they should start back at once.,2967.0
1697,107,1712428314034,86.0,"The others stirred the sand with their shoes, said they didn't feel inclined that way.",2833.0
1697,108,1712428317217,82.0,"They pleaded fatigue, the late hour, the fact that the girl wasn't going anywhere.",3183.0
1697,109,1712428319017,47.0,In the end they went ahead and set up the camp.,1799.0
1697,110,1712428320345,42.0,They built a fire and drank their whiskey.,1328.0
1697,111,1712428321721,50.0,"When the moon came up, they talked about the girl.",1375.0
1697,112,1712428324889,59.0,Someone said they should -keep the body from drifting away.,3168.0
1697,113,1712428326825,55.0,They took their flashlights and went back to the river.,1936.0
1697,114,1712428329241,66.0,One of the men - it might have been Stuart - waded in and got her.,2416.0
1697,115,1712428332385,53.0,He took her by the fingers and pulled her into shore.,3144.0
1697,116,1712428336808,87.0,He got some nylon cord and tied it to her wrist and then looped the rest around a tree.,4423.0
1697,117,1712428339569,99.0,"The next morning they cooked breakfast, drank coffee, and drank whiskey, and then split up to fish.",2759.0
1697,118,1712428343984,182.0,"That night they cooked fish, cooked potatoes, drank coffee, drank whiskey, then took their cooking things and eating things back down to the river and washed them where the girl was.",4414.0
1697,119,1712428345144,32.0,They played some cards later on.,1160.0
1697,120,1712428347873,55.0,Maybe they played until they couldn't see them anymore.,2727.0
1697,121,1712428348984,28.0,Vern Williams went to sleep.,1110.0
1697,122,1712428350663,28.0,But the others told stories.,1679.0
1697,123,1712428354800,100.0,Gordon Johnson said the trout they'd caught were hard because of the terrible coldness of the water.,4136.0
1697,124,1712428356624,154.0,"The next morning they got up late, drank whiskey, fished a little, took down their tents, rolled their sleeping bags, gathered their stuff, and hiked out.",1824.0
1697,125,1712428359744,41.0,They drove until they got to a telephone.,3120.0
1697,126,1712428362512,86.0,It was Stuart who made the call while the others stood around in the sun and listened.,2767.0
1697,127,1712428363888,32.0,He gave the sheriff their names.,1376.0
1697,128,1712428365176,25.0,They had nothing to hide.,1288.0
1697,129,1712428366256,21.0,They weren't ashamed.,1080.0
1697,130,1712428369687,100.0,They said they'd wait until someone could come for better directions and take down their statements.,3431.0
1697,131,1712428370512,3.0,***,824.0
1697,132,1712428371663,30.0,I was asleep when he got home.,1151.0
1697,133,1712428374231,46.0,But I woke up when I heard him in the kitchen.,2567.0
1697,134,1712428376167,64.0,I found him leaning against the refrigerator with a can of beer.,1935.0
1697,135,1712428381375,68.0,He put his heavy arms around me and rubbed his big hands on my back.,5207.0
1697,136,1712428384367,85.0,In bed he put his hands on me again and then waited as if thinking of something else.,2991.0
1697,137,1712428385767,28.0,I turned and opened my legs.,1399.0
1697,138,1712428387047,36.0,"Afterwards, I think he stayed awake.",1280.0
1697,139,1712428389943,53.0,He was up that morning before I could get out of bed.,2896.0
1697,140,1712428391943,54.0,"To see if there was something in the paper, I suppose.",1999.0
1697,141,1712428393343,46.0,The telephone began ringing right after eight.,1399.0
1697,142,1712428394103,13.0,"""Go to hell!""",760.0
1697,143,1712428394951,18.0,I heard him shout.,848.0
1697,144,1712428395767,31.0,The telephone rang right again.,815.0
1697,145,1712428397663,59.0,"""I have nothing to add to what I already told the sheriff!""",1896.0
1697,146,1712428398895,29.0,He slammed the receiver down.,1232.0
1697,147,1712428399791,27.0,"""What is going on?"" I said.",896.0
1697,148,1712428401095,49.0,It was then that he told me what I just told you.,1304.0
1697,149,1712428401783,3.0,***,688.0
1697,150,1712428403479,44.0,I sweep up the broken dishes and go outside.,1696.0
1697,151,1712428405742,85.0,"He is lying on his back on the grass now, the newspaper and can of beer within reach.",2262.0
1697,152,1712428407023,41.0,"""Stuart, could we go for a drive?"" I say.",1279.0
1697,153,1712428408030,30.0,He rolls over and looks at me.,1007.0
1697,154,1712428409462,37.0,"""We'll pick up some beer,"" he says...",1431.0
1697,155,1712428412134,62.0,He gets to his feet and touches me on the hip as he goes past.,2671.0
1697,156,1712428412878,28.0,"""Give me a minute,"" he says.",743.0
1697,157,1712428414887,39.0,We drive through town without speaking.,2008.0
1697,158,1712428416278,39.0,He stops at a roadside market for beer.,1391.0
1697,159,1712428419686,54.0,I notice a great stack of papers just inside the door.,3406.0
1697,160,1712428421934,89.0,On the top step a fat woman in a print dress holds out a licorice stick to a little girl.,2248.0
1697,161,1712428424342,66.0,"Later on, we cross Everson Creek and turn into the picnic grounds.",2408.0
1697,162,1712428429390,79.0,The creek runs under the bridge and into a large pond a few hundred yards away.,5048.0
1697,163,1712428431030,28.0,I can see the men out there.,1639.0
1697,164,1712428432830,33.0,I can see them out there fishing.,1800.0
1697,165,1712428434054,31.0,So much water so close to home.,1223.0
1697,166,1712428437140,43.0,"I say, ""Why did you have to go miles away?""",3086.0
1697,167,1712428437989,25.0,"""Don't rile me,"" he says.",848.0
1697,168,1712428439326,29.0,We sit on a bench in the sun.,1335.0
1697,169,1712428440558,25.0,He opens us cans of beer.,1232.0
1697,170,1712428442478,25.0,"He says, ""Relax, Claire.""",1918.0
1697,171,1712428443949,30.0,"""They said they were innocent.",1471.0
1697,172,1712428445077,27.0,"They said they were crazy.""",1127.0
1697,173,1712428445918,15.0,"He says, ""Who?""",839.0
1697,174,1712428447333,38.0,"He says, ""What are you talking about?""",1415.0
1697,175,1712428448149,21.0,"""The Maddox brothers.",815.0
1697,176,1712428451333,54.0,They killed a girl named Arlene Hubly where I grew up.,3183.0
1697,177,1712428453773,60.0,They cut off her head and threw her into the Cle Elum River.,2439.0
1697,178,1712428456349,31.0,"It happened when I was a girl.""",2575.0
1697,179,1712428457925,40.0,"""You're going to get me riled,"" he says.",1575.0
1697,180,1712428458685,20.0,I look at the creek.,759.0
1697,181,1712428461973,79.0,"I'm right in it, eyes open, face down, staring at the moss on the bottom, dead.",3288.0
1697,182,1712428463901,62.0,"""I don't know what's wrong with you,"" he says on the way home.",1928.0
1697,183,1712428465925,45.0,"""You're getting me more riled by the minute.""",2024.0
1697,184,1712428467453,34.0,There is nothing I can say to him.,1528.0
1697,185,1712428470549,36.0,He tries to concentrate on the road.,3096.0
1697,186,1712428474189,47.0,But he keeps looking into the rear-view mirror.,3640.0
1697,187,1712428475429,9.0,He knows.,1239.0
1697,188,1712428476845,3.0,***,1415.0
1697,189,1712428479301,52.0,Stuart believes he is letting me sleep this morning.,2456.0
1697,190,1712428482116,47.0,But I was awake long before the alarm went off.,2815.0
1697,191,1712428484980,74.0,"I was thinking, lying on the far side of the bed away from his hairy legs.",2863.0
1697,192,1712428490316,78.0,"He gets Dean off for school, and then he shaves, dresses, and leaves for work.",5335.0
1697,193,1712428492332,40.0,Twice he looks in and clears his throat.,2015.0
1697,194,1712428494116,26.0,But I keep my eyes closed.,1784.0
1697,195,1712428495837,38.0,In the kitchen I find a note from him.,1720.0
1697,196,1712428496828,19.0,"It's signed ""Love.""",991.0
1697,197,1712428499676,74.0,I sit in the breakfast nook and drink coffee and leave a ring on the note.,2847.0
1697,198,1712428503939,67.0,I look at the newspaper and turn it this way and that on the table.,4263.0
1697,199,1712428506548,43.0,Then I skid it close and read what it says.,2609.0
1697,200,1712428507876,38.0,"The body has been identified, claimed.",1326.0
1697,201,1712428512636,155.0,"But it took some examining it, some putting things into it, some cutting, some weighing, some measuring, some putting things back again and sewing them in.",4760.0
1697,202,1712428514252,57.0,I sit for a long time holding the newspaper and thinking.,1615.0
1697,203,1712428517996,51.0,Then I call up to get a chair at the hairdresser's.,3744.0
1697,204,1712428518476,3.0,***,480.0
1697,205,1712428521883,75.0,I sit under the dryer with a magazine on my lap and let Marnie do my nails.,3407.0
1697,206,1712428524387,42.0,"""I am going to a funeral tomorrow,"" I say.",2504.0
1697,207,1712428525939,38.0,"""I'm sorry to hear that,"" Marnie says.",1551.0
1697,208,1712428527139,25.0,"""It was a murder,"" I say.",1199.0
1697,209,1712428528011,37.0,"""That's the worst kind,"" Marnie says.",871.0
1697,210,1712428529555,35.0,"""We weren't all that close,"" I say.",1543.0
1697,211,1712428530443,15.0,"""But you know?""",888.0
1697,212,1712428532483,45.0,"""We'll get you fixed up for it,"" Marnie says.",2039.0
1697,213,1712428535299,72.0,"That night I make my bed on the sofa, and in the morning I get up first.",2816.0
1697,214,1712428536939,50.0,I put on coffee and fix breakfast while he shaves.,1640.0
1697,215,1712428539611,76.0,"He appears in the kitchen doorway, towel over his bare shoulder, appraising.",2672.0
1697,216,1712428540523,23.0,"""Here's coffee,"" I say.",911.0
1697,217,1712428541563,31.0,"""Eggs'll be ready in a minute.”",1040.0
1697,218,1712428543539,37.0,"I wake Dean, and the three of us eat.",1976.0
1697,219,1712428548050,79.0,"Whenever Stuart looks at me, I ask Dean if he wants more milk, more toast, etc.",4510.0
1697,220,1712428550379,56.0,"""I'll call you today,"" Stuart says as he opens the door.",2329.0
1697,221,1712428552322,42.0,"I say, ""I don't think I'll be home today.""",1943.0
1697,222,1712428553635,21.0,"""All right,"" he says.",1312.0
1697,223,1712428554203,7.0,"""Sure.""",566.0
1697,224,1712428554930,18.0,I dress carefully.,727.0
1697,225,1712428556650,48.0,I try on a hat and look at myself in the mirror.,1719.0
1697,226,1712428557802,28.0,I write out a note for Dean.,1151.0
1697,227,1712428559994,69.0,"Honey, Mommy has things to do this afternoon, but will be back later.",2191.0
1697,228,1712428565098,61.0,You stay in or be in the backyard until one of us comes home.,5103.0
1697,229,1712428566146,11.0,"Love, Mommy",1047.0
1697,230,1712428568498,48.0,I look at the word Love and then I underline it.,2351.0
1697,231,1712428569930,29.0,Then I see the word backyard.,1431.0
1697,232,1712428571978,22.0,Is it one word or two?,2048.0
1697,233,1712428572770,3.0,***,791.0
1697,234,1712428578001,121.0,"I drive through farm country, through fields of oats and sugar beets and past apple orchards, cattle grazing in pastures.",5231.0
1697,235,1712428582609,99.0,"Then everything changes, more like shacks than farmhouses and stands of timber instead of orchards.",4607.0
1697,236,1712428585762,78.0,"Then mountains, and on the right, far below, I sometimes see the Naches River.",3152.0
1697,237,1712428588754,64.0,A green pickup comes up behind me and stays behind me for miles.,2992.0
1697,238,1712428590801,55.0,"I keep slowing at the wrong times, hoping he will pass.",2047.0
1697,239,1712428591649,16.0,Then I speed up.,847.0
1697,240,1712428592625,36.0,"But this is at the wrong times, too.",975.0
1697,241,1712428594689,39.0,I grip the wheel until my fingers hurt.,2063.0
1697,242,1712428596441,37.0,On a long clear stretch he goes past.,1751.0
1697,243,1712428598954,73.0,"But he drives along beside for a bit, a crewcut man in a blue work shirt.",2511.0
1697,244,1712428600049,24.0,We look each other over.,1095.0
1697,245,1712428603577,53.0,"Then he waves, toots his horn, and pulls on up ahead.",3527.0
1697,246,1712428604841,29.0,I slow down and find a place.,1263.0
1697,247,1712428605633,35.0,I pull over and shut off the motor.,791.0
1697,248,1712428606817,42.0,I can hear the river down below the trees.,1183.0
1697,249,1712428608073,35.0,Then I hear the pickup coming back.,1256.0
1697,250,1712428609393,41.0,I lock the doors and roll up the windows.,1320.0
1697,251,1712428610513,30.0,"""You all right?"" the man says.",1119.0
1697,252,1712428611225,21.0,He raps on the glass.,712.0
1697,253,1712428611865,11.0,"""You okay?""",640.0
1697,254,1712428613713,64.0,He leans his arms on the door and brings his face to the window.,1848.0
1697,255,1712428614441,15.0,I stare at him.,728.0
1697,256,1712428615897,30.0,I can't think what else to do.,1456.0
1697,257,1712428618784,34.0,"""Is everything all right in there?",2887.0
1697,258,1712428620161,31.0,"How come you're all locked up?""",1377.0
1697,259,1712428621191,16.0,I shake my head.,1029.0
1697,260,1712428622321,24.0,"""Roll down your window.""",1130.0
1697,261,1712428624992,64.0,He shakes his head and looks at the highway and then back at me.,2671.0
1697,262,1712428625729,19.0,"""Roll it down now.""",735.0
1697,263,1712428626976,32.0,"""Please,"" I say, ""I have to go.""",1247.0
1697,264,1712428628656,50.0,"""Open the door,"" he says as if he isn't listening.",1680.0
1697,265,1712428630064,33.0,"""You're going to choke in there.""",1407.0
1697,266,1712428632120,32.0,"He looks at my breasts, my legs.",2055.0
1697,267,1712428633760,34.0,I can tell that's what he's doing.,1639.0
1697,268,1712428636600,22.0,"""Hey, sugar,"" he says.",2839.0
1697,269,1712428637552,31.0,"""I'm just here to help is all.""",951.0
1697,270,1712428638040,3.0,***,487.0
1697,271,1712428640328,52.0,The casket is closed and covered with floral sprays.,2287.0
1697,272,1712428642568,45.0,The organ starts up the minute I take a seat.,2239.0
1697,273,1712428644640,40.0,People are coming in and finding chairs.,2071.0
1697,274,1712428647120,63.0,There's a boy in flared pants and a yellow short-sleeved shirt.,2480.0
1697,275,1712428652432,100.0,A door opens and the family comes in in a group and moves over to a curtained place off to one side.,5312.0
1697,276,1712428654152,39.0,Chairs creak as everybody gets settled.,1720.0
1697,277,1712428659239,83.0,"Directly, a nice blond man in a nice dark suit stands and asks us to bow our heads.",5086.0
1697,278,1712428664543,105.0,"He says a prayer for us, the living, and when he finishes, he says a prayer for the soul of the departed.",5304.0
1697,279,1712428665943,43.0,Along with the others I go past the casket.,1399.0
1697,280,1712428668415,66.0,Then I move out onto the front steps and into the afternoon light.,2471.0
1697,281,1712428670591,66.0,There's a woman who limps as she goes down the stairs ahead of me.,2175.0
1697,282,1712428672071,33.0,On the sidewalk she looks around.,1479.0
1697,283,1712428673078,31.0,"""Well, they got him,"" she says.",1006.0
1697,284,1712428674159,27.0,"""If that's any consolation.",1080.0
1697,285,1712428674975,31.0,They arrested him this morning.,816.0
1697,286,1712428676247,38.0,I heard it on the radio before I come.,1271.0
1697,287,1712428678239,26.0,"A boy right here in town.""",1991.0
1697,288,1712428679959,42.0,We move a few steps down the hot sidewalk.,1719.0
1697,289,1712428681231,25.0,People are starting cars.,1272.0
1697,290,1712428683199,49.0,I put out my hand and hold on to a parking meter.,1968.0
1697,291,1712428684855,36.0,Polished hoods and polished fenders.,1656.0
1697,292,1712428685823,14.0,My head swims.,968.0
1697,293,1712428688215,41.0,"I say, ""They have friends, these killers.",2392.0
1697,294,1712428689006,16.0,"You can't tell.""",791.0
1697,295,1712428691671,70.0,"""I have known that child since she was a little girl,"" the woman says.",2665.0
1697,296,1712428695455,93.0,"""She used to come over and I'd bake cookies for her and let her eat them in front of the TV.""",3783.0
1697,297,1712428695999,3.0,***,544.0
1697,298,1712428699806,76.0,"Back home, Stuart sits at the table with a drink of whiskey in front of him.",3807.0
1697,299,1712428701686,57.0,For a crazy instant I think something's happened to Dean.,1879.0
1697,300,1712428702358,14.0,"""Where is he?""",671.0
1697,301,1712428702862,6.0,I say.,503.0
1697,302,1712428703334,16.0,"""Where is Dean?""",472.0
1697,303,1712428704110,27.0,"""Outside,"" my husband says.",775.0
1697,304,1712428706623,34.0,He drains his glass and stands up.,2513.0
1697,305,1712428708310,40.0,"He says, ""I think I know what you need.""",1687.0
1697,306,1712428711892,138.0,He reaches an arm around my waist and with his other hand he begins to unbutton my jacket and then he goes on to the buttons of my blouse.,3582.0
1697,307,1712428712886,30.0,"""First things first,"" he says.",994.0
1697,308,1712428713582,23.0,He says something else.,696.0
1697,309,1712428714230,27.0,But I don't need to listen.,648.0
1697,310,1712428715478,46.0,I can't hear a thing with so much water going.,1248.0
1697,311,1712428716518,3.0,***,1040.0
1669,110,1712597039012,3.0,***,2130.0
1669,111,1712597041539,37.0,My husband eats with a good appetite.,2527.0
1669,112,1712597044115,37.0,But I don't think he's really hungry.,2576.0
1669,113,1712597049794,69.0,"He chews, arms on the table, and stares at something across the room.",5679.0
1669,114,1712597052225,30.0,He looks at me and looks away.,2431.0
1669,115,1712597054695,33.0,He wipes his mouth on the napkin.,2470.0
1669,116,1712597057426,30.0,"He shrugs, and goes on eating.",2731.0
1669,117,1712597060039,42.0,"""What are you staring at me for?"" he says.",2613.0
1669,118,1712597062261,45.0,"""What is it?"" he says and lays down his fork.",2222.0
1669,119,1712597065686,42.0,"""Was I staring?"" I say, and shake my head.",3424.0
1669,120,1712597067324,20.0,The telephone rings.,1638.0
1669,121,1712597069730,27.0,"""Don't answer it,"" he says.",2406.0
1669,122,1712597071840,33.0,"""It might be your mother,"" I say.",2110.0
1669,123,1712597073649,25.0,"""Watch and see,"" he says.",1809.0
1669,124,1712597076087,34.0,I pick up the receiver and listen.,2438.0
1669,125,1712597077871,24.0,My husband stops eating.,1784.0
1669,126,1712597080432,46.0,"""What did I tell you?"" he says when I hang up.",2560.0
1669,127,1712597082590,23.0,He starts to eat again.,2158.0
1669,128,1712597084781,36.0,Then throws his napkin on his plate.,2191.0
1669,129,1712597088258,63.0,"He says, ""Goddamn it, why can't people mind their own business?",3477.0
1669,130,1712597091036,41.0,Tell me what I did wrong and I'll listen!,2778.0
1669,131,1712597094572,28.0,I wasn't the only man there.,3536.0
1669,132,1712597096469,37.0,We talked it over and we all decided.,1897.0
1669,133,1712597101304,29.0,We couldn't just turn around.,4835.0
1669,134,1712597103111,32.0,We were five miles from the car.,1807.0
1669,135,1712597107611,34.0,I won't have you passing judgment.,4500.0
1669,136,1712597116235,13.0,"Do you hear?""",8624.0
1669,137,1712597117611,18.0,"""You know,"" I say.",1376.0
1669,138,1712597119687,33.0,"He says, ""What do I know, Claire?",2075.0
1669,139,1712597121601,34.0,Tell me what I'm supposed to know.,1914.0
1669,140,1712597124066,40.0,"I don't know anything except one thing?""",2465.0
1669,141,1712597128423,48.0,He gives me what he thinks is a meaningful look.,4357.0
1669,142,1712597130790,24.0,"""She was dead,"" he says.",2366.0
1669,143,1712597133612,33.0,"""And I'm as sorry as anyone else.",2821.0
1669,144,1712597135756,18.0,"But she was dead.""",2144.0
1669,145,1712597138270,26.0,"""That's the point,"" I say.",2514.0
1669,146,1712597139815,20.0,He raises his hands.,1544.0
1669,147,1712597141442,40.0,He pushes his chair away from the table.,1627.0
1669,148,1712597145466,72.0,He takes out his cigarettes and goes out to the back with a can of beer.,4024.0
1669,149,1712597148480,64.0,I see him sit in the lawn chair and pick up the newspaper again.,3014.0
1669,150,1712597149993,39.0,His name is in there on the first page.,1512.0
1669,151,1712597151544,36.0,Along with the names of his friends.,1551.0
1669,152,1712597153544,40.0,I close my eyes and hold on to the sink.,2000.0
1669,153,1712597156386,74.0,Then I rake my arm across the drainboard and send the dishes to the floor.,2842.0
1669,154,1712597158277,16.0,He doesn't move.,1891.0
1669,155,1712597160629,18.0,I know he's heard.,2352.0
1669,156,1712597162643,40.0,He lifts his head as if still listening.,2014.0
1669,157,1712597165118,30.0,But he doesn't move otherwise.,2475.0
1669,158,1712597166961,23.0,He doesn't turn around.,1843.0
1669,159,1712597167917,3.0,***,956.0
1669,160,1712597173713,88.0,"He and Gordon Johnson and Mel Dorn and Vern Williams, they play poker and bowl and fish.",5796.0
1669,161,1712597176704,85.0,They fish every spring and early summer before visiting relatives can get in the way.,2990.0
1669,162,1712597178857,65.0,"They are decent men, family men, men who take care of their jobs.",2152.0
1669,163,1712597182384,65.0,"They have sons and daughters who go to school with our son, Dean.",3527.0
1669,164,1712597184259,55.0,Last Friday these family men left for the Naches River.,1875.0
1669,165,1712597187851,76.0,They parked the car in the mountains and hiked to where they wanted to fish.,3592.0
1669,166,1712597190314,76.0,"They carried their bedrolls, their food, their playing cards, their whiskey.",2463.0
1669,167,1712597192357,42.0,They saw the girl before they set up camp.,2043.0
1669,168,1712597193821,19.0,Mel Dorn found her.,1464.0
1669,169,1712597195685,25.0,No clothes on her at all.,1864.0
1669,170,1712597199988,64.0,She was wedged into some branches that stuck out over the water.,4303.0
1669,171,1712597202221,43.0,He called the others and they came to look.,2233.0
1669,172,1712597203444,29.0,They talked about what to do.,1223.0
1669,173,1712597208722,82.0,One of the men - my Stuart didn't say which - said they should start back at once.,5278.0
1669,174,1712597213399,86.0,"The others stirred the sand with their shoes, said they didn't feel inclined that way.",4677.0
1669,175,1712597216464,82.0,"They pleaded fatigue, the late hour, the fact that the girl wasn't going anywhere.",3065.0
1669,176,1712597220574,47.0,In the end they went ahead and set up the camp.,4109.0
1669,177,1712597222391,42.0,They built a fire and drank their whiskey.,1816.0
1669,178,1712597224555,50.0,"When the moon came up, they talked about the girl.",2164.0
1669,179,1712597226706,59.0,Someone said they should -keep the body from drifting away.,2150.0
1669,180,1712597228054,55.0,They took their flashlights and went back to the river.,1348.0
1669,181,1712597229829,66.0,One of the men - it might have been Stuart - waded in and got her.,1775.0
1669,182,1712597232025,53.0,He took her by the fingers and pulled her into shore.,2195.0
1669,183,1712597234608,87.0,He got some nylon cord and tied it to her wrist and then looped the rest around a tree.,2583.0
1669,184,1712597236714,99.0,"The next morning they cooked breakfast, drank coffee, and drank whiskey, and then split up to fish.",2105.0
1669,185,1712597240808,182.0,"That night they cooked fish, cooked potatoes, drank coffee, drank whiskey, then took their cooking things and eating things back down to the river and washed them where the girl was.",4094.0
1669,186,1712597241816,32.0,They played some cards later on.,1008.0
1669,187,1712597242985,55.0,Maybe they played until they couldn't see them anymore.,1168.0
1669,188,1712597244792,28.0,Vern Williams went to sleep.,1807.0
1669,189,1712597246279,28.0,But the others told stories.,1487.0
1669,190,1712597249426,100.0,Gordon Johnson said the trout they'd caught were hard because of the terrible coldness of the water.,3147.0
1669,191,1712597259672,154.0,"The next morning they got up late, drank whiskey, fished a little, took down their tents, rolled their sleeping bags, gathered their stuff, and hiked out.",10246.0
1669,192,1712597260277,41.0,They drove until they got to a telephone.,605.0
1669,193,1712597261468,86.0,It was Stuart who made the call while the others stood around in the sun and listened.,1190.0
1669,194,1712597262183,32.0,He gave the sheriff their names.,714.0
1669,195,1712597263003,25.0,They had nothing to hide.,820.0
1669,196,1712597263753,21.0,They weren't ashamed.,750.0
1669,197,1712597265897,100.0,They said they'd wait until someone could come for better directions and take down their statements.,2144.0
1669,198,1712597266709,3.0,***,812.0
1669,199,1712597267746,30.0,I was asleep when he got home.,1036.0
1669,200,1712597268902,46.0,But I woke up when I heard him in the kitchen.,1156.0
1669,201,1712597270635,64.0,I found him leaning against the refrigerator with a can of beer.,1733.0
1669,202,1712597272903,68.0,He put his heavy arms around me and rubbed his big hands on my back.,2268.0
1669,203,1712597274691,85.0,In bed he put his hands on me again and then waited as if thinking of something else.,1788.0
1669,204,1712597275523,28.0,I turned and opened my legs.,832.0
1669,205,1712597276707,36.0,"Afterwards, I think he stayed awake.",1184.0
1669,206,1712597278045,53.0,He was up that morning before I could get out of bed.,1338.0
1669,207,1712597279750,54.0,"To see if there was something in the paper, I suppose.",1705.0
1669,208,1712597280768,46.0,The telephone began ringing right after eight.,1018.0
1669,209,1712597281573,13.0,"""Go to hell!""",805.0
1669,210,1712597282540,18.0,I heard him shout.,967.0
1669,211,1712597283614,31.0,The telephone rang right again.,1074.0
1669,212,1712597285267,59.0,"""I have nothing to add to what I already told the sheriff!""",1653.0
1669,213,1712597286087,29.0,He slammed the receiver down.,820.0
1669,214,1712597286917,27.0,"""What is going on?"" I said.",830.0
1669,215,1712597288177,49.0,It was then that he told me what I just told you.,1260.0
1669,216,1712597289086,3.0,***,909.0
1669,217,1712597289965,44.0,I sweep up the broken dishes and go outside.,879.0
1669,218,1712597291860,85.0,"He is lying on his back on the grass now, the newspaper and can of beer within reach.",1895.0
1669,219,1712597292740,41.0,"""Stuart, could we go for a drive?"" I say.",880.0
1669,220,1712597293451,30.0,He rolls over and looks at me.,711.0
1669,221,1712597294035,37.0,"""We'll pick up some beer,"" he says...",583.0
1669,222,1712597294884,62.0,He gets to his feet and touches me on the hip as he goes past.,849.0
1669,223,1712597295683,28.0,"""Give me a minute,"" he says.",798.0
1669,224,1712597296378,39.0,We drive through town without speaking.,695.0
1669,225,1712597297497,39.0,He stops at a roadside market for beer.,1119.0
1669,226,1712597298545,54.0,I notice a great stack of papers just inside the door.,1048.0
1669,227,1712597300553,89.0,On the top step a fat woman in a print dress holds out a licorice stick to a little girl.,2007.0
1669,228,1712597301694,66.0,"Later on, we cross Everson Creek and turn into the picnic grounds.",1140.0
1669,229,1712597303197,79.0,The creek runs under the bridge and into a large pond a few hundred yards away.,1503.0
1669,230,1712597303922,28.0,I can see the men out there.,724.0
1669,231,1712597304618,33.0,I can see them out there fishing.,696.0
1669,232,1712597305387,31.0,So much water so close to home.,769.0
1669,233,1712597306108,43.0,"I say, ""Why did you have to go miles away?""",720.0
1669,234,1712597306792,25.0,"""Don't rile me,"" he says.",684.0
1669,235,1712597308319,29.0,We sit on a bench in the sun.,1527.0
1669,236,1712597309057,25.0,He opens us cans of beer.,738.0
1669,237,1712597309799,25.0,"He says, ""Relax, Claire.""",742.0
1669,238,1712597311673,30.0,"""They said they were innocent.",1874.0
1669,239,1712597312897,27.0,"They said they were crazy.""",1224.0
1669,240,1712597314593,15.0,"He says, ""Who?""",1696.0
1669,241,1712597316011,38.0,"He says, ""What are you talking about?""",1418.0
1669,242,1712597316924,21.0,"""The Maddox brothers.",913.0
1669,243,1712597318796,54.0,They killed a girl named Arlene Hubly where I grew up.,1871.0
1669,244,1712597321864,60.0,They cut off her head and threw her into the Cle Elum River.,3068.0
1669,245,1712597324291,31.0,"It happened when I was a girl.""",2427.0
1669,246,1712597324988,40.0,"""You're going to get me riled,"" he says.",697.0
1669,247,1712597325650,20.0,I look at the creek.,662.0
1669,248,1712597328413,79.0,"I'm right in it, eyes open, face down, staring at the moss on the bottom, dead.",2762.0
1669,249,1712597329285,62.0,"""I don't know what's wrong with you,"" he says on the way home.",871.0
1669,250,1712597329990,45.0,"""You're getting me more riled by the minute.""",705.0
1669,251,1712597330709,34.0,There is nothing I can say to him.,718.0
1669,252,1712597331470,36.0,He tries to concentrate on the road.,761.0
1669,253,1712597332157,47.0,But he keeps looking into the rear-view mirror.,687.0
1669,254,1712597332773,9.0,He knows.,616.0
1669,255,1712597333447,3.0,***,674.0
1669,256,1712597337070,52.0,Stuart believes he is letting me sleep this morning.,3623.0
1669,257,1712597337882,47.0,But I was awake long before the alarm went off.,812.0
1669,258,1712597338796,74.0,"I was thinking, lying on the far side of the bed away from his hairy legs.",914.0
1669,259,1712597340865,78.0,"He gets Dean off for school, and then he shaves, dresses, and leaves for work.",2068.0
1669,260,1712597341852,40.0,Twice he looks in and clears his throat.,987.0
1669,261,1712597342452,26.0,But I keep my eyes closed.,600.0
1669,262,1712597343002,38.0,In the kitchen I find a note from him.,550.0
1669,263,1712597343685,19.0,"It's signed ""Love.""",683.0
1669,264,1712597346056,74.0,I sit in the breakfast nook and drink coffee and leave a ring on the note.,2371.0
1669,265,1712597347151,67.0,I look at the newspaper and turn it this way and that on the table.,1095.0
1669,266,1712597348889,43.0,Then I skid it close and read what it says.,1738.0
1669,267,1712597349681,38.0,"The body has been identified, claimed.",792.0
1669,268,1712597352970,155.0,"But it took some examining it, some putting things into it, some cutting, some weighing, some measuring, some putting things back again and sewing them in.",3289.0
1669,269,1712597354258,57.0,I sit for a long time holding the newspaper and thinking.,1288.0
1669,270,1712597354988,51.0,Then I call up to get a chair at the hairdresser's.,730.0
1669,271,1712597355773,3.0,***,785.0
1669,272,1712597358656,75.0,I sit under the dryer with a magazine on my lap and let Marnie do my nails.,2883.0
1669,273,1712597359946,42.0,"""I am going to a funeral tomorrow,"" I say.",1290.0
1669,274,1712597360716,38.0,"""I'm sorry to hear that,"" Marnie says.",769.0
1669,275,1712597361849,25.0,"""It was a murder,"" I say.",1132.0
1669,276,1712597362661,37.0,"""That's the worst kind,"" Marnie says.",812.0
1669,277,1712597363390,35.0,"""We weren't all that close,"" I say.",729.0
1669,278,1712597363954,15.0,"""But you know?""",564.0
1669,279,1712597364771,45.0,"""We'll get you fixed up for it,"" Marnie says.",816.0
1669,280,1712597366625,72.0,"That night I make my bed on the sofa, and in the morning I get up first.",1854.0
1669,281,1712597367479,50.0,I put on coffee and fix breakfast while he shaves.,854.0
1669,282,1712597368402,76.0,"He appears in the kitchen doorway, towel over his bare shoulder, appraising.",922.0
1669,283,1712597368970,23.0,"""Here's coffee,"" I say.",568.0
1669,284,1712597369565,31.0,"""Eggs'll be ready in a minute.”",595.0
1669,285,1712597370471,37.0,"I wake Dean, and the three of us eat.",906.0
1669,286,1712597372586,79.0,"Whenever Stuart looks at me, I ask Dean if he wants more milk, more toast, etc.",2115.0
1669,287,1712597373428,56.0,"""I'll call you today,"" Stuart says as he opens the door.",842.0
1669,288,1712597374089,42.0,"I say, ""I don't think I'll be home today.""",661.0
1669,289,1712597374543,21.0,"""All right,"" he says.",454.0
1669,290,1712597375031,7.0,"""Sure.""",488.0
1669,291,1712597375691,18.0,I dress carefully.,660.0
1669,292,1712597376302,48.0,I try on a hat and look at myself in the mirror.,610.0
1669,293,1712597376979,28.0,I write out a note for Dean.,675.0
1669,294,1712597378935,69.0,"Honey, Mommy has things to do this afternoon, but will be back later.",1956.0
1669,295,1712597381208,61.0,You stay in or be in the backyard until one of us comes home.,2273.0
1669,296,1712597381796,11.0,"Love, Mommy",588.0
1669,297,1712597382715,48.0,I look at the word Love and then I underline it.,919.0
1669,298,1712597383438,29.0,Then I see the word backyard.,723.0
1669,299,1712597384244,22.0,Is it one word or two?,805.0
1669,300,1712597384977,3.0,***,733.0
1669,301,1712597389453,121.0,"I drive through farm country, through fields of oats and sugar beets and past apple orchards, cattle grazing in pastures.",4476.0
1669,302,1712597391939,99.0,"Then everything changes, more like shacks than farmhouses and stands of timber instead of orchards.",2486.0
1669,303,1712597394040,78.0,"Then mountains, and on the right, far below, I sometimes see the Naches River.",2101.0
1669,304,1712597395177,64.0,A green pickup comes up behind me and stays behind me for miles.,1136.0
1669,305,1712597395909,55.0,"I keep slowing at the wrong times, hoping he will pass.",732.0
1669,306,1712597396582,16.0,Then I speed up.,673.0
1669,307,1712597397553,36.0,"But this is at the wrong times, too.",971.0
1669,308,1712597398244,39.0,I grip the wheel until my fingers hurt.,691.0
1669,309,1712597399282,37.0,On a long clear stretch he goes past.,1038.0
1669,310,1712597400826,73.0,"But he drives along beside for a bit, a crewcut man in a blue work shirt.",1544.0
1669,311,1712597401492,24.0,We look each other over.,666.0
1669,312,1712597402241,53.0,"Then he waves, toots his horn, and pulls on up ahead.",748.0
1669,313,1712597402981,29.0,I slow down and find a place.,740.0
1669,314,1712597403559,35.0,I pull over and shut off the motor.,578.0
1669,315,1712597404345,42.0,I can hear the river down below the trees.,786.0
1669,316,1712597405015,35.0,Then I hear the pickup coming back.,670.0
1669,317,1712597405736,41.0,I lock the doors and roll up the windows.,721.0
1669,318,1712597406406,30.0,"""You all right?"" the man says.",669.0
1669,319,1712597407039,21.0,He raps on the glass.,633.0
1669,320,1712597407726,11.0,"""You okay?""",687.0
1669,321,1712597408409,64.0,He leans his arms on the door and brings his face to the window.,683.0
1669,322,1712597409012,15.0,I stare at him.,603.0
1669,323,1712597409614,30.0,I can't think what else to do.,602.0
1669,324,1712597410263,34.0,"""Is everything all right in there?",649.0
1669,325,1712597411062,31.0,"How come you're all locked up?""",799.0
1669,326,1712597411738,16.0,I shake my head.,676.0
1669,327,1712597412355,24.0,"""Roll down your window.""",617.0
1669,328,1712597413874,64.0,He shakes his head and looks at the highway and then back at me.,1519.0
1669,329,1712597414471,19.0,"""Roll it down now.""",597.0
1669,330,1712597415141,32.0,"""Please,"" I say, ""I have to go.""",670.0
1669,331,1712597415869,50.0,"""Open the door,"" he says as if he isn't listening.",728.0
1669,332,1712597416611,33.0,"""You're going to choke in there.""",742.0
1669,333,1712597417246,32.0,"He looks at my breasts, my legs.",635.0
1669,334,1712597418262,34.0,I can tell that's what he's doing.,1016.0
1669,335,1712597418935,22.0,"""Hey, sugar,"" he says.",673.0
1669,336,1712597419673,31.0,"""I'm just here to help is all.""",737.0
1669,337,1712597420412,3.0,***,739.0
1669,338,1712597428817,52.0,The casket is closed and covered with floral sprays.,8405.0
1669,339,1712597429824,45.0,The organ starts up the minute I take a seat.,1007.0
1669,340,1712597431472,40.0,People are coming in and finding chairs.,1648.0
1669,341,1712597435434,63.0,There's a boy in flared pants and a yellow short-sleeved shirt.,3962.0
1669,342,1712597443527,100.0,A door opens and the family comes in in a group and moves over to a curtained place off to one side.,8093.0
1669,343,1712597444347,39.0,Chairs creak as everybody gets settled.,819.0
1669,344,1712597445608,83.0,"Directly, a nice blond man in a nice dark suit stands and asks us to bow our heads.",1261.0
1669,345,1712597447344,105.0,"He says a prayer for us, the living, and when he finishes, he says a prayer for the soul of the departed.",1736.0
1669,346,1712597448208,43.0,Along with the others I go past the casket.,863.0
1669,347,1712597449081,66.0,Then I move out onto the front steps and into the afternoon light.,872.0
1669,348,1712597449870,66.0,There's a woman who limps as she goes down the stairs ahead of me.,789.0
1669,349,1712597450367,33.0,On the sidewalk she looks around.,497.0
1669,350,1712597450931,31.0,"""Well, they got him,"" she says.",564.0
1669,351,1712597451582,27.0,"""If that's any consolation.",650.0
1669,352,1712597452263,31.0,They arrested him this morning.,681.0
1669,353,1712597453025,38.0,I heard it on the radio before I come.,761.0
1669,354,1712597453727,26.0,"A boy right here in town.""",702.0
1669,355,1712597454423,42.0,We move a few steps down the hot sidewalk.,696.0
1669,356,1712597455072,25.0,People are starting cars.,649.0
1669,357,1712597455915,49.0,I put out my hand and hold on to a parking meter.,841.0
1669,358,1712597456500,36.0,Polished hoods and polished fenders.,585.0
1669,359,1712597457209,14.0,My head swims.,709.0
1669,360,1712597458721,41.0,"I say, ""They have friends, these killers.",1512.0
1669,361,1712597459580,16.0,"You can't tell.""",859.0
1669,362,1712597460873,70.0,"""I have known that child since she was a little girl,"" the woman says.",1293.0
1669,363,1712597462407,93.0,"""She used to come over and I'd bake cookies for her and let her eat them in front of the TV.""",1534.0
1669,364,1712597463219,3.0,***,812.0
1669,365,1712597464347,76.0,"Back home, Stuart sits at the table with a drink of whiskey in front of him.",1128.0
1669,366,1712597465234,57.0,For a crazy instant I think something's happened to Dean.,887.0
1669,367,1712597465931,14.0,"""Where is he?""",696.0
1669,368,1712597466605,6.0,I say.,674.0
1669,369,1712597467069,16.0,"""Where is Dean?""",464.0
1669,370,1712597467556,27.0,"""Outside,"" my husband says.",487.0
1669,371,1712597468206,34.0,He drains his glass and stands up.,650.0
1669,372,1712597469254,40.0,"He says, ""I think I know what you need.""",1048.0
1669,373,1712597470793,138.0,He reaches an arm around my waist and with his other hand he begins to unbutton my jacket and then he goes on to the buttons of my blouse.,1538.0
1669,374,1712597471393,30.0,"""First things first,"" he says.",600.0
1669,375,1712597472160,23.0,He says something else.,767.0
1669,376,1712597472776,27.0,But I don't need to listen.,616.0
1669,377,1712597473652,46.0,I can't hear a thing with so much water going.,876.0
1669,378,1712597474294,3.0,***,642.0
1702,112,1712619364120,3.0,***,13388.0
1702,113,1712619367275,37.0,My husband eats with a good appetite.,3155.0
1702,114,1712619369806,37.0,But I don't think he's really hungry.,2531.0
1702,115,1712619375734,69.0,"He chews, arms on the table, and stares at something across the room.",5928.0
1702,116,1712619378933,30.0,He looks at me and looks away.,3198.0
1702,117,1712619382672,33.0,He wipes his mouth on the napkin.,3738.0
1702,118,1712619387471,30.0,"He shrugs, and goes on eating.",4799.0
1702,119,1712619390634,42.0,"""What are you staring at me for?"" he says.",3162.0
1702,120,1712619394427,45.0,"""What is it?"" he says and lays down his fork.",3792.0
1702,121,1712619399275,42.0,"""Was I staring?"" I say, and shake my head.",4848.0
1702,122,1712619401519,20.0,The telephone rings.,2243.0
1702,123,1712619404333,27.0,"""Don't answer it,"" he says.",2814.0
1702,124,1712619407430,33.0,"""It might be your mother,"" I say.",3096.0
1702,125,1712619411163,25.0,"""Watch and see,"" he says.",3732.0
1702,126,1712619413846,34.0,I pick up the receiver and listen.,2682.0
1702,127,1712619417415,24.0,My husband stops eating.,3568.0
1702,128,1712619421819,46.0,"""What did I tell you?"" he says when I hang up.",4404.0
1702,129,1712619425664,23.0,He starts to eat again.,3845.0
1702,130,1712619428322,36.0,Then throws his napkin on his plate.,2658.0
1702,131,1712619432232,63.0,"He says, ""Goddamn it, why can't people mind their own business?",3910.0
1702,132,1712619435678,41.0,Tell me what I did wrong and I'll listen!,3446.0
1702,133,1712619441062,28.0,I wasn't the only man there.,5384.0
1702,134,1712619444422,37.0,We talked it over and we all decided.,3359.0
1702,135,1712619449281,29.0,We couldn't just turn around.,4859.0
1702,136,1712619454566,32.0,We were five miles from the car.,5284.0
1702,137,1712619459042,34.0,I won't have you passing judgment.,4475.0
1702,138,1712619462225,13.0,"Do you hear?""",3183.0
1702,139,1712619466104,18.0,"""You know,"" I say.",3879.0
1702,140,1712619470558,33.0,"He says, ""What do I know, Claire?",4454.0
1702,141,1712619473845,34.0,Tell me what I'm supposed to know.,3287.0
1702,142,1712619476068,40.0,"I don't know anything except one thing?""",2223.0
1702,143,1712619479231,48.0,He gives me what he thinks is a meaningful look.,3162.0
1702,144,1712619483146,24.0,"""She was dead,"" he says.",3915.0
1702,145,1712619485914,33.0,"""And I'm as sorry as anyone else.",2767.0
1702,146,1712619489825,18.0,"But she was dead.""",3911.0
1702,147,1712619492688,26.0,"""That's the point,"" I say.",2862.0
1702,148,1712619495356,20.0,He raises his hands.,2668.0
1702,149,1712619498578,40.0,He pushes his chair away from the table.,3222.0
1702,150,1712619502906,72.0,He takes out his cigarettes and goes out to the back with a can of beer.,4328.0
1702,151,1712619507989,64.0,I see him sit in the lawn chair and pick up the newspaper again.,5082.0
1702,152,1712619510682,39.0,His name is in there on the first page.,2693.0
1702,153,1712619513474,36.0,Along with the names of his friends.,2792.0
1702,154,1712619517408,40.0,I close my eyes and hold on to the sink.,3934.0
1702,155,1712619521711,74.0,Then I rake my arm across the drainboard and send the dishes to the floor.,4302.0
1702,156,1712619524971,16.0,He doesn't move.,3260.0
1702,157,1712619528620,18.0,I know he's heard.,3649.0
1702,158,1712619533350,40.0,He lifts his head as if still listening.,4730.0
1702,159,1712619536316,30.0,But he doesn't move otherwise.,2966.0
1702,160,1712619539220,23.0,He doesn't turn around.,2904.0
1702,161,1712619542364,3.0,***,3143.0
1702,162,1712619549529,88.0,"He and Gordon Johnson and Mel Dorn and Vern Williams, they play poker and bowl and fish.",7165.0
1702,163,1712619558990,85.0,They fish every spring and early summer before visiting relatives can get in the way.,9461.0
1702,164,1712619562435,65.0,"They are decent men, family men, men who take care of their jobs.",3445.0
1702,165,1712619568839,65.0,"They have sons and daughters who go to school with our son, Dean.",6404.0
1702,166,1712619573163,55.0,Last Friday these family men left for the Naches River.,4324.0
1702,167,1712619577937,76.0,They parked the car in the mountains and hiked to where they wanted to fish.,4774.0
1702,168,1712619581750,76.0,"They carried their bedrolls, their food, their playing cards, their whiskey.",3812.0
1702,169,1712619585925,42.0,They saw the girl before they set up camp.,4174.0
1702,170,1712619590845,19.0,Mel Dorn found her.,4920.0
1702,171,1712619593979,25.0,No clothes on her at all.,3134.0
1702,172,1712619600836,64.0,She was wedged into some branches that stuck out over the water.,6857.0
1702,173,1712619604935,43.0,He called the others and they came to look.,4098.0
1702,174,1712619608149,29.0,They talked about what to do.,3214.0
1702,175,1712619617194,82.0,One of the men - my Stuart didn't say which - said they should start back at once.,9045.0
1702,176,1712619626772,86.0,"The others stirred the sand with their shoes, said they didn't feel inclined that way.",9578.0
1702,177,1712619631493,82.0,"They pleaded fatigue, the late hour, the fact that the girl wasn't going anywhere.",4720.0
1702,178,1712619634726,47.0,In the end they went ahead and set up the camp.,3233.0
1702,179,1712619639050,42.0,They built a fire and drank their whiskey.,4324.0
1702,180,1712619643822,50.0,"When the moon came up, they talked about the girl.",4771.0
1702,181,1712619648444,59.0,Someone said they should -keep the body from drifting away.,4622.0
1702,182,1712619653156,55.0,They took their flashlights and went back to the river.,4712.0
1702,183,1712619658193,66.0,One of the men - it might have been Stuart - waded in and got her.,5037.0
1702,184,1712619663769,53.0,He took her by the fingers and pulled her into shore.,5576.0
1702,185,1712619671497,87.0,He got some nylon cord and tied it to her wrist and then looped the rest around a tree.,7728.0
1702,186,1712619678794,99.0,"The next morning they cooked breakfast, drank coffee, and drank whiskey, and then split up to fish.",7297.0
1702,187,1712619692360,182.0,"That night they cooked fish, cooked potatoes, drank coffee, drank whiskey, then took their cooking things and eating things back down to the river and washed them where the girl was.",13566.0
1702,188,1712619693963,32.0,They played some cards later on.,1603.0
1702,189,1712619704476,55.0,Maybe they played until they couldn't see them anymore.,10513.0
1702,190,1712619707597,28.0,Vern Williams went to sleep.,3121.0
1702,191,1712619709220,28.0,But the others told stories.,1623.0
1702,192,1712619714463,100.0,Gordon Johnson said the trout they'd caught were hard because of the terrible coldness of the water.,5243.0
1702,193,1712619720120,154.0,"The next morning they got up late, drank whiskey, fished a little, took down their tents, rolled their sleeping bags, gathered their stuff, and hiked out.",5657.0
1702,194,1712619722357,41.0,They drove until they got to a telephone.,2237.0
1702,195,1712619727805,86.0,It was Stuart who made the call while the others stood around in the sun and listened.,5448.0
1702,196,1712619729942,32.0,He gave the sheriff their names.,2137.0
1702,197,1712619731704,25.0,They had nothing to hide.,1762.0
1702,198,1712619733270,21.0,They weren't ashamed.,1565.0
1702,199,1712619744322,100.0,They said they'd wait until someone could come for better directions and take down their statements.,11052.0
1702,200,1712619746614,3.0,***,2292.0
1702,201,1712619748753,30.0,I was asleep when he got home.,2139.0
1702,202,1712619752165,46.0,But I woke up when I heard him in the kitchen.,3412.0
1702,203,1712619754623,64.0,I found him leaning against the refrigerator with a can of beer.,2458.0
1702,204,1712619763310,68.0,He put his heavy arms around me and rubbed his big hands on my back.,8686.0
1702,205,1712619773380,85.0,In bed he put his hands on me again and then waited as if thinking of something else.,10070.0
1702,206,1712619779517,28.0,I turned and opened my legs.,6137.0
1702,207,1712619784509,36.0,"Afterwards, I think he stayed awake.",4991.0
1702,208,1712619795764,53.0,He was up that morning before I could get out of bed.,11254.0
1702,209,1712619798498,54.0,"To see if there was something in the paper, I suppose.",2734.0
1702,210,1712619800914,46.0,The telephone began ringing right after eight.,2415.0
1702,211,1712619802872,13.0,"""Go to hell!""",1958.0
1702,212,1712619804339,18.0,I heard him shout.,1467.0
1702,213,1712619805628,31.0,The telephone rang right again.,1288.0
1702,214,1712619809145,59.0,"""I have nothing to add to what I already told the sheriff!""",3515.0
1702,215,1712619810547,29.0,He slammed the receiver down.,1402.0
1702,216,1712619811849,27.0,"""What is going on?"" I said.",1302.0
1702,217,1712619815626,49.0,It was then that he told me what I just told you.,3777.0
1702,218,1712619817622,3.0,***,1996.0
1702,219,1712619821639,44.0,I sweep up the broken dishes and go outside.,4017.0
1702,220,1712619830058,85.0,"He is lying on his back on the grass now, the newspaper and can of beer within reach.",8419.0
1702,221,1712619832407,41.0,"""Stuart, could we go for a drive?"" I say.",2348.0
1702,222,1712619833710,30.0,He rolls over and looks at me.,1303.0
1702,223,1712619837418,37.0,"""We'll pick up some beer,"" he says...",3707.0
1702,224,1712619843231,62.0,He gets to his feet and touches me on the hip as he goes past.,5813.0
1702,225,1712619846746,28.0,"""Give me a minute,"" he says.",3515.0
1702,226,1712619849263,39.0,We drive through town without speaking.,2517.0
1702,227,1712619852378,39.0,He stops at a roadside market for beer.,3114.0
1702,228,1712619855642,54.0,I notice a great stack of papers just inside the door.,3263.0
1702,229,1712619865031,89.0,On the top step a fat woman in a print dress holds out a licorice stick to a little girl.,9389.0
1702,230,1712619869814,66.0,"Later on, we cross Everson Creek and turn into the picnic grounds.",4783.0
1702,231,1712619877977,79.0,The creek runs under the bridge and into a large pond a few hundred yards away.,8163.0
1702,232,1712619881354,28.0,I can see the men out there.,3377.0
1702,233,1712619883873,33.0,I can see them out there fishing.,2518.0
1702,234,1712619887067,31.0,So much water so close to home.,3194.0
1702,235,1712619892333,43.0,"I say, ""Why did you have to go miles away?""",5266.0
1702,236,1712619894942,25.0,"""Don't rile me,"" he says.",2608.0
1702,237,1712619897255,29.0,We sit on a bench in the sun.,2313.0
1702,238,1712619905236,25.0,He opens us cans of beer.,7981.0
1702,239,1712619907131,25.0,"He says, ""Relax, Claire.""",1895.0
1702,240,1712619913945,30.0,"""They said they were innocent.",6814.0
1702,241,1712619918015,27.0,"They said they were crazy.""",4070.0
1702,242,1712619925195,15.0,"He says, ""Who?""",7179.0
1702,243,1712619927208,38.0,"He says, ""What are you talking about?""",2013.0
1702,244,1712619929566,21.0,"""The Maddox brothers.",2358.0
1702,245,1712619937218,54.0,They killed a girl named Arlene Hubly where I grew up.,7652.0
1702,246,1712619941052,60.0,They cut off her head and threw her into the Cle Elum River.,3834.0
1702,247,1712619944193,31.0,"It happened when I was a girl.""",3141.0
1702,248,1712619947247,40.0,"""You're going to get me riled,"" he says.",3054.0
1702,249,1712619949549,20.0,I look at the creek.,2302.0
1702,250,1712619957169,79.0,"I'm right in it, eyes open, face down, staring at the moss on the bottom, dead.",7620.0
1702,251,1712619961469,62.0,"""I don't know what's wrong with you,"" he says on the way home.",4300.0
1702,252,1712619964378,45.0,"""You're getting me more riled by the minute.""",2908.0
1702,253,1712619966652,34.0,There is nothing I can say to him.,2273.0
1702,254,1712619974142,36.0,He tries to concentrate on the road.,7490.0
1702,255,1712619977043,47.0,But he keeps looking into the rear-view mirror.,2901.0
1702,256,1712619979723,9.0,He knows.,2680.0
1702,257,1712619981063,3.0,***,1339.0
1702,258,1712619985851,52.0,Stuart believes he is letting me sleep this morning.,4788.0
1702,259,1712619990155,47.0,But I was awake long before the alarm went off.,4304.0
1702,260,1712619995909,74.0,"I was thinking, lying on the far side of the bed away from his hairy legs.",5754.0
1702,261,1712620006516,78.0,"He gets Dean off for school, and then he shaves, dresses, and leaves for work.",10606.0
1702,262,1712620013088,40.0,Twice he looks in and clears his throat.,6572.0
1702,263,1712620017612,26.0,But I keep my eyes closed.,4523.0
1702,264,1712620021540,38.0,In the kitchen I find a note from him.,3928.0
1702,265,1712620026076,19.0,"It's signed ""Love.""",4535.0
1702,266,1712620033773,74.0,I sit in the breakfast nook and drink coffee and leave a ring on the note.,7697.0
1702,267,1712620042850,67.0,I look at the newspaper and turn it this way and that on the table.,9077.0
1702,268,1712620045997,43.0,Then I skid it close and read what it says.,3147.0
1702,269,1712620049171,38.0,"The body has been identified, claimed.",3174.0
1702,270,1712620064096,155.0,"But it took some examining it, some putting things into it, some cutting, some weighing, some measuring, some putting things back again and sewing them in.",14925.0
1702,271,1712620065983,57.0,I sit for a long time holding the newspaper and thinking.,1887.0
1702,272,1712620070585,51.0,Then I call up to get a chair at the hairdresser's.,4601.0
1702,273,1712620072180,3.0,***,1595.0
1702,274,1712620078692,75.0,I sit under the dryer with a magazine on my lap and let Marnie do my nails.,6511.0
1702,275,1712620083845,42.0,"""I am going to a funeral tomorrow,"" I say.",5152.0
1702,276,1712620087763,38.0,"""I'm sorry to hear that,"" Marnie says.",3918.0
1702,277,1712620093306,25.0,"""It was a murder,"" I say.",5543.0
1702,278,1712620095437,37.0,"""That's the worst kind,"" Marnie says.",2131.0
1702,279,1712620097877,35.0,"""We weren't all that close,"" I say.",2440.0
1702,280,1712620102161,15.0,"""But you know?""",4284.0
1702,281,1712620105468,45.0,"""We'll get you fixed up for it,"" Marnie says.",3307.0
1702,282,1712620110668,72.0,"That night I make my bed on the sofa, and in the morning I get up first.",5200.0
1702,283,1712620113627,50.0,I put on coffee and fix breakfast while he shaves.,2959.0
1702,284,1712620120744,76.0,"He appears in the kitchen doorway, towel over his bare shoulder, appraising.",7117.0
1702,285,1712620122615,23.0,"""Here's coffee,"" I say.",1870.0
1702,286,1712620126217,31.0,"""Eggs'll be ready in a minute.”",3602.0
1702,287,1712620128658,37.0,"I wake Dean, and the three of us eat.",2441.0
1702,288,1712620134964,79.0,"Whenever Stuart looks at me, I ask Dean if he wants more milk, more toast, etc.",6305.0
1702,289,1712620138376,56.0,"""I'll call you today,"" Stuart says as he opens the door.",3412.0
1702,290,1712620141106,42.0,"I say, ""I don't think I'll be home today.""",2729.0
1702,291,1712620142768,21.0,"""All right,"" he says.",1662.0
1702,292,1712620144057,7.0,"""Sure.""",1288.0
1702,293,1712620145238,18.0,I dress carefully.,1181.0
1702,294,1712620147962,48.0,I try on a hat and look at myself in the mirror.,2724.0
1702,295,1712620149574,28.0,I write out a note for Dean.,1612.0
1702,296,1712620152661,69.0,"Honey, Mommy has things to do this afternoon, but will be back later.",3086.0
1702,297,1712620162439,61.0,You stay in or be in the backyard until one of us comes home.,9777.0
1702,298,1712620163994,11.0,"Love, Mommy",1554.0
1702,299,1712620168376,48.0,I look at the word Love and then I underline it.,4382.0
1702,300,1712620172332,29.0,Then I see the word backyard.,3955.0
1702,301,1712620178276,22.0,Is it one word or two?,5943.0
1702,302,1712620179596,3.0,***,1320.0
1702,303,1712620186209,121.0,"I drive through farm country, through fields of oats and sugar beets and past apple orchards, cattle grazing in pastures.",6613.0
1702,304,1712620192018,99.0,"Then everything changes, more like shacks than farmhouses and stands of timber instead of orchards.",5808.0
1702,305,1712620195797,78.0,"Then mountains, and on the right, far below, I sometimes see the Naches River.",3779.0
1702,306,1712620200324,64.0,A green pickup comes up behind me and stays behind me for miles.,4527.0
1702,307,1712620204133,55.0,"I keep slowing at the wrong times, hoping he will pass.",3808.0
1702,308,1712620205564,16.0,Then I speed up.,1431.0
1702,309,1712620208065,36.0,"But this is at the wrong times, too.",2500.0
1702,310,1712620210599,39.0,I grip the wheel until my fingers hurt.,2533.0
1702,311,1712620214058,37.0,On a long clear stretch he goes past.,3459.0
1702,312,1712620223714,73.0,"But he drives along beside for a bit, a crewcut man in a blue work shirt.",9655.0
1702,313,1712620225497,24.0,We look each other over.,1783.0
1702,314,1712620230106,53.0,"Then he waves, toots his horn, and pulls on up ahead.",4609.0
1702,315,1712620233914,29.0,I slow down and find a place.,3808.0
1702,316,1712620235401,35.0,I pull over and shut off the motor.,1487.0
1702,317,1712620238775,42.0,I can hear the river down below the trees.,3373.0
1702,318,1712620242653,35.0,Then I hear the pickup coming back.,3878.0
1702,319,1712620245125,41.0,I lock the doors and roll up the windows.,2472.0
1702,320,1712620247895,30.0,"""You all right?"" the man says.",2770.0
1702,321,1712620251179,21.0,He raps on the glass.,3284.0
1702,322,1712620252393,11.0,"""You okay?""",1214.0
1702,323,1712620259186,64.0,He leans his arms on the door and brings his face to the window.,6792.0
1702,324,1712620260369,15.0,I stare at him.,1183.0
1702,325,1712620263706,30.0,I can't think what else to do.,3337.0
1702,326,1712620265230,34.0,"""Is everything all right in there?",1523.0
1702,327,1712620267087,31.0,"How come you're all locked up?""",1856.0
1702,328,1712620267927,16.0,I shake my head.,840.0
1702,329,1712620269333,24.0,"""Roll down your window.""",1406.0
1702,330,1712620273140,64.0,He shakes his head and looks at the highway and then back at me.,3807.0
1702,331,1712620275391,19.0,"""Roll it down now.""",2250.0
1702,332,1712620278466,32.0,"""Please,"" I say, ""I have to go.""",3073.0
1702,333,1712620281796,50.0,"""Open the door,"" he says as if he isn't listening.",3330.0
1702,334,1712620285018,33.0,"""You're going to choke in there.""",3222.0
1702,335,1712620287026,32.0,"He looks at my breasts, my legs.",2007.0
1702,336,1712620291429,34.0,I can tell that's what he's doing.,4402.0
1702,337,1712620297499,22.0,"""Hey, sugar,"" he says.",6070.0
1702,338,1712620301098,31.0,"""I'm just here to help is all.""",3599.0
1702,339,1712620302498,3.0,***,1400.0
1702,340,1712620307607,52.0,The casket is closed and covered with floral sprays.,5109.0
1702,341,1712620310742,45.0,The organ starts up the minute I take a seat.,3135.0
1702,342,1712620312743,40.0,People are coming in and finding chairs.,2001.0
1702,343,1712620315712,63.0,There's a boy in flared pants and a yellow short-sleeved shirt.,2969.0
1702,344,1712620325264,100.0,A door opens and the family comes in in a group and moves over to a curtained place off to one side.,9551.0
1702,345,1712620327146,39.0,Chairs creak as everybody gets settled.,1882.0
1702,346,1712620340215,83.0,"Directly, a nice blond man in a nice dark suit stands and asks us to bow our heads.",13069.0
1702,347,1712620346012,105.0,"He says a prayer for us, the living, and when he finishes, he says a prayer for the soul of the departed.",5797.0
1702,348,1712620348918,43.0,Along with the others I go past the casket.,2906.0
1702,349,1712620353762,66.0,Then I move out onto the front steps and into the afternoon light.,4844.0
1702,350,1712620358379,66.0,There's a woman who limps as she goes down the stairs ahead of me.,4617.0
1702,351,1712620360785,33.0,On the sidewalk she looks around.,2405.0
1702,352,1712620364311,31.0,"""Well, they got him,"" she says.",3525.0
1702,353,1712620367501,27.0,"""If that's any consolation.",3190.0
1702,354,1712620369520,31.0,They arrested him this morning.,2019.0
1702,355,1712620371569,38.0,I heard it on the radio before I come.,2047.0
1702,356,1712620373480,26.0,"A boy right here in town.""",1909.0
1702,357,1712620377494,42.0,We move a few steps down the hot sidewalk.,4014.0
1702,358,1712620379697,25.0,People are starting cars.,2203.0
1702,359,1712620384392,49.0,I put out my hand and hold on to a parking meter.,4695.0
1702,360,1712620386435,36.0,Polished hoods and polished fenders.,2043.0
1702,361,1712620387670,14.0,My head swims.,1235.0
1702,362,1712620392917,41.0,"I say, ""They have friends, these killers.",5246.0
1702,363,1712620396397,16.0,"You can't tell.""",3480.0
1702,364,1712620401815,70.0,"""I have known that child since she was a little girl,"" the woman says.",5418.0
1702,365,1712620406207,93.0,"""She used to come over and I'd bake cookies for her and let her eat them in front of the TV.""",4391.0
1702,366,1712620407193,3.0,***,986.0
1702,367,1712620410124,76.0,"Back home, Stuart sits at the table with a drink of whiskey in front of him.",2931.0
1702,368,1712620416321,57.0,For a crazy instant I think something's happened to Dean.,6197.0
1702,369,1712620418430,14.0,"""Where is he?""",2109.0
1702,370,1712620419450,6.0,I say.,1020.0
1702,371,1712620420829,16.0,"""Where is Dean?""",1378.0
1702,372,1712620422357,27.0,"""Outside,"" my husband says.",1526.0
1702,373,1712620424811,34.0,He drains his glass and stands up.,2454.0
1702,374,1712620426922,40.0,"He says, ""I think I know what you need.""",2111.0
1702,375,1712620434215,138.0,He reaches an arm around my waist and with his other hand he begins to unbutton my jacket and then he goes on to the buttons of my blouse.,7292.0
1702,376,1712620436559,30.0,"""First things first,"" he says.",2343.0
1702,377,1712620439330,23.0,He says something else.,2771.0
1702,378,1712620441569,27.0,But I don't need to listen.,2239.0
1702,379,1712620446837,46.0,I can't hear a thing with so much water going.,5268.0
1702,380,1712620449234,3.0,***,2396.0
1643,80,1712428011403,3.0,***,3404.0
1643,81,1712428013843,37.0,My husband eats with a good appetite.,2439.0
1643,82,1712428016602,37.0,But I don't think he's really hungry.,2759.0
1643,83,1712428021258,69.0,"He chews, arms on the table, and stares at something across the room.",4656.0
1643,84,1712428024858,30.0,He looks at me and looks away.,3599.0
1643,85,1712428027538,33.0,He wipes his mouth on the napkin.,2680.0
1643,86,1712428029187,30.0,"He shrugs, and goes on eating.",1649.0
1643,87,1712428031794,42.0,"""What are you staring at me for?"" he says.",2607.0
1643,88,1712428033578,45.0,"""What is it?"" he says and lays down his fork.",1784.0
1643,89,1712428035467,42.0,"""Was I staring?"" I say, and shake my head.",1889.0
1643,90,1712428036666,20.0,The telephone rings.,1199.0
1643,91,1712428037778,27.0,"""Don't answer it,"" he says.",1112.0
1643,92,1712428038915,33.0,"""It might be your mother,"" I say.",1137.0
1643,93,1712428040331,25.0,"""Watch and see,"" he says.",1416.0
1643,94,1712428041955,34.0,I pick up the receiver and listen.,1624.0
1643,95,1712428043050,24.0,My husband stops eating.,1095.0
1643,96,1712428044667,46.0,"""What did I tell you?"" he says when I hang up.",1617.0
1643,97,1712428046227,23.0,He starts to eat again.,1560.0
1643,98,1712428048107,36.0,Then throws his napkin on his plate.,1880.0
1643,99,1712428050354,63.0,"He says, ""Goddamn it, why can't people mind their own business?",2247.0
1643,100,1712428052211,41.0,Tell me what I did wrong and I'll listen!,1857.0
1643,101,1712428053882,28.0,I wasn't the only man there.,1671.0
1643,102,1712428056554,37.0,We talked it over and we all decided.,2672.0
1643,103,1712428058370,29.0,We couldn't just turn around.,1815.0
1643,104,1712428060091,32.0,We were five miles from the car.,1721.0
1643,105,1712428062603,34.0,I won't have you passing judgment.,2512.0
1643,106,1712428063699,13.0,"Do you hear?""",1096.0
1643,107,1712428065402,18.0,"""You know,"" I say.",1703.0
1643,108,1712428068186,33.0,"He says, ""What do I know, Claire?",2784.0
1643,109,1712428070843,34.0,Tell me what I'm supposed to know.,2657.0
1643,110,1712428072226,40.0,"I don't know anything except one thing?""",1383.0
1643,111,1712428074067,48.0,He gives me what he thinks is a meaningful look.,1841.0
1643,112,1712428077075,24.0,"""She was dead,"" he says.",3008.0
1643,113,1712428078378,33.0,"""And I'm as sorry as anyone else.",1303.0
1643,114,1712428079323,18.0,"But she was dead.""",945.0
1643,115,1712428080315,26.0,"""That's the point,"" I say.",992.0
1643,116,1712428081539,20.0,He raises his hands.,1224.0
1643,117,1712428083403,40.0,He pushes his chair away from the table.,1864.0
1643,118,1712428086347,72.0,He takes out his cigarettes and goes out to the back with a can of beer.,2944.0
1643,119,1712428088755,64.0,I see him sit in the lawn chair and pick up the newspaper again.,2408.0
1643,120,1712428090899,39.0,His name is in there on the first page.,2144.0
1643,121,1712428093323,36.0,Along with the names of his friends.,2424.0
1643,122,1712428094731,40.0,I close my eyes and hold on to the sink.,1408.0
1643,123,1712428097771,74.0,Then I rake my arm across the drainboard and send the dishes to the floor.,3039.0
1643,124,1712428098970,16.0,He doesn't move.,1199.0
1643,125,1712428100131,18.0,I know he's heard.,1161.0
1643,126,1712428101498,40.0,He lifts his head as if still listening.,1367.0
1643,127,1712428102618,30.0,But he doesn't move otherwise.,1120.0
1643,128,1712428103570,23.0,He doesn't turn around.,952.0
1643,129,1712428104723,3.0,***,1152.0
1643,130,1712428114043,88.0,"He and Gordon Johnson and Mel Dorn and Vern Williams, they play poker and bowl and fish.",9320.0
1643,131,1712428118818,85.0,They fish every spring and early summer before visiting relatives can get in the way.,4775.0
1643,132,1712428120834,65.0,"They are decent men, family men, men who take care of their jobs.",2016.0
1643,133,1712428123331,65.0,"They have sons and daughters who go to school with our son, Dean.",2497.0
1643,134,1712428126067,55.0,Last Friday these family men left for the Naches River.,2735.0
1643,135,1712428129339,76.0,They parked the car in the mountains and hiked to where they wanted to fish.,3272.0
1643,136,1712428132306,76.0,"They carried their bedrolls, their food, their playing cards, their whiskey.",2967.0
1643,137,1712428134331,42.0,They saw the girl before they set up camp.,2025.0
1643,138,1712428137747,19.0,Mel Dorn found her.,3416.0
1643,139,1712428140003,25.0,No clothes on her at all.,2256.0
1643,140,1712428143330,64.0,She was wedged into some branches that stuck out over the water.,3327.0
1643,141,1712428145338,43.0,He called the others and they came to look.,2008.0
1643,142,1712428146618,29.0,They talked about what to do.,1280.0
1643,143,1712428149826,82.0,One of the men - my Stuart didn't say which - said they should start back at once.,3208.0
1643,144,1712428153403,86.0,"The others stirred the sand with their shoes, said they didn't feel inclined that way.",3577.0
1643,145,1712428158827,82.0,"They pleaded fatigue, the late hour, the fact that the girl wasn't going anywhere.",5424.0
1643,146,1712428160971,47.0,In the end they went ahead and set up the camp.,2144.0
1643,147,1712428162747,42.0,They built a fire and drank their whiskey.,1776.0
1643,148,1712428164707,50.0,"When the moon came up, they talked about the girl.",1960.0
1643,149,1712428167498,59.0,Someone said they should -keep the body from drifting away.,2791.0
1643,150,1712428169419,55.0,They took their flashlights and went back to the river.,1921.0
1643,151,1712428172116,66.0,One of the men - it might have been Stuart - waded in and got her.,2697.0
1643,152,1712428176987,53.0,He took her by the fingers and pulled her into shore.,4871.0
1643,153,1712428181723,87.0,He got some nylon cord and tied it to her wrist and then looped the rest around a tree.,4736.0
1643,154,1712428185923,99.0,"The next morning they cooked breakfast, drank coffee, and drank whiskey, and then split up to fish.",4200.0
1643,155,1712428193923,182.0,"That night they cooked fish, cooked potatoes, drank coffee, drank whiskey, then took their cooking things and eating things back down to the river and washed them where the girl was.",8000.0
1643,156,1712428196043,32.0,They played some cards later on.,2120.0
1643,157,1712428198819,55.0,Maybe they played until they couldn't see them anymore.,2776.0
1643,158,1712428200363,28.0,Vern Williams went to sleep.,1544.0
1643,159,1712428201523,28.0,But the others told stories.,1160.0
1643,160,1712428206363,100.0,Gordon Johnson said the trout they'd caught were hard because of the terrible coldness of the water.,4839.0
1643,161,1712428211651,154.0,"The next morning they got up late, drank whiskey, fished a little, took down their tents, rolled their sleeping bags, gathered their stuff, and hiked out.",5288.0
1643,162,1712428213131,41.0,They drove until they got to a telephone.,1480.0
1643,163,1712428216083,86.0,It was Stuart who made the call while the others stood around in the sun and listened.,2952.0
1643,164,1712428217347,32.0,He gave the sheriff their names.,1264.0
1643,165,1712428218883,25.0,They had nothing to hide.,1536.0
1643,166,1712428219875,21.0,They weren't ashamed.,992.0
1643,167,1712428223923,100.0,They said they'd wait until someone could come for better directions and take down their statements.,4048.0
1643,168,1712428224683,3.0,***,760.0
1643,169,1712428226531,30.0,I was asleep when he got home.,1848.0
1643,170,1712428227971,46.0,But I woke up when I heard him in the kitchen.,1440.0
1643,171,1712428230859,64.0,I found him leaning against the refrigerator with a can of beer.,2888.0
1643,172,1712428234219,68.0,He put his heavy arms around me and rubbed his big hands on my back.,3360.0
1643,173,1712428237698,85.0,In bed he put his hands on me again and then waited as if thinking of something else.,3479.0
1643,174,1712428239339,28.0,I turned and opened my legs.,1641.0
1643,175,1712428240803,36.0,"Afterwards, I think he stayed awake.",1463.0
1643,176,1712428243459,53.0,He was up that morning before I could get out of bed.,2656.0
1643,177,1712428245763,54.0,"To see if there was something in the paper, I suppose.",2304.0
1643,178,1712428247371,46.0,The telephone began ringing right after eight.,1608.0
1643,179,1712428248403,13.0,"""Go to hell!""",1032.0
1643,180,1712428249339,18.0,I heard him shout.,936.0
1643,181,1712428250579,31.0,The telephone rang right again.,1240.0
1643,182,1712428252514,59.0,"""I have nothing to add to what I already told the sheriff!""",1935.0
1643,183,1712428253595,29.0,He slammed the receiver down.,1081.0
1643,184,1712428254499,27.0,"""What is going on?"" I said.",904.0
1643,185,1712428256219,49.0,It was then that he told me what I just told you.,1720.0
1643,186,1712428256691,3.0,***,472.0
1643,187,1712428258875,44.0,I sweep up the broken dishes and go outside.,2184.0
1643,188,1712428261851,85.0,"He is lying on his back on the grass now, the newspaper and can of beer within reach.",2976.0
1643,189,1712428263410,41.0,"""Stuart, could we go for a drive?"" I say.",1559.0
1643,190,1712428264946,30.0,He rolls over and looks at me.,1535.0
1643,191,1712428266698,37.0,"""We'll pick up some beer,"" he says...",1752.0
1643,192,1712428268755,62.0,He gets to his feet and touches me on the hip as he goes past.,2057.0
1643,193,1712428269691,28.0,"""Give me a minute,"" he says.",936.0
1643,194,1712428271914,39.0,We drive through town without speaking.,2223.0
1643,195,1712428273571,39.0,He stops at a roadside market for beer.,1657.0
1643,196,1712428275515,54.0,I notice a great stack of papers just inside the door.,1944.0
1643,197,1712428280026,89.0,On the top step a fat woman in a print dress holds out a licorice stick to a little girl.,4511.0
1643,198,1712428283059,66.0,"Later on, we cross Everson Creek and turn into the picnic grounds.",3033.0
1643,199,1712428286234,79.0,The creek runs under the bridge and into a large pond a few hundred yards away.,3175.0
1643,200,1712428288635,28.0,I can see the men out there.,2401.0
1643,201,1712428289899,33.0,I can see them out there fishing.,1264.0
1643,202,1712428291562,31.0,So much water so close to home.,1663.0
1643,203,1712428293971,43.0,"I say, ""Why did you have to go miles away?""",2409.0
1643,204,1712428295171,25.0,"""Don't rile me,"" he says.",1199.0
1643,205,1712428296747,29.0,We sit on a bench in the sun.,1576.0
1643,206,1712428298731,25.0,He opens us cans of beer.,1984.0
1643,207,1712428300714,25.0,"He says, ""Relax, Claire.""",1983.0
1643,208,1712428303643,30.0,"""They said they were innocent.",2929.0
1643,209,1712428305762,27.0,"They said they were crazy.""",2119.0
1643,210,1712428307835,15.0,"He says, ""Who?""",2073.0
1643,211,1712428309939,38.0,"He says, ""What are you talking about?""",2104.0
1643,212,1712428311202,21.0,"""The Maddox brothers.",1263.0
1643,213,1712428313899,54.0,They killed a girl named Arlene Hubly where I grew up.,2697.0
1643,214,1712428316203,60.0,They cut off her head and threw her into the Cle Elum River.,2304.0
1643,215,1712428318235,31.0,"It happened when I was a girl.""",2032.0
1643,216,1712428319859,40.0,"""You're going to get me riled,"" he says.",1624.0
1643,217,1712428323018,20.0,I look at the creek.,3159.0
1643,218,1712428329195,79.0,"I'm right in it, eyes open, face down, staring at the moss on the bottom, dead.",6177.0
1643,219,1712428331235,62.0,"""I don't know what's wrong with you,"" he says on the way home.",2040.0
1643,220,1712428332571,45.0,"""You're getting me more riled by the minute.""",1336.0
1643,221,1712428333858,34.0,There is nothing I can say to him.,1287.0
1643,222,1712428335202,36.0,He tries to concentrate on the road.,1343.0
1643,223,1712428337211,47.0,But he keeps looking into the rear-view mirror.,2009.0
1643,224,1712428338403,9.0,He knows.,1192.0
1643,225,1712428339010,3.0,***,607.0
1643,226,1712428341395,52.0,Stuart believes he is letting me sleep this morning.,2385.0
1643,227,1712428343083,47.0,But I was awake long before the alarm went off.,1688.0
1643,228,1712428345826,74.0,"I was thinking, lying on the far side of the bed away from his hairy legs.",2743.0
1643,229,1712428349890,78.0,"He gets Dean off for school, and then he shaves, dresses, and leaves for work.",4064.0
1643,230,1712428352315,40.0,Twice he looks in and clears his throat.,2425.0
1643,231,1712428353386,26.0,But I keep my eyes closed.,1071.0
1643,232,1712428354930,38.0,In the kitchen I find a note from him.,1544.0
1643,233,1712428356218,19.0,"It's signed ""Love.""",1287.0
1643,234,1712428360835,74.0,I sit in the breakfast nook and drink coffee and leave a ring on the note.,4616.0
1643,235,1712428365971,67.0,I look at the newspaper and turn it this way and that on the table.,5136.0
1643,236,1712428370403,43.0,Then I skid it close and read what it says.,4432.0
1643,237,1712428372051,38.0,"The body has been identified, claimed.",1648.0
1643,238,1712428378691,155.0,"But it took some examining it, some putting things into it, some cutting, some weighing, some measuring, some putting things back again and sewing them in.",6640.0
1643,239,1712428380539,57.0,I sit for a long time holding the newspaper and thinking.,1848.0
1643,240,1712428384315,51.0,Then I call up to get a chair at the hairdresser's.,3776.0
1643,241,1712428384970,3.0,***,655.0
1643,242,1712428388691,75.0,I sit under the dryer with a magazine on my lap and let Marnie do my nails.,3721.0
1643,243,1712428390635,42.0,"""I am going to a funeral tomorrow,"" I say.",1944.0
1643,244,1712428391754,38.0,"""I'm sorry to hear that,"" Marnie says.",1119.0
1643,245,1712428392827,25.0,"""It was a murder,"" I say.",1073.0
1643,246,1712428394098,37.0,"""That's the worst kind,"" Marnie says.",1271.0
1643,247,1712428396219,35.0,"""We weren't all that close,"" I say.",2121.0
1643,248,1712428396978,15.0,"""But you know?""",759.0
1643,249,1712428399130,45.0,"""We'll get you fixed up for it,"" Marnie says.",2151.0
1643,250,1712428401979,72.0,"That night I make my bed on the sofa, and in the morning I get up first.",2849.0
1643,251,1712428403515,50.0,I put on coffee and fix breakfast while he shaves.,1536.0
1643,252,1712428407883,76.0,"He appears in the kitchen doorway, towel over his bare shoulder, appraising.",4368.0
1643,253,1712428409331,23.0,"""Here's coffee,"" I say.",1448.0
1643,254,1712428411339,31.0,"""Eggs'll be ready in a minute.”",2008.0
1643,255,1712428412579,37.0,"I wake Dean, and the three of us eat.",1240.0
1643,256,1712428418875,79.0,"Whenever Stuart looks at me, I ask Dean if he wants more milk, more toast, etc.",6296.0
1643,257,1712428421275,56.0,"""I'll call you today,"" Stuart says as he opens the door.",2400.0
1643,258,1712428422683,42.0,"I say, ""I don't think I'll be home today.""",1408.0
1643,259,1712428423467,21.0,"""All right,"" he says.",784.0
1643,260,1712428424115,7.0,"""Sure.""",648.0
1643,261,1712428425539,18.0,I dress carefully.,1424.0
1643,262,1712428427555,48.0,I try on a hat and look at myself in the mirror.,2016.0
1643,263,1712428429115,28.0,I write out a note for Dean.,1560.0
1643,264,1712428431795,69.0,"Honey, Mommy has things to do this afternoon, but will be back later.",2680.0
1643,265,1712428434203,61.0,You stay in or be in the backyard until one of us comes home.,2408.0
1643,266,1712428435355,11.0,"Love, Mommy",1152.0
1643,267,1712428439363,48.0,I look at the word Love and then I underline it.,4008.0
1643,268,1712428440995,29.0,Then I see the word backyard.,1632.0
1643,269,1712428442019,22.0,Is it one word or two?,1024.0
1643,270,1712428442539,3.0,***,520.0
1643,271,1712428447211,121.0,"I drive through farm country, through fields of oats and sugar beets and past apple orchards, cattle grazing in pastures.",4672.0
1643,272,1712428450330,99.0,"Then everything changes, more like shacks than farmhouses and stands of timber instead of orchards.",3119.0
1643,273,1712428453811,78.0,"Then mountains, and on the right, far below, I sometimes see the Naches River.",3481.0
1643,274,1712428456411,64.0,A green pickup comes up behind me and stays behind me for miles.,2600.0
1643,275,1712428459483,55.0,"I keep slowing at the wrong times, hoping he will pass.",3072.0
1643,276,1712428460387,16.0,Then I speed up.,904.0
1643,277,1712428462019,36.0,"But this is at the wrong times, too.",1632.0
1643,278,1712428463347,39.0,I grip the wheel until my fingers hurt.,1328.0
1643,279,1712428464707,37.0,On a long clear stretch he goes past.,1360.0
1643,280,1712428468787,73.0,"But he drives along beside for a bit, a crewcut man in a blue work shirt.",4080.0
1643,281,1712428469963,24.0,We look each other over.,1176.0
1643,282,1712428473435,53.0,"Then he waves, toots his horn, and pulls on up ahead.",3472.0
1643,283,1712428474619,29.0,I slow down and find a place.,1184.0
1643,284,1712428476491,35.0,I pull over and shut off the motor.,1872.0
1643,285,1712428478306,42.0,I can hear the river down below the trees.,1815.0
1643,286,1712428479515,35.0,Then I hear the pickup coming back.,1208.0
1643,287,1712428481323,41.0,I lock the doors and roll up the windows.,1808.0
1643,288,1712428482435,30.0,"""You all right?"" the man says.",1112.0
1643,289,1712428483579,21.0,He raps on the glass.,1144.0
1643,290,1712428484171,11.0,"""You okay?""",592.0
1643,291,1712428487011,64.0,He leans his arms on the door and brings his face to the window.,2840.0
1643,292,1712428487851,15.0,I stare at him.,840.0
1643,293,1712428490387,30.0,I can't think what else to do.,2536.0
1643,294,1712428491475,34.0,"""Is everything all right in there?",1088.0
1643,295,1712428492723,31.0,"How come you're all locked up?""",1248.0
1643,296,1712428493411,16.0,I shake my head.,688.0
1643,297,1712428494171,24.0,"""Roll down your window.""",760.0
1643,298,1712428497267,64.0,He shakes his head and looks at the highway and then back at me.,3096.0
1643,299,1712428498043,19.0,"""Roll it down now.""",776.0
1643,300,1712428500003,32.0,"""Please,"" I say, ""I have to go.""",1960.0
1643,301,1712428501891,50.0,"""Open the door,"" he says as if he isn't listening.",1888.0
1643,302,1712428503579,33.0,"""You're going to choke in there.""",1688.0
1643,303,1712428505155,32.0,"He looks at my breasts, my legs.",1576.0
1643,304,1712428506506,34.0,I can tell that's what he's doing.,1351.0
1643,305,1712428507811,22.0,"""Hey, sugar,"" he says.",1305.0
1643,306,1712428509035,31.0,"""I'm just here to help is all.""",1224.0
1643,307,1712428509547,3.0,***,512.0
1643,308,1712428511482,52.0,The casket is closed and covered with floral sprays.,1935.0
1643,309,1712428515435,45.0,The organ starts up the minute I take a seat.,3953.0
1643,310,1712428516787,40.0,People are coming in and finding chairs.,1352.0
1643,311,1712428520939,63.0,There's a boy in flared pants and a yellow short-sleeved shirt.,4152.0
1643,312,1712428526131,100.0,A door opens and the family comes in in a group and moves over to a curtained place off to one side.,5192.0
1643,313,1712428528722,39.0,Chairs creak as everybody gets settled.,2591.0
1643,314,1712428531939,83.0,"Directly, a nice blond man in a nice dark suit stands and asks us to bow our heads.",3217.0
1643,315,1712428534634,105.0,"He says a prayer for us, the living, and when he finishes, he says a prayer for the soul of the departed.",2695.0
1643,316,1712428535714,43.0,Along with the others I go past the casket.,1080.0
1643,317,1712428539739,66.0,Then I move out onto the front steps and into the afternoon light.,4024.0
1643,318,1712428542346,66.0,There's a woman who limps as she goes down the stairs ahead of me.,2607.0
1643,319,1712428543451,33.0,On the sidewalk she looks around.,1105.0
1643,320,1712428544875,31.0,"""Well, they got him,"" she says.",1423.0
1643,321,1712428546162,27.0,"""If that's any consolation.",1287.0
1643,322,1712428547130,31.0,They arrested him this morning.,968.0
1643,323,1712428548170,38.0,I heard it on the radio before I come.,1039.0
1643,324,1712428549323,26.0,"A boy right here in town.""",1153.0
1643,325,1712428551666,42.0,We move a few steps down the hot sidewalk.,2343.0
1643,326,1712428553098,25.0,People are starting cars.,1432.0
1643,327,1712428555626,49.0,I put out my hand and hold on to a parking meter.,2528.0
1643,328,1712428557250,36.0,Polished hoods and polished fenders.,1624.0
1643,329,1712428558770,14.0,My head swims.,1520.0
1643,330,1712428562091,41.0,"I say, ""They have friends, these killers.",3321.0
1643,331,1712428563178,16.0,"You can't tell.""",1087.0
1643,332,1712428567938,70.0,"""I have known that child since she was a little girl,"" the woman says.",4760.0
1643,333,1712428571810,93.0,"""She used to come over and I'd bake cookies for her and let her eat them in front of the TV.""",3872.0
1643,334,1712428572403,3.0,***,593.0
1643,335,1712428575370,76.0,"Back home, Stuart sits at the table with a drink of whiskey in front of him.",2967.0
1643,336,1712428577946,57.0,For a crazy instant I think something's happened to Dean.,2576.0
1643,337,1712428578763,14.0,"""Where is he?""",817.0
1643,338,1712428579442,6.0,I say.,679.0
1643,339,1712428580074,16.0,"""Where is Dean?""",632.0
1643,340,1712428580922,27.0,"""Outside,"" my husband says.",848.0
1643,341,1712428582834,34.0,He drains his glass and stands up.,1911.0
1643,342,1712428585730,40.0,"He says, ""I think I know what you need.""",2896.0
1643,343,1712428592362,138.0,He reaches an arm around my waist and with his other hand he begins to unbutton my jacket and then he goes on to the buttons of my blouse.,6632.0
1643,344,1712428593986,30.0,"""First things first,"" he says.",1624.0
1643,345,1712428595378,23.0,He says something else.,1392.0
1643,346,1712428596234,27.0,But I don't need to listen.,856.0
1643,347,1712428600346,46.0,I can't hear a thing with so much water going.,4112.0
1643,348,1712428600834,3.0,***,488.0
1662,110,1712428191768,3.0,***,10009.0
1662,111,1712428198209,37.0,My husband eats with a good appetite.,6441.0
1662,112,1712428199918,37.0,But I don't think he's really hungry.,1709.0
1662,113,1712428213503,69.0,"He chews, arms on the table, and stares at something across the room.",13585.0
1662,114,1712428214829,30.0,He looks at me and looks away.,1326.0
1662,115,1712428216611,33.0,He wipes his mouth on the napkin.,1782.0
1662,116,1712428217803,30.0,"He shrugs, and goes on eating.",1192.0
1662,117,1712428219767,42.0,"""What are you staring at me for?"" he says.",1964.0
1662,118,1712428223828,45.0,"""What is it?"" he says and lays down his fork.",4061.0
1662,119,1712428242493,42.0,"""Was I staring?"" I say, and shake my head.",18664.0
1662,120,1712428243528,20.0,The telephone rings.,1035.0
1662,121,1712428246631,27.0,"""Don't answer it,"" he says.",3103.0
1662,122,1712428248233,33.0,"""It might be your mother,"" I say.",1602.0
1662,123,1712428249490,25.0,"""Watch and see,"" he says.",1257.0
1662,124,1712428251377,34.0,I pick up the receiver and listen.,1887.0
1662,125,1712428252550,24.0,My husband stops eating.,1173.0
1662,126,1712428254851,46.0,"""What did I tell you?"" he says when I hang up.",2301.0
1662,127,1712428256093,23.0,He starts to eat again.,1241.0
1662,128,1712428257779,36.0,Then throws his napkin on his plate.,1686.0
1662,129,1712428261268,63.0,"He says, ""Goddamn it, why can't people mind their own business?",3489.0
1662,130,1712428262845,41.0,Tell me what I did wrong and I'll listen!,1577.0
1662,131,1712428266933,28.0,I wasn't the only man there.,4088.0
1662,132,1712428269641,37.0,We talked it over and we all decided.,2708.0
1662,133,1712428270998,29.0,We couldn't just turn around.,1357.0
1662,134,1712428272816,32.0,We were five miles from the car.,1818.0
1662,135,1712428276671,34.0,I won't have you passing judgment.,3855.0
1662,136,1712428277290,13.0,"Do you hear?""",619.0
1662,137,1712428279123,18.0,"""You know,"" I say.",1833.0
1662,138,1712428280166,33.0,"He says, ""What do I know, Claire?",1043.0
1662,139,1712428280862,34.0,Tell me what I'm supposed to know.,696.0
1662,140,1712428281859,40.0,"I don't know anything except one thing?""",996.0
1662,141,1712428282431,48.0,He gives me what he thinks is a meaningful look.,572.0
1662,142,1712428282660,24.0,"""She was dead,"" he says.",229.0
1662,143,1712428282836,33.0,"""And I'm as sorry as anyone else.",176.0
1662,144,1712428283041,18.0,"But she was dead.""",205.0
1662,145,1712428283327,26.0,"""That's the point,"" I say.",286.0
1662,146,1712428283592,20.0,He raises his hands.,265.0
1662,147,1712428285072,40.0,He pushes his chair away from the table.,1480.0
1662,148,1712428289359,72.0,He takes out his cigarettes and goes out to the back with a can of beer.,4287.0
1662,149,1712428291447,64.0,I see him sit in the lawn chair and pick up the newspaper again.,2088.0
1662,150,1712428291797,39.0,His name is in there on the first page.,350.0
1662,151,1712428292976,36.0,Along with the names of his friends.,1179.0
1662,152,1712428293553,40.0,I close my eyes and hold on to the sink.,576.0
1662,153,1712428294214,74.0,Then I rake my arm across the drainboard and send the dishes to the floor.,661.0
1662,154,1712428294804,16.0,He doesn't move.,590.0
1662,155,1712428295236,18.0,I know he's heard.,432.0
1662,156,1712428295860,40.0,He lifts his head as if still listening.,624.0
1662,157,1712428297087,30.0,But he doesn't move otherwise.,1227.0
1662,158,1712428297819,23.0,He doesn't turn around.,732.0
1662,159,1712428298508,3.0,***,689.0
1662,160,1712428302959,88.0,"He and Gordon Johnson and Mel Dorn and Vern Williams, they play poker and bowl and fish.",4451.0
1662,161,1712428309116,85.0,They fish every spring and early summer before visiting relatives can get in the way.,6156.0
1662,162,1712428310012,65.0,"They are decent men, family men, men who take care of their jobs.",896.0
1662,163,1712428315258,65.0,"They have sons and daughters who go to school with our son, Dean.",5246.0
1662,164,1712428315951,55.0,Last Friday these family men left for the Naches River.,693.0
1662,165,1712428316579,76.0,They parked the car in the mountains and hiked to where they wanted to fish.,628.0
1662,166,1712428317919,76.0,"They carried their bedrolls, their food, their playing cards, their whiskey.",1339.0
1662,167,1712428318326,42.0,They saw the girl before they set up camp.,406.0
1662,168,1712428318987,19.0,Mel Dorn found her.,661.0
1662,169,1712428320033,25.0,No clothes on her at all.,1046.0
1662,170,1712428323472,64.0,She was wedged into some branches that stuck out over the water.,3439.0
1662,171,1712428327353,43.0,He called the others and they came to look.,3881.0
1662,172,1712428329694,29.0,They talked about what to do.,2341.0
1662,173,1712428336337,82.0,One of the men - my Stuart didn't say which - said they should start back at once.,6643.0
1662,174,1712428340521,86.0,"The others stirred the sand with their shoes, said they didn't feel inclined that way.",4184.0
1662,175,1712428341652,82.0,"They pleaded fatigue, the late hour, the fact that the girl wasn't going anywhere.",1131.0
1662,176,1712428344651,47.0,In the end they went ahead and set up the camp.,2999.0
1662,177,1712428346950,42.0,They built a fire and drank their whiskey.,2298.0
1662,178,1712428349453,50.0,"When the moon came up, they talked about the girl.",2503.0
1662,179,1712428353734,59.0,Someone said they should -keep the body from drifting away.,4281.0
1662,180,1712428355908,55.0,They took their flashlights and went back to the river.,2174.0
1662,181,1712428360933,66.0,One of the men - it might have been Stuart - waded in and got her.,5025.0
1662,182,1712428363859,53.0,He took her by the fingers and pulled her into shore.,2926.0
1662,183,1712428370516,87.0,He got some nylon cord and tied it to her wrist and then looped the rest around a tree.,6657.0
1662,184,1712428373527,99.0,"The next morning they cooked breakfast, drank coffee, and drank whiskey, and then split up to fish.",3011.0
1662,185,1712428382924,182.0,"That night they cooked fish, cooked potatoes, drank coffee, drank whiskey, then took their cooking things and eating things back down to the river and washed them where the girl was.",9397.0
1662,186,1712428384020,32.0,They played some cards later on.,1096.0
1662,187,1712428385111,55.0,Maybe they played until they couldn't see them anymore.,1091.0
1662,188,1712428385898,28.0,Vern Williams went to sleep.,787.0
1662,189,1712428386882,28.0,But the others told stories.,984.0
1662,190,1712428387824,100.0,Gordon Johnson said the trout they'd caught were hard because of the terrible coldness of the water.,942.0
1662,191,1712428389151,154.0,"The next morning they got up late, drank whiskey, fished a little, took down their tents, rolled their sleeping bags, gathered their stuff, and hiked out.",1327.0
1662,192,1712428390057,41.0,They drove until they got to a telephone.,905.0
1662,193,1712428390503,86.0,It was Stuart who made the call while the others stood around in the sun and listened.,446.0
1662,194,1712428390842,32.0,He gave the sheriff their names.,339.0
1662,195,1712428391209,25.0,They had nothing to hide.,367.0
1662,196,1712428391815,21.0,They weren't ashamed.,606.0
1662,197,1712428392331,100.0,They said they'd wait until someone could come for better directions and take down their statements.,515.0
1662,198,1712428392972,3.0,***,641.0
1662,199,1712428393442,30.0,I was asleep when he got home.,470.0
1662,200,1712428393792,46.0,But I woke up when I heard him in the kitchen.,350.0
1662,201,1712428394026,64.0,I found him leaning against the refrigerator with a can of beer.,234.0
1662,202,1712428394231,68.0,He put his heavy arms around me and rubbed his big hands on my back.,205.0
1662,203,1712428394412,85.0,In bed he put his hands on me again and then waited as if thinking of something else.,181.0
1662,204,1712428394618,28.0,I turned and opened my legs.,206.0
1662,205,1712428394863,36.0,"Afterwards, I think he stayed awake.",245.0
1662,206,1712428395168,53.0,He was up that morning before I could get out of bed.,305.0
1662,207,1712428395438,54.0,"To see if there was something in the paper, I suppose.",270.0
1662,208,1712428395708,46.0,The telephone began ringing right after eight.,270.0
1662,209,1712428395973,13.0,"""Go to hell!""",265.0
1662,210,1712428396244,18.0,I heard him shout.,271.0
1662,211,1712428396511,31.0,The telephone rang right again.,267.0
1662,212,1712428396789,59.0,"""I have nothing to add to what I already told the sheriff!""",277.0
1662,213,1712428397065,29.0,He slammed the receiver down.,275.0
1662,214,1712428397340,27.0,"""What is going on?"" I said.",275.0
1662,215,1712428397586,49.0,It was then that he told me what I just told you.,246.0
1662,216,1712428397836,3.0,***,250.0
1662,217,1712428398113,44.0,I sweep up the broken dishes and go outside.,277.0
1662,218,1712428398356,85.0,"He is lying on his back on the grass now, the newspaper and can of beer within reach.",243.0
1662,219,1712428398623,41.0,"""Stuart, could we go for a drive?"" I say.",267.0
1662,220,1712428398868,30.0,He rolls over and looks at me.,245.0
1662,221,1712428399102,37.0,"""We'll pick up some beer,"" he says...",234.0
1662,222,1712428399313,62.0,He gets to his feet and touches me on the hip as he goes past.,211.0
1662,223,1712428399553,28.0,"""Give me a minute,"" he says.",240.0
1662,224,1712428399787,39.0,We drive through town without speaking.,234.0
1662,225,1712428400034,39.0,He stops at a roadside market for beer.,246.0
1662,226,1712428400319,54.0,I notice a great stack of papers just inside the door.,285.0
1662,227,1712428400607,89.0,On the top step a fat woman in a print dress holds out a licorice stick to a little girl.,288.0
1662,228,1712428400901,66.0,"Later on, we cross Everson Creek and turn into the picnic grounds.",294.0
1662,229,1712428401351,79.0,The creek runs under the bridge and into a large pond a few hundred yards away.,449.0
1662,230,1712428401602,28.0,I can see the men out there.,251.0
1662,231,1712428401814,33.0,I can see them out there fishing.,212.0
1662,232,1712428402108,31.0,So much water so close to home.,293.0
1662,233,1712428402783,43.0,"I say, ""Why did you have to go miles away?""",675.0
1662,234,1712428403742,25.0,"""Don't rile me,"" he says.",957.0
1662,235,1712428405141,29.0,We sit on a bench in the sun.,1399.0
1662,236,1712428406099,25.0,He opens us cans of beer.,958.0
1662,237,1712428406984,25.0,"He says, ""Relax, Claire.""",885.0
1662,238,1712428407856,30.0,"""They said they were innocent.",872.0
1662,239,1712428408656,27.0,"They said they were crazy.""",800.0
1662,240,1712428409348,15.0,"He says, ""Who?""",692.0
1662,241,1712428410479,38.0,"He says, ""What are you talking about?""",1131.0
1662,242,1712428411209,21.0,"""The Maddox brothers.",730.0
1662,243,1712428411965,54.0,They killed a girl named Arlene Hubly where I grew up.,756.0
1662,244,1712428413027,60.0,They cut off her head and threw her into the Cle Elum River.,1061.0
1662,245,1712428414611,31.0,"It happened when I was a girl.""",1584.0
1662,246,1712428415625,40.0,"""You're going to get me riled,"" he says.",1014.0
1662,247,1712428416455,20.0,I look at the creek.,830.0
1662,248,1712428418088,79.0,"I'm right in it, eyes open, face down, staring at the moss on the bottom, dead.",1633.0
1662,249,1712428418959,62.0,"""I don't know what's wrong with you,"" he says on the way home.",871.0
1662,250,1712428419960,45.0,"""You're getting me more riled by the minute.""",1001.0
1662,251,1712428420832,34.0,There is nothing I can say to him.,872.0
1662,252,1712428421608,36.0,He tries to concentrate on the road.,776.0
1662,253,1712428422473,47.0,But he keeps looking into the rear-view mirror.,864.0
1662,254,1712428422994,9.0,He knows.,521.0
1662,255,1712428423605,3.0,***,611.0
1662,256,1712428424486,52.0,Stuart believes he is letting me sleep this morning.,881.0
1662,257,1712428425267,47.0,But I was awake long before the alarm went off.,781.0
1662,258,1712428426274,74.0,"I was thinking, lying on the far side of the bed away from his hairy legs.",1007.0
1662,259,1712428426954,78.0,"He gets Dean off for school, and then he shaves, dresses, and leaves for work.",680.0
1662,260,1712428428276,40.0,Twice he looks in and clears his throat.,1322.0
1662,261,1712428428973,26.0,But I keep my eyes closed.,697.0
1662,262,1712428429814,38.0,In the kitchen I find a note from him.,841.0
1662,263,1712428430890,19.0,"It's signed ""Love.""",1076.0
1662,264,1712428431726,74.0,I sit in the breakfast nook and drink coffee and leave a ring on the note.,836.0
1662,265,1712428432128,67.0,I look at the newspaper and turn it this way and that on the table.,402.0
1662,266,1712428432782,43.0,Then I skid it close and read what it says.,654.0
1662,267,1712428433218,38.0,"The body has been identified, claimed.",436.0
1662,268,1712428433979,155.0,"But it took some examining it, some putting things into it, some cutting, some weighing, some measuring, some putting things back again and sewing them in.",760.0
1662,269,1712428434955,57.0,I sit for a long time holding the newspaper and thinking.,976.0
1662,270,1712428435687,51.0,Then I call up to get a chair at the hairdresser's.,732.0
1662,271,1712428436298,3.0,***,611.0
1662,272,1712428437289,75.0,I sit under the dryer with a magazine on my lap and let Marnie do my nails.,991.0
1662,273,1712428437890,42.0,"""I am going to a funeral tomorrow,"" I say.",600.0
1662,274,1712428438491,38.0,"""I'm sorry to hear that,"" Marnie says.",601.0
1662,275,1712428439162,25.0,"""It was a murder,"" I say.",671.0
1662,276,1712428440142,37.0,"""That's the worst kind,"" Marnie says.",980.0
1662,277,1712428440824,35.0,"""We weren't all that close,"" I say.",681.0
1662,278,1712428441319,15.0,"""But you know?""",495.0
1662,279,1712428441796,45.0,"""We'll get you fixed up for it,"" Marnie says.",477.0
1662,280,1712428442371,72.0,"That night I make my bed on the sofa, and in the morning I get up first.",575.0
1662,281,1712428442836,50.0,I put on coffee and fix breakfast while he shaves.,465.0
1662,282,1712428443232,76.0,"He appears in the kitchen doorway, towel over his bare shoulder, appraising.",395.0
1662,283,1712428443697,23.0,"""Here's coffee,"" I say.",465.0
1662,284,1712428444771,31.0,"""Eggs'll be ready in a minute.”",1074.0
1662,285,1712428446022,37.0,"I wake Dean, and the three of us eat.",1250.0
1662,286,1712428446502,79.0,"Whenever Stuart looks at me, I ask Dean if he wants more milk, more toast, etc.",480.0
1662,287,1712428447013,56.0,"""I'll call you today,"" Stuart says as he opens the door.",510.0
1662,288,1712428447605,42.0,"I say, ""I don't think I'll be home today.""",592.0
1662,289,1712428448130,21.0,"""All right,"" he says.",525.0
1662,290,1712428448600,7.0,"""Sure.""",469.0
1662,291,1712428449175,18.0,I dress carefully.,575.0
1662,292,1712428449596,48.0,I try on a hat and look at myself in the mirror.,421.0
1662,293,1712428450046,28.0,I write out a note for Dean.,450.0
1662,294,1712428450503,69.0,"Honey, Mommy has things to do this afternoon, but will be back later.",456.0
1662,295,1712428450998,61.0,You stay in or be in the backyard until one of us comes home.,495.0
1662,296,1712428451434,11.0,"Love, Mommy",436.0
1662,297,1712428451743,48.0,I look at the word Love and then I underline it.,309.0
1662,298,1712428451996,29.0,Then I see the word backyard.,253.0
1662,299,1712428452435,22.0,Is it one word or two?,439.0
1662,300,1712428453278,3.0,***,843.0
1662,301,1712428453776,121.0,"I drive through farm country, through fields of oats and sugar beets and past apple orchards, cattle grazing in pastures.",498.0
1662,302,1712428454272,99.0,"Then everything changes, more like shacks than farmhouses and stands of timber instead of orchards.",494.0
1662,303,1712428454658,78.0,"Then mountains, and on the right, far below, I sometimes see the Naches River.",386.0
1662,304,1712428455199,64.0,A green pickup comes up behind me and stays behind me for miles.,541.0
1662,305,1712428456487,55.0,"I keep slowing at the wrong times, hoping he will pass.",1288.0
1662,306,1712428457106,16.0,Then I speed up.,619.0
1662,307,1712428457803,36.0,"But this is at the wrong times, too.",697.0
1662,308,1712428459329,39.0,I grip the wheel until my fingers hurt.,1526.0
1662,309,1712428461051,37.0,On a long clear stretch he goes past.,1721.0
1662,310,1712428464262,73.0,"But he drives along beside for a bit, a crewcut man in a blue work shirt.",3211.0
1662,311,1712428477164,24.0,We look each other over.,12902.0
1662,312,1712428477514,53.0,"Then he waves, toots his horn, and pulls on up ahead.",350.0
1662,313,1712428477915,29.0,I slow down and find a place.,401.0
1662,314,1712428478284,35.0,I pull over and shut off the motor.,369.0
1662,315,1712428478740,42.0,I can hear the river down below the trees.,455.0
1662,316,1712428479216,35.0,Then I hear the pickup coming back.,475.0
1662,317,1712428479636,41.0,I lock the doors and roll up the windows.,420.0
1662,318,1712428479967,30.0,"""You all right?"" the man says.",331.0
1662,319,1712428480237,21.0,He raps on the glass.,270.0
1662,320,1712428480518,11.0,"""You okay?""",281.0
1662,321,1712428480909,64.0,He leans his arms on the door and brings his face to the window.,391.0
1662,322,1712428481454,15.0,I stare at him.,545.0
1662,323,1712428481805,30.0,I can't think what else to do.,351.0
1662,324,1712428482224,34.0,"""Is everything all right in there?",419.0
1662,325,1712428482644,31.0,"How come you're all locked up?""",419.0
1662,326,1712428483330,16.0,I shake my head.,686.0
1662,327,1712428483852,24.0,"""Roll down your window.""",521.0
1662,328,1712428484228,64.0,He shakes his head and looks at the highway and then back at me.,376.0
1662,329,1712428485098,19.0,"""Roll it down now.""",870.0
1662,330,1712428486535,32.0,"""Please,"" I say, ""I have to go.""",1437.0
1662,331,1712428487071,50.0,"""Open the door,"" he says as if he isn't listening.",536.0
1662,332,1712428487478,33.0,"""You're going to choke in there.""",407.0
1662,333,1712428488213,32.0,"He looks at my breasts, my legs.",734.0
1662,334,1712428488708,34.0,I can tell that's what he's doing.,495.0
1662,335,1712428489179,22.0,"""Hey, sugar,"" he says.",471.0
1662,336,1712428489629,31.0,"""I'm just here to help is all.""",450.0
1662,337,1712428490146,3.0,***,517.0
1662,338,1712428490586,52.0,The casket is closed and covered with floral sprays.,440.0
1662,339,1712428490932,45.0,The organ starts up the minute I take a seat.,346.0
1662,340,1712428491279,40.0,People are coming in and finding chairs.,347.0
1662,341,1712428491612,63.0,There's a boy in flared pants and a yellow short-sleeved shirt.,333.0
1662,342,1712428491983,100.0,A door opens and the family comes in in a group and moves over to a curtained place off to one side.,371.0
1662,343,1712428492348,39.0,Chairs creak as everybody gets settled.,365.0
1662,344,1712428492714,83.0,"Directly, a nice blond man in a nice dark suit stands and asks us to bow our heads.",366.0
1662,345,1712428493049,105.0,"He says a prayer for us, the living, and when he finishes, he says a prayer for the soul of the departed.",335.0
1662,346,1712428493412,43.0,Along with the others I go past the casket.,363.0
1662,347,1712428493670,66.0,Then I move out onto the front steps and into the afternoon light.,258.0
1662,348,1712428493840,66.0,There's a woman who limps as she goes down the stairs ahead of me.,170.0
1662,349,1712428494086,33.0,On the sidewalk she looks around.,245.0
1662,350,1712428494427,31.0,"""Well, they got him,"" she says.",341.0
1662,351,1712428494561,27.0,"""If that's any consolation.",134.0
1662,352,1712428494807,31.0,They arrested him this morning.,246.0
1662,353,1712428494952,38.0,I heard it on the radio before I come.,145.0
1662,354,1712428495111,26.0,"A boy right here in town.""",159.0
1662,355,1712428495372,42.0,We move a few steps down the hot sidewalk.,260.0
1662,356,1712428495482,25.0,People are starting cars.,110.0
1662,357,1712428495597,49.0,I put out my hand and hold on to a parking meter.,115.0
1662,358,1712428495717,36.0,Polished hoods and polished fenders.,120.0
1662,359,1712428495928,14.0,My head swims.,210.0
1662,360,1712428496118,41.0,"I say, ""They have friends, these killers.",190.0
1662,361,1712428496296,16.0,"You can't tell.""",178.0
1662,362,1712428496495,70.0,"""I have known that child since she was a little girl,"" the woman says.",199.0
1662,363,1712428496674,93.0,"""She used to come over and I'd bake cookies for her and let her eat them in front of the TV.""",179.0
1662,364,1712428496811,3.0,***,136.0
1662,365,1712428496997,76.0,"Back home, Stuart sits at the table with a drink of whiskey in front of him.",186.0
1662,366,1712428497230,57.0,For a crazy instant I think something's happened to Dean.,233.0
1662,367,1712428497430,14.0,"""Where is he?""",200.0
1662,368,1712428497609,6.0,I say.,179.0
1662,369,1712428497800,16.0,"""Where is Dean?""",190.0
1662,370,1712428497987,27.0,"""Outside,"" my husband says.",186.0
1662,371,1712428498176,34.0,He drains his glass and stands up.,189.0
1662,372,1712428498347,40.0,"He says, ""I think I know what you need.""",170.0
1662,373,1712428498497,138.0,He reaches an arm around my waist and with his other hand he begins to unbutton my jacket and then he goes on to the buttons of my blouse.,150.0
1662,374,1712428498697,30.0,"""First things first,"" he says.",200.0
1662,375,1712428498843,23.0,He says something else.,146.0
1662,376,1712428499023,27.0,But I don't need to listen.,180.0
1662,377,1712428499302,46.0,I can't hear a thing with so much water going.,279.0
1662,378,1712428499424,3.0,***,122.0
1653,125,1712597627502,3.0,***,1885.0
1653,126,1712597630853,37.0,My husband eats with a good appetite.,3351.0
1653,127,1712597632229,37.0,But I don't think he's really hungry.,1376.0
1653,128,1712597635677,69.0,"He chews, arms on the table, and stares at something across the room.",3448.0
1653,129,1712597638365,30.0,He looks at me and looks away.,2688.0
1653,130,1712597640093,33.0,He wipes his mouth on the napkin.,1727.0
1653,131,1712597640982,30.0,"He shrugs, and goes on eating.",889.0
1653,132,1712597642597,42.0,"""What are you staring at me for?"" he says.",1614.0
1653,133,1712597644597,45.0,"""What is it?"" he says and lays down his fork.",2000.0
1653,134,1712597646485,42.0,"""Was I staring?"" I say, and shake my head.",1888.0
1653,135,1712597647533,20.0,The telephone rings.,1048.0
1653,136,1712597648261,27.0,"""Don't answer it,"" he says.",728.0
1653,137,1712597649093,33.0,"""It might be your mother,"" I say.",832.0
1653,138,1712597650197,25.0,"""Watch and see,"" he says.",1103.0
1653,139,1712597651261,34.0,I pick up the receiver and listen.,1064.0
1653,140,1712597652237,24.0,My husband stops eating.,976.0
1653,141,1712597654101,46.0,"""What did I tell you?"" he says when I hang up.",1864.0
1653,142,1712597655653,23.0,He starts to eat again.,1552.0
1653,143,1712597658249,36.0,Then throws his napkin on his plate.,2596.0
1653,144,1712597660043,63.0,"He says, ""Goddamn it, why can't people mind their own business?",1794.0
1653,145,1712597661507,41.0,Tell me what I did wrong and I'll listen!,1464.0
1653,146,1712597663083,28.0,I wasn't the only man there.,1576.0
1653,147,1712597664667,37.0,We talked it over and we all decided.,1584.0
1653,148,1712597666403,29.0,We couldn't just turn around.,1736.0
1653,149,1712597667451,32.0,We were five miles from the car.,1048.0
1653,150,1712597668595,34.0,I won't have you passing judgment.,1144.0
1653,151,1712597669507,13.0,"Do you hear?""",912.0
1653,152,1712597670491,18.0,"""You know,"" I say.",984.0
1653,153,1712597671787,33.0,"He says, ""What do I know, Claire?",1296.0
1653,154,1712597673115,34.0,Tell me what I'm supposed to know.,1328.0
1653,155,1712597674875,40.0,"I don't know anything except one thing?""",1760.0
1653,156,1712597677435,48.0,He gives me what he thinks is a meaningful look.,2560.0
1653,157,1712597678923,24.0,"""She was dead,"" he says.",1488.0
1653,158,1712597680259,33.0,"""And I'm as sorry as anyone else.",1336.0
1653,159,1712597681043,18.0,"But she was dead.""",784.0
1653,160,1712597681843,26.0,"""That's the point,"" I say.",800.0
1653,161,1712597682619,20.0,He raises his hands.,776.0
1653,162,1712597684243,40.0,He pushes his chair away from the table.,1624.0
1653,163,1712597686307,72.0,He takes out his cigarettes and goes out to the back with a can of beer.,2064.0
1653,164,1712597688603,64.0,I see him sit in the lawn chair and pick up the newspaper again.,2296.0
1653,165,1712597690075,39.0,His name is in there on the first page.,1472.0
1653,166,1712597690931,36.0,Along with the names of his friends.,856.0
1653,167,1712597692443,40.0,I close my eyes and hold on to the sink.,1512.0
1653,168,1712597696659,74.0,Then I rake my arm across the drainboard and send the dishes to the floor.,4216.0
1653,169,1712597697395,16.0,He doesn't move.,736.0
1653,170,1712597698123,18.0,I know he's heard.,728.0
1653,171,1712597699427,40.0,He lifts his head as if still listening.,1304.0
1653,172,1712597700323,30.0,But he doesn't move otherwise.,896.0
1653,173,1712597701475,23.0,He doesn't turn around.,1152.0
1653,174,1712597702035,3.0,***,560.0
1653,175,1712597704707,88.0,"He and Gordon Johnson and Mel Dorn and Vern Williams, they play poker and bowl and fish.",2672.0
1653,176,1712597707059,85.0,They fish every spring and early summer before visiting relatives can get in the way.,2352.0
1653,177,1712597709179,65.0,"They are decent men, family men, men who take care of their jobs.",2120.0
1653,178,1712597711211,65.0,"They have sons and daughters who go to school with our son, Dean.",2032.0
1653,179,1712597713531,55.0,Last Friday these family men left for the Naches River.,2320.0
1653,180,1712597715579,76.0,They parked the car in the mountains and hiked to where they wanted to fish.,2048.0
1653,181,1712597718139,76.0,"They carried their bedrolls, their food, their playing cards, their whiskey.",2560.0
1653,182,1712597719571,42.0,They saw the girl before they set up camp.,1432.0
1653,183,1712597720891,19.0,Mel Dorn found her.,1320.0
1653,184,1712597721675,25.0,No clothes on her at all.,784.0
1653,185,1712597723187,64.0,She was wedged into some branches that stuck out over the water.,1512.0
1653,186,1712597724963,43.0,He called the others and they came to look.,1776.0
1653,187,1712597726115,29.0,They talked about what to do.,1152.0
1653,188,1712597729123,82.0,One of the men - my Stuart didn't say which - said they should start back at once.,3008.0
1653,189,1712597731731,86.0,"The others stirred the sand with their shoes, said they didn't feel inclined that way.",2608.0
1653,190,1712597736227,82.0,"They pleaded fatigue, the late hour, the fact that the girl wasn't going anywhere.",4496.0
1653,191,1712597738507,47.0,In the end they went ahead and set up the camp.,2280.0
1653,192,1712597739451,42.0,They built a fire and drank their whiskey.,944.0
1653,193,1712597740707,50.0,"When the moon came up, they talked about the girl.",1256.0
1653,194,1712597743283,59.0,Someone said they should -keep the body from drifting away.,2576.0
1653,195,1712597745363,55.0,They took their flashlights and went back to the river.,2080.0
1653,196,1712597748171,66.0,One of the men - it might have been Stuart - waded in and got her.,2808.0
1653,197,1712597750571,53.0,He took her by the fingers and pulled her into shore.,2400.0
1653,198,1712597753435,87.0,He got some nylon cord and tied it to her wrist and then looped the rest around a tree.,2864.0
1653,199,1712597756363,99.0,"The next morning they cooked breakfast, drank coffee, and drank whiskey, and then split up to fish.",2928.0
1653,200,1712597761459,182.0,"That night they cooked fish, cooked potatoes, drank coffee, drank whiskey, then took their cooking things and eating things back down to the river and washed them where the girl was.",5096.0
1653,201,1712597762827,32.0,They played some cards later on.,1368.0
1653,202,1712597764779,55.0,Maybe they played until they couldn't see them anymore.,1952.0
1653,203,1712597765531,28.0,Vern Williams went to sleep.,752.0
1653,204,1712597766267,28.0,But the others told stories.,736.0
1653,205,1712597769619,100.0,Gordon Johnson said the trout they'd caught were hard because of the terrible coldness of the water.,3352.0
1653,206,1712597772395,154.0,"The next morning they got up late, drank whiskey, fished a little, took down their tents, rolled their sleeping bags, gathered their stuff, and hiked out.",2776.0
1653,207,1712597774427,41.0,They drove until they got to a telephone.,2031.0
1653,208,1712597776755,86.0,It was Stuart who made the call while the others stood around in the sun and listened.,2328.0
1653,209,1712597777715,32.0,He gave the sheriff their names.,960.0
1653,210,1712597778531,25.0,They had nothing to hide.,816.0
1653,211,1712597779099,21.0,They weren't ashamed.,568.0
1653,212,1712597782526,100.0,They said they'd wait until someone could come for better directions and take down their statements.,3427.0
1653,213,1712597784062,3.0,***,1536.0
1653,214,1712597785102,30.0,I was asleep when he got home.,1040.0
1653,215,1712597786246,46.0,But I woke up when I heard him in the kitchen.,1144.0
1653,216,1712597787838,64.0,I found him leaning against the refrigerator with a can of beer.,1592.0
1653,217,1712597790646,68.0,He put his heavy arms around me and rubbed his big hands on my back.,2808.0
1653,218,1712597793750,85.0,In bed he put his hands on me again and then waited as if thinking of something else.,3104.0
1653,219,1712597794614,28.0,I turned and opened my legs.,864.0
1653,220,1712597796454,36.0,"Afterwards, I think he stayed awake.",1840.0
1653,221,1712597798262,53.0,He was up that morning before I could get out of bed.,1808.0
1653,222,1712597799910,54.0,"To see if there was something in the paper, I suppose.",1648.0
1653,223,1712597800942,46.0,The telephone began ringing right after eight.,1032.0
1653,224,1712597801894,13.0,"""Go to hell!""",952.0
1653,225,1712597803126,18.0,I heard him shout.,1232.0
1653,226,1712597804190,31.0,The telephone rang right again.,1064.0
1653,227,1712597806109,59.0,"""I have nothing to add to what I already told the sheriff!""",1919.0
1653,228,1712597807166,29.0,He slammed the receiver down.,1057.0
1653,229,1712597808078,27.0,"""What is going on?"" I said.",912.0
1653,230,1712597810694,49.0,It was then that he told me what I just told you.,2616.0
1653,231,1712597811270,3.0,***,576.0
1653,232,1712597815030,44.0,I sweep up the broken dishes and go outside.,3760.0
1653,233,1712597817390,85.0,"He is lying on his back on the grass now, the newspaper and can of beer within reach.",2360.0
1653,234,1712597820654,41.0,"""Stuart, could we go for a drive?"" I say.",3264.0
1653,235,1712597821310,30.0,He rolls over and looks at me.,656.0
1653,236,1712597822382,37.0,"""We'll pick up some beer,"" he says...",1072.0
1653,237,1712597823958,62.0,He gets to his feet and touches me on the hip as he goes past.,1576.0
1653,238,1712597824910,28.0,"""Give me a minute,"" he says.",952.0
1653,239,1712597825878,39.0,We drive through town without speaking.,968.0
1653,240,1712597826854,39.0,He stops at a roadside market for beer.,976.0
1653,241,1712597828342,54.0,I notice a great stack of papers just inside the door.,1488.0
1653,242,1712597831006,89.0,On the top step a fat woman in a print dress holds out a licorice stick to a little girl.,2664.0
1653,243,1712597832726,66.0,"Later on, we cross Everson Creek and turn into the picnic grounds.",1720.0
1653,244,1712597834358,79.0,The creek runs under the bridge and into a large pond a few hundred yards away.,1632.0
1653,245,1712597837782,28.0,I can see the men out there.,3424.0
1653,246,1712597839910,33.0,I can see them out there fishing.,2128.0
1653,247,1712597844444,31.0,So much water so close to home.,4534.0
1653,248,1712597847636,43.0,"I say, ""Why did you have to go miles away?""",3191.0
1653,249,1712597848613,25.0,"""Don't rile me,"" he says.",976.0
1653,250,1712597849604,29.0,We sit on a bench in the sun.,991.0
1653,251,1712597850645,25.0,He opens us cans of beer.,1040.0
1653,252,1712597851524,25.0,"He says, ""Relax, Claire.""",879.0
1653,253,1712597852964,30.0,"""They said they were innocent.",1440.0
1653,254,1712597854004,27.0,"They said they were crazy.""",1040.0
1653,255,1712597854692,15.0,"He says, ""Who?""",688.0
1653,256,1712597855380,38.0,"He says, ""What are you talking about?""",688.0
1653,257,1712597856052,21.0,"""The Maddox brothers.",672.0
1653,258,1712597858997,54.0,They killed a girl named Arlene Hubly where I grew up.,2945.0
1653,259,1712597860308,60.0,They cut off her head and threw her into the Cle Elum River.,1311.0
1653,260,1712597861836,31.0,"It happened when I was a girl.""",1528.0
1653,261,1712597862980,40.0,"""You're going to get me riled,"" he says.",1143.0
1653,262,1712597863748,20.0,I look at the creek.,768.0
1653,263,1712597866516,79.0,"I'm right in it, eyes open, face down, staring at the moss on the bottom, dead.",2767.0
1653,264,1712597868108,62.0,"""I don't know what's wrong with you,"" he says on the way home.",1592.0
1653,265,1712597869293,45.0,"""You're getting me more riled by the minute.""",1184.0
1653,266,1712597870452,34.0,There is nothing I can say to him.,1159.0
1653,267,1712597871308,36.0,He tries to concentrate on the road.,856.0
1653,268,1712597872892,47.0,But he keeps looking into the rear-view mirror.,1583.0
1653,269,1712597873468,9.0,He knows.,576.0
1653,270,1712597874236,3.0,***,768.0
1653,271,1712597875964,52.0,Stuart believes he is letting me sleep this morning.,1728.0
1653,272,1712597876804,47.0,But I was awake long before the alarm went off.,839.0
1653,273,1712597879228,74.0,"I was thinking, lying on the far side of the bed away from his hairy legs.",2424.0
1653,274,1712597881917,78.0,"He gets Dean off for school, and then he shaves, dresses, and leaves for work.",2689.0
1653,275,1712597884892,40.0,Twice he looks in and clears his throat.,2975.0
1653,276,1712597885732,26.0,But I keep my eyes closed.,840.0
1653,277,1712597886740,38.0,In the kitchen I find a note from him.,1008.0
1653,278,1712597887357,19.0,"It's signed ""Love.""",616.0
1653,279,1712597889420,74.0,I sit in the breakfast nook and drink coffee and leave a ring on the note.,2063.0
1653,280,1712597892645,67.0,I look at the newspaper and turn it this way and that on the table.,3224.0
1653,281,1712597893916,43.0,Then I skid it close and read what it says.,1271.0
1653,282,1712597895044,38.0,"The body has been identified, claimed.",1128.0
1653,283,1712597898268,155.0,"But it took some examining it, some putting things into it, some cutting, some weighing, some measuring, some putting things back again and sewing them in.",3224.0
1653,284,1712597899948,57.0,I sit for a long time holding the newspaper and thinking.,1680.0
1653,285,1712597902324,51.0,Then I call up to get a chair at the hairdresser's.,2375.0
1653,286,1712597902885,3.0,***,560.0
1653,287,1712597906174,75.0,I sit under the dryer with a magazine on my lap and let Marnie do my nails.,3289.0
1653,288,1712597907246,42.0,"""I am going to a funeral tomorrow,"" I say.",1072.0
1653,289,1712597908118,38.0,"""I'm sorry to hear that,"" Marnie says.",872.0
1653,290,1712597908966,25.0,"""It was a murder,"" I say.",848.0
1653,291,1712597909686,37.0,"""That's the worst kind,"" Marnie says.",720.0
1653,292,1712597910902,35.0,"""We weren't all that close,"" I say.",1216.0
1653,293,1712597911702,15.0,"""But you know?""",800.0
1653,294,1712597912638,45.0,"""We'll get you fixed up for it,"" Marnie says.",936.0
1653,295,1712597914950,72.0,"That night I make my bed on the sofa, and in the morning I get up first.",2312.0
1653,296,1712597917326,50.0,I put on coffee and fix breakfast while he shaves.,2376.0
1653,297,1712597940822,76.0,"He appears in the kitchen doorway, towel over his bare shoulder, appraising.",23496.0
1653,298,1712597941566,23.0,"""Here's coffee,"" I say.",744.0
1653,299,1712597954302,31.0,"""Eggs'll be ready in a minute.”",12736.0
1653,300,1712597958846,37.0,"I wake Dean, and the three of us eat.",4544.0
1653,301,1712597964510,79.0,"Whenever Stuart looks at me, I ask Dean if he wants more milk, more toast, etc.",5664.0
1653,302,1712597974981,56.0,"""I'll call you today,"" Stuart says as he opens the door.",10471.0
1653,303,1712597976172,42.0,"I say, ""I don't think I'll be home today.""",1191.0
1653,304,1712597976740,21.0,"""All right,"" he says.",568.0
1653,305,1712597977252,7.0,"""Sure.""",512.0
1653,306,1712597977908,18.0,I dress carefully.,656.0
1653,307,1712597981188,48.0,I try on a hat and look at myself in the mirror.,3280.0
1653,308,1712597982076,28.0,I write out a note for Dean.,888.0
1653,309,1712597984316,69.0,"Honey, Mommy has things to do this afternoon, but will be back later.",2239.0
1653,310,1712597986333,61.0,You stay in or be in the backyard until one of us comes home.,2016.0
1653,311,1712597986932,11.0,"Love, Mommy",599.0
1653,312,1712597988268,48.0,I look at the word Love and then I underline it.,1336.0
1653,313,1712597990580,29.0,Then I see the word backyard.,2311.0
1653,314,1712597991740,22.0,Is it one word or two?,1160.0
1653,315,1712597992564,3.0,***,823.0
1653,316,1712598027229,121.0,"I drive through farm country, through fields of oats and sugar beets and past apple orchards, cattle grazing in pastures.",34665.0
1653,317,1712598040054,99.0,"Then everything changes, more like shacks than farmhouses and stands of timber instead of orchards.",12825.0
1653,318,1712598041862,78.0,"Then mountains, and on the right, far below, I sometimes see the Naches River.",1807.0
1653,319,1712598043694,64.0,A green pickup comes up behind me and stays behind me for miles.,1832.0
1653,320,1712598045254,55.0,"I keep slowing at the wrong times, hoping he will pass.",1560.0
1653,321,1712598045902,16.0,Then I speed up.,648.0
1653,322,1712598072278,36.0,"But this is at the wrong times, too.",26376.0
1653,323,1712598073086,39.0,I grip the wheel until my fingers hurt.,807.0
1653,324,1712598073854,37.0,On a long clear stretch he goes past.,768.0
1653,325,1712598075598,73.0,"But he drives along beside for a bit, a crewcut man in a blue work shirt.",1744.0
1653,326,1712598076094,24.0,We look each other over.,496.0
1653,327,1712598076830,53.0,"Then he waves, toots his horn, and pulls on up ahead.",736.0
1653,328,1712598077438,29.0,I slow down and find a place.,608.0
1653,329,1712598077942,35.0,I pull over and shut off the motor.,504.0
1653,330,1712598078486,42.0,I can hear the river down below the trees.,544.0
1653,331,1712598079206,35.0,Then I hear the pickup coming back.,720.0
1653,332,1712598079782,41.0,I lock the doors and roll up the windows.,576.0
1653,333,1712598080446,30.0,"""You all right?"" the man says.",664.0
1653,334,1712598081054,21.0,He raps on the glass.,608.0
1653,335,1712598081598,11.0,"""You okay?""",544.0
1653,336,1712598083479,64.0,He leans his arms on the door and brings his face to the window.,1881.0
1653,337,1712598084014,15.0,I stare at him.,535.0
1653,338,1712598084798,30.0,I can't think what else to do.,784.0
1653,339,1712598085486,34.0,"""Is everything all right in there?",688.0
1653,340,1712598086502,31.0,"How come you're all locked up?""",1016.0
1653,341,1712598087110,16.0,I shake my head.,608.0
1653,342,1712598087638,24.0,"""Roll down your window.""",528.0
1653,343,1712598090766,64.0,He shakes his head and looks at the highway and then back at me.,3128.0
1653,344,1712598091406,19.0,"""Roll it down now.""",640.0
1653,345,1712598092478,32.0,"""Please,"" I say, ""I have to go.""",1072.0
1653,346,1712598093774,50.0,"""Open the door,"" he says as if he isn't listening.",1296.0
1653,347,1712598094678,33.0,"""You're going to choke in there.""",904.0
1653,348,1712598095710,32.0,"He looks at my breasts, my legs.",1032.0
1653,349,1712598096806,34.0,I can tell that's what he's doing.,1096.0
1653,350,1712598097526,22.0,"""Hey, sugar,"" he says.",720.0
1653,351,1712598098350,31.0,"""I'm just here to help is all.""",824.0
1653,352,1712598098894,3.0,***,544.0
1653,353,1712598100417,52.0,The casket is closed and covered with floral sprays.,1523.0
1653,354,1712598102961,45.0,The organ starts up the minute I take a seat.,2544.0
1653,355,1712598128113,40.0,People are coming in and finding chairs.,25152.0
1653,356,1712598141577,63.0,There's a boy in flared pants and a yellow short-sleeved shirt.,13464.0
1653,357,1712598145649,100.0,A door opens and the family comes in in a group and moves over to a curtained place off to one side.,4072.0
1653,358,1712598154537,39.0,Chairs creak as everybody gets settled.,8888.0
1653,359,1712598156745,83.0,"Directly, a nice blond man in a nice dark suit stands and asks us to bow our heads.",2208.0
1653,360,1712598158481,105.0,"He says a prayer for us, the living, and when he finishes, he says a prayer for the soul of the departed.",1736.0
1653,361,1712598159273,43.0,Along with the others I go past the casket.,792.0
1653,362,1712598160620,66.0,Then I move out onto the front steps and into the afternoon light.,1347.0
1653,363,1712598162308,66.0,There's a woman who limps as she goes down the stairs ahead of me.,1688.0
1653,364,1712598162924,33.0,On the sidewalk she looks around.,616.0
1653,365,1712598173037,31.0,"""Well, they got him,"" she says.",10112.0
1653,366,1712598173860,27.0,"""If that's any consolation.",823.0
1653,367,1712598174428,31.0,They arrested him this morning.,568.0
1653,368,1712598175252,38.0,I heard it on the radio before I come.,824.0
1653,369,1712598176052,26.0,"A boy right here in town.""",800.0
1653,370,1712598177276,42.0,We move a few steps down the hot sidewalk.,1224.0
1653,371,1712598178004,25.0,People are starting cars.,728.0
1653,372,1712598179028,49.0,I put out my hand and hold on to a parking meter.,1024.0
1653,373,1712598179716,36.0,Polished hoods and polished fenders.,688.0
1653,374,1712598180372,14.0,My head swims.,656.0
1653,375,1712598181821,41.0,"I say, ""They have friends, these killers.",1448.0
1653,376,1712598182340,16.0,"You can't tell.""",519.0
1653,377,1712598184101,70.0,"""I have known that child since she was a little girl,"" the woman says.",1760.0
1653,378,1712598185996,93.0,"""She used to come over and I'd bake cookies for her and let her eat them in front of the TV.""",1895.0
1653,379,1712598186499,3.0,***,503.0
1653,380,1712598188004,76.0,"Back home, Stuart sits at the table with a drink of whiskey in front of him.",1505.0
1653,381,1712598189420,57.0,For a crazy instant I think something's happened to Dean.,1416.0
1653,382,1712598189964,14.0,"""Where is he?""",544.0
1653,383,1712598190628,6.0,I say.,664.0
1653,384,1712598191132,16.0,"""Where is Dean?""",504.0
1653,385,1712598191636,27.0,"""Outside,"" my husband says.",504.0
1653,386,1712598192756,34.0,He drains his glass and stands up.,1119.0
1653,387,1712598193980,40.0,"He says, ""I think I know what you need.""",1224.0
1653,388,1712598197445,138.0,He reaches an arm around my waist and with his other hand he begins to unbutton my jacket and then he goes on to the buttons of my blouse.,3464.0
1653,389,1712598198556,30.0,"""First things first,"" he says.",1111.0
1653,390,1712598199196,23.0,He says something else.,640.0
1653,391,1712598199964,27.0,But I don't need to listen.,768.0
1653,392,1712598205532,46.0,I can't hear a thing with so much water going.,5568.0
1653,393,1712598205988,3.0,***,455.0
1647,115,1712591105665,3.0,***,2325.0
1647,116,1712591108520,37.0,My husband eats with a good appetite.,2855.0
1647,117,1712591111686,37.0,But I don't think he's really hungry.,3166.0
1647,118,1712591115223,69.0,"He chews, arms on the table, and stares at something across the room.",3537.0
1647,119,1712591118414,30.0,He looks at me and looks away.,3191.0
1647,120,1712591121035,33.0,He wipes his mouth on the napkin.,2621.0
1647,121,1712591123931,30.0,"He shrugs, and goes on eating.",2896.0
1647,122,1712591127672,42.0,"""What are you staring at me for?"" he says.",3741.0
1647,123,1712591130906,45.0,"""What is it?"" he says and lays down his fork.",3234.0
1647,124,1712591134267,42.0,"""Was I staring?"" I say, and shake my head.",3361.0
1647,125,1712591136648,20.0,The telephone rings.,2380.0
1647,126,1712591140357,27.0,"""Don't answer it,"" he says.",3709.0
1647,127,1712591143614,33.0,"""It might be your mother,"" I say.",3256.0
1647,128,1712591146596,25.0,"""Watch and see,"" he says.",2982.0
1647,129,1712591149565,34.0,I pick up the receiver and listen.,2969.0
1647,130,1712591152198,24.0,My husband stops eating.,2633.0
1647,131,1712591155653,46.0,"""What did I tell you?"" he says when I hang up.",3455.0
1647,132,1712591158968,23.0,He starts to eat again.,3315.0
1647,133,1712591162307,36.0,Then throws his napkin on his plate.,3339.0
1647,134,1712591166368,63.0,"He says, ""Goddamn it, why can't people mind their own business?",4061.0
1647,135,1712591170079,41.0,Tell me what I did wrong and I'll listen!,3711.0
1647,136,1712591173807,28.0,I wasn't the only man there.,3728.0
1647,137,1712591177439,37.0,We talked it over and we all decided.,3632.0
1647,138,1712591180620,29.0,We couldn't just turn around.,3181.0
1647,139,1712591185362,32.0,We were five miles from the car.,4742.0
1647,140,1712591188233,34.0,I won't have you passing judgment.,2871.0
1647,141,1712591191969,13.0,"Do you hear?""",3736.0
1647,142,1712591194469,18.0,"""You know,"" I say.",2500.0
1647,143,1712591198326,33.0,"He says, ""What do I know, Claire?",3856.0
1647,144,1712591200432,34.0,Tell me what I'm supposed to know.,2106.0
1647,145,1712591203634,40.0,"I don't know anything except one thing?""",3202.0
1647,146,1712591206953,48.0,He gives me what he thinks is a meaningful look.,3319.0
1647,147,1712591211325,24.0,"""She was dead,"" he says.",4372.0
1647,148,1712591214601,33.0,"""And I'm as sorry as anyone else.",3276.0
1647,149,1712591217698,18.0,"But she was dead.""",3097.0
1647,150,1712591220708,26.0,"""That's the point,"" I say.",3010.0
1647,151,1712591222990,20.0,He raises his hands.,2282.0
1647,152,1712591225042,40.0,He pushes his chair away from the table.,2052.0
1647,153,1712591228432,72.0,He takes out his cigarettes and goes out to the back with a can of beer.,3390.0
1647,154,1712591231369,64.0,I see him sit in the lawn chair and pick up the newspaper again.,2937.0
1647,155,1712591234939,39.0,His name is in there on the first page.,3570.0
1647,156,1712591237905,36.0,Along with the names of his friends.,2966.0
1647,157,1712591241427,40.0,I close my eyes and hold on to the sink.,3522.0
1647,158,1712591244722,74.0,Then I rake my arm across the drainboard and send the dishes to the floor.,3295.0
1647,159,1712591247585,16.0,He doesn't move.,2863.0
1647,160,1712591249838,18.0,I know he's heard.,2253.0
1647,161,1712591253680,40.0,He lifts his head as if still listening.,3842.0
1647,162,1712591256516,30.0,But he doesn't move otherwise.,2836.0
1647,163,1712591258270,23.0,He doesn't turn around.,1754.0
1647,164,1712591260426,3.0,***,2156.0
1647,165,1712591266177,88.0,"He and Gordon Johnson and Mel Dorn and Vern Williams, they play poker and bowl and fish.",5751.0
1647,166,1712591269638,85.0,They fish every spring and early summer before visiting relatives can get in the way.,3461.0
1647,167,1712591272611,65.0,"They are decent men, family men, men who take care of their jobs.",2973.0
1647,168,1712591276683,65.0,"They have sons and daughters who go to school with our son, Dean.",4072.0
1647,169,1712591280145,55.0,Last Friday these family men left for the Naches River.,3462.0
1647,170,1712591283863,76.0,They parked the car in the mountains and hiked to where they wanted to fish.,3718.0
1647,171,1712591287612,76.0,"They carried their bedrolls, their food, their playing cards, their whiskey.",3749.0
1647,172,1712591290134,42.0,They saw the girl before they set up camp.,2522.0
1647,173,1712591292663,19.0,Mel Dorn found her.,2529.0
1647,174,1712591294585,25.0,No clothes on her at all.,1922.0
1647,175,1712591298681,64.0,She was wedged into some branches that stuck out over the water.,4096.0
1647,176,1712591300745,43.0,He called the others and they came to look.,2064.0
1647,177,1712591302680,29.0,They talked about what to do.,1935.0
1647,178,1712591306012,82.0,One of the men - my Stuart didn't say which - said they should start back at once.,3332.0
1647,179,1712591308675,86.0,"The others stirred the sand with their shoes, said they didn't feel inclined that way.",2663.0
1647,180,1712591312450,82.0,"They pleaded fatigue, the late hour, the fact that the girl wasn't going anywhere.",3775.0
1647,181,1712591313863,47.0,In the end they went ahead and set up the camp.,1412.0
1647,182,1712591315061,42.0,They built a fire and drank their whiskey.,1198.0
1647,183,1712591316447,50.0,"When the moon came up, they talked about the girl.",1385.0
1647,184,1712591319031,59.0,Someone said they should -keep the body from drifting away.,2584.0
1647,185,1712591320775,55.0,They took their flashlights and went back to the river.,1744.0
1647,186,1712591323260,66.0,One of the men - it might have been Stuart - waded in and got her.,2485.0
1647,187,1712591325409,53.0,He took her by the fingers and pulled her into shore.,2149.0
1647,188,1712591329197,87.0,He got some nylon cord and tied it to her wrist and then looped the rest around a tree.,3788.0
1647,189,1712591332164,99.0,"The next morning they cooked breakfast, drank coffee, and drank whiskey, and then split up to fish.",2967.0
1647,190,1712591338434,182.0,"That night they cooked fish, cooked potatoes, drank coffee, drank whiskey, then took their cooking things and eating things back down to the river and washed them where the girl was.",6269.0
1647,191,1712591339974,32.0,They played some cards later on.,1540.0
1647,192,1712591344185,55.0,Maybe they played until they couldn't see them anymore.,4211.0
1647,193,1712591345988,28.0,Vern Williams went to sleep.,1803.0
1647,194,1712591347859,28.0,But the others told stories.,1871.0
1647,195,1712591351331,100.0,Gordon Johnson said the trout they'd caught were hard because of the terrible coldness of the water.,3472.0
1647,196,1712591355302,154.0,"The next morning they got up late, drank whiskey, fished a little, took down their tents, rolled their sleeping bags, gathered their stuff, and hiked out.",3970.0
1647,197,1712591357019,41.0,They drove until they got to a telephone.,1717.0
1647,198,1712591360498,86.0,It was Stuart who made the call while the others stood around in the sun and listened.,3479.0
1647,199,1712591362557,32.0,He gave the sheriff their names.,2059.0
1647,200,1712591364420,25.0,They had nothing to hide.,1863.0
1647,201,1712591365730,21.0,They weren't ashamed.,1310.0
1647,202,1712591370888,100.0,They said they'd wait until someone could come for better directions and take down their statements.,5158.0
1647,203,1712591372501,3.0,***,1613.0
1647,204,1712591374333,30.0,I was asleep when he got home.,1832.0
1647,205,1712591375661,46.0,But I woke up when I heard him in the kitchen.,1328.0
1647,206,1712591377467,64.0,I found him leaning against the refrigerator with a can of beer.,1806.0
1647,207,1712591380186,68.0,He put his heavy arms around me and rubbed his big hands on my back.,2719.0
1647,208,1712591384808,85.0,In bed he put his hands on me again and then waited as if thinking of something else.,4621.0
1647,209,1712591387536,28.0,I turned and opened my legs.,2728.0
1647,210,1712591390596,36.0,"Afterwards, I think he stayed awake.",3060.0
1647,211,1712591393180,53.0,He was up that morning before I could get out of bed.,2584.0
1647,212,1712591394721,54.0,"To see if there was something in the paper, I suppose.",1540.0
1647,213,1712591396713,46.0,The telephone began ringing right after eight.,1992.0
1647,214,1712591399103,13.0,"""Go to hell!""",2390.0
1647,215,1712591400514,18.0,I heard him shout.,1411.0
1647,216,1712591401325,31.0,The telephone rang right again.,811.0
1647,217,1712591403503,59.0,"""I have nothing to add to what I already told the sheriff!""",2178.0
1647,218,1712591404406,29.0,He slammed the receiver down.,903.0
1647,219,1712591405329,27.0,"""What is going on?"" I said.",923.0
1647,220,1712591407627,49.0,It was then that he told me what I just told you.,2298.0
1647,221,1712591408707,3.0,***,1079.0
1647,222,1712591410322,44.0,I sweep up the broken dishes and go outside.,1615.0
1647,223,1712591412926,85.0,"He is lying on his back on the grass now, the newspaper and can of beer within reach.",2604.0
1647,224,1712591418222,41.0,"""Stuart, could we go for a drive?"" I say.",5296.0
1647,225,1712591419905,30.0,He rolls over and looks at me.,1683.0
1647,226,1712591421686,37.0,"""We'll pick up some beer,"" he says...",1781.0
1647,227,1712591423961,62.0,He gets to his feet and touches me on the hip as he goes past.,2275.0
1647,228,1712591425087,28.0,"""Give me a minute,"" he says.",1126.0
1647,229,1712591426104,39.0,We drive through town without speaking.,1016.0
1647,230,1712591427369,39.0,He stops at a roadside market for beer.,1265.0
1647,231,1712591429459,54.0,I notice a great stack of papers just inside the door.,2089.0
1647,232,1712591433092,89.0,On the top step a fat woman in a print dress holds out a licorice stick to a little girl.,3633.0
1647,233,1712591435521,66.0,"Later on, we cross Everson Creek and turn into the picnic grounds.",2429.0
1647,234,1712591441715,79.0,The creek runs under the bridge and into a large pond a few hundred yards away.,6194.0
1647,235,1712591443491,28.0,I can see the men out there.,1775.0
1647,236,1712591444673,33.0,I can see them out there fishing.,1182.0
1647,237,1712591445959,31.0,So much water so close to home.,1286.0
1647,238,1712591447734,43.0,"I say, ""Why did you have to go miles away?""",1775.0
1647,239,1712591448853,25.0,"""Don't rile me,"" he says.",1119.0
1647,240,1712591450648,29.0,We sit on a bench in the sun.,1795.0
1647,241,1712591453032,25.0,He opens us cans of beer.,2384.0
1647,242,1712591453933,25.0,"He says, ""Relax, Claire.""",901.0
1647,243,1712591457914,30.0,"""They said they were innocent.",3981.0
1647,244,1712591461193,27.0,"They said they were crazy.""",3279.0
1647,245,1712591463490,15.0,"He says, ""Who?""",2297.0
1647,246,1712591465258,38.0,"He says, ""What are you talking about?""",1768.0
1647,247,1712591467219,21.0,"""The Maddox brothers.",1961.0
1647,248,1712591472141,54.0,They killed a girl named Arlene Hubly where I grew up.,4922.0
1647,249,1712591475949,60.0,They cut off her head and threw her into the Cle Elum River.,3808.0
1647,250,1712591477292,31.0,"It happened when I was a girl.""",1343.0
1647,251,1712591478532,40.0,"""You're going to get me riled,"" he says.",1240.0
1647,252,1712591479485,20.0,I look at the creek.,953.0
1647,253,1712591483306,79.0,"I'm right in it, eyes open, face down, staring at the moss on the bottom, dead.",3821.0
1647,254,1712591486236,62.0,"""I don't know what's wrong with you,"" he says on the way home.",2930.0
1647,255,1712591487465,45.0,"""You're getting me more riled by the minute.""",1229.0
1647,256,1712591488435,34.0,There is nothing I can say to him.,970.0
1647,257,1712591490539,36.0,He tries to concentrate on the road.,2104.0
1647,258,1712591493561,47.0,But he keeps looking into the rear-view mirror.,3021.0
1647,259,1712591494273,9.0,He knows.,712.0
1647,260,1712591495111,3.0,***,838.0
1647,261,1712591497873,52.0,Stuart believes he is letting me sleep this morning.,2762.0
1647,262,1712591499825,47.0,But I was awake long before the alarm went off.,1952.0
1647,263,1712591503106,74.0,"I was thinking, lying on the far side of the bed away from his hairy legs.",3281.0
1647,264,1712591504941,78.0,"He gets Dean off for school, and then he shaves, dresses, and leaves for work.",1835.0
1647,265,1712591507582,40.0,Twice he looks in and clears his throat.,2641.0
1647,266,1712591509527,26.0,But I keep my eyes closed.,1945.0
1647,267,1712591510812,38.0,In the kitchen I find a note from him.,1285.0
1647,268,1712591512314,19.0,"It's signed ""Love.""",1501.0
1647,269,1712591515937,74.0,I sit in the breakfast nook and drink coffee and leave a ring on the note.,3623.0
1647,270,1712591518709,67.0,I look at the newspaper and turn it this way and that on the table.,2772.0
1647,271,1712591524715,43.0,Then I skid it close and read what it says.,6006.0
1647,272,1712591526017,38.0,"The body has been identified, claimed.",1301.0
1647,273,1712591532432,155.0,"But it took some examining it, some putting things into it, some cutting, some weighing, some measuring, some putting things back again and sewing them in.",6415.0
1647,274,1712591533975,57.0,I sit for a long time holding the newspaper and thinking.,1543.0
1647,275,1712591538117,51.0,Then I call up to get a chair at the hairdresser's.,4142.0
1647,276,1712591539025,3.0,***,908.0
1647,277,1712591541584,75.0,I sit under the dryer with a magazine on my lap and let Marnie do my nails.,2559.0
1647,278,1712591543411,42.0,"""I am going to a funeral tomorrow,"" I say.",1827.0
1647,279,1712591544327,38.0,"""I'm sorry to hear that,"" Marnie says.",916.0
1647,280,1712591545214,25.0,"""It was a murder,"" I say.",887.0
1647,281,1712591546299,37.0,"""That's the worst kind,"" Marnie says.",1085.0
1647,282,1712591547779,35.0,"""We weren't all that close,"" I say.",1480.0
1647,283,1712591548846,15.0,"""But you know?""",1067.0
1647,284,1712591550029,45.0,"""We'll get you fixed up for it,"" Marnie says.",1183.0
1647,285,1712591554084,72.0,"That night I make my bed on the sofa, and in the morning I get up first.",4055.0
1647,286,1712591556552,50.0,I put on coffee and fix breakfast while he shaves.,2467.0
1647,287,1712591559454,76.0,"He appears in the kitchen doorway, towel over his bare shoulder, appraising.",2901.0
1647,288,1712591560690,23.0,"""Here's coffee,"" I say.",1236.0
1647,289,1712591561531,31.0,"""Eggs'll be ready in a minute.”",841.0
1647,290,1712591563162,37.0,"I wake Dean, and the three of us eat.",1631.0
1647,291,1712591568855,79.0,"Whenever Stuart looks at me, I ask Dean if he wants more milk, more toast, etc.",5693.0
1647,292,1712591570888,56.0,"""I'll call you today,"" Stuart says as he opens the door.",2033.0
1647,293,1712591572161,42.0,"I say, ""I don't think I'll be home today.""",1273.0
1647,294,1712591572915,21.0,"""All right,"" he says.",754.0
1647,295,1712591573463,7.0,"""Sure.""",548.0
1647,296,1712591574176,18.0,I dress carefully.,712.0
1647,297,1712591575333,48.0,I try on a hat and look at myself in the mirror.,1157.0
1647,298,1712591576808,28.0,I write out a note for Dean.,1475.0
1647,299,1712591578503,69.0,"Honey, Mommy has things to do this afternoon, but will be back later.",1695.0
1647,300,1712591580951,61.0,You stay in or be in the backyard until one of us comes home.,2448.0
1647,301,1712591581857,11.0,"Love, Mommy",906.0
1647,302,1712591584616,48.0,I look at the word Love and then I underline it.,2759.0
1647,303,1712591586884,29.0,Then I see the word backyard.,2268.0
1647,304,1712591588166,22.0,Is it one word or two?,1282.0
1647,305,1712591588775,3.0,***,609.0
1647,306,1712591591474,121.0,"I drive through farm country, through fields of oats and sugar beets and past apple orchards, cattle grazing in pastures.",2699.0
1647,307,1712591595294,99.0,"Then everything changes, more like shacks than farmhouses and stands of timber instead of orchards.",3820.0
1647,308,1712591597664,78.0,"Then mountains, and on the right, far below, I sometimes see the Naches River.",2370.0
1647,309,1712591599319,64.0,A green pickup comes up behind me and stays behind me for miles.,1654.0
1647,310,1712591601150,55.0,"I keep slowing at the wrong times, hoping he will pass.",1831.0
1647,311,1712591602033,16.0,Then I speed up.,883.0
1647,312,1712591603122,36.0,"But this is at the wrong times, too.",1089.0
1647,313,1712591604319,39.0,I grip the wheel until my fingers hurt.,1197.0
1647,314,1712591605781,37.0,On a long clear stretch he goes past.,1462.0
1647,315,1712591608527,73.0,"But he drives along beside for a bit, a crewcut man in a blue work shirt.",2745.0
1647,316,1712591609228,24.0,We look each other over.,701.0
1647,317,1712591610896,53.0,"Then he waves, toots his horn, and pulls on up ahead.",1668.0
1647,318,1712591611960,29.0,I slow down and find a place.,1064.0
1647,319,1712591613698,35.0,I pull over and shut off the motor.,1738.0
1647,320,1712591614828,42.0,I can hear the river down below the trees.,1130.0
1647,321,1712591616268,35.0,Then I hear the pickup coming back.,1440.0
1647,322,1712591617532,41.0,I lock the doors and roll up the windows.,1264.0
1647,323,1712591619039,30.0,"""You all right?"" the man says.",1507.0
1647,324,1712591620533,21.0,He raps on the glass.,1494.0
1647,325,1712591621823,11.0,"""You okay?""",1290.0
1647,326,1712591624044,64.0,He leans his arms on the door and brings his face to the window.,2221.0
1647,327,1712591625366,15.0,I stare at him.,1321.0
1647,328,1712591627025,30.0,I can't think what else to do.,1659.0
1647,329,1712591628466,34.0,"""Is everything all right in there?",1441.0
1647,330,1712591630404,31.0,"How come you're all locked up?""",1938.0
1647,331,1712591631799,16.0,I shake my head.,1395.0
1647,332,1712591633109,24.0,"""Roll down your window.""",1310.0
1647,333,1712591636339,64.0,He shakes his head and looks at the highway and then back at me.,3230.0
1647,334,1712591638113,19.0,"""Roll it down now.""",1774.0
1647,335,1712591639848,32.0,"""Please,"" I say, ""I have to go.""",1735.0
1647,336,1712591641934,50.0,"""Open the door,"" he says as if he isn't listening.",2086.0
1647,337,1712591644002,33.0,"""You're going to choke in there.""",2068.0
1647,338,1712591645369,32.0,"He looks at my breasts, my legs.",1367.0
1647,339,1712591646682,34.0,I can tell that's what he's doing.,1313.0
1647,340,1712591648272,22.0,"""Hey, sugar,"" he says.",1590.0
1647,341,1712591649749,31.0,"""I'm just here to help is all.""",1476.0
1647,342,1712591650856,3.0,***,1107.0
1647,343,1712591653375,52.0,The casket is closed and covered with floral sprays.,2519.0
1647,344,1712591654748,45.0,The organ starts up the minute I take a seat.,1373.0
1647,345,1712591657094,40.0,People are coming in and finding chairs.,2346.0
1647,346,1712591658978,63.0,There's a boy in flared pants and a yellow short-sleeved shirt.,1884.0
1647,347,1712591662812,100.0,A door opens and the family comes in in a group and moves over to a curtained place off to one side.,3834.0
1647,348,1712591665046,39.0,Chairs creak as everybody gets settled.,2233.0
1647,349,1712591667679,83.0,"Directly, a nice blond man in a nice dark suit stands and asks us to bow our heads.",2633.0
1647,350,1712591673418,105.0,"He says a prayer for us, the living, and when he finishes, he says a prayer for the soul of the departed.",5739.0
1647,351,1712591675055,43.0,Along with the others I go past the casket.,1637.0
1647,352,1712591676490,66.0,Then I move out onto the front steps and into the afternoon light.,1435.0
1647,353,1712591678567,66.0,There's a woman who limps as she goes down the stairs ahead of me.,2077.0
1647,354,1712591679871,33.0,On the sidewalk she looks around.,1304.0
1647,355,1712591681721,31.0,"""Well, they got him,"" she says.",1850.0
1647,356,1712591683556,27.0,"""If that's any consolation.",1835.0
1647,357,1712591684871,31.0,They arrested him this morning.,1315.0
1647,358,1712591687164,38.0,I heard it on the radio before I come.,2293.0
1647,359,1712591688794,26.0,"A boy right here in town.""",1630.0
1647,360,1712591692514,42.0,We move a few steps down the hot sidewalk.,3720.0
1647,361,1712591694462,25.0,People are starting cars.,1947.0
1647,362,1712591697941,49.0,I put out my hand and hold on to a parking meter.,3479.0
1647,363,1712591699535,36.0,Polished hoods and polished fenders.,1594.0
1647,364,1712591700499,14.0,My head swims.,963.0
1647,365,1712591703474,41.0,"I say, ""They have friends, these killers.",2975.0
1647,366,1712591705291,16.0,"You can't tell.""",1817.0
1647,367,1712591707944,70.0,"""I have known that child since she was a little girl,"" the woman says.",2653.0
1647,368,1712591711829,93.0,"""She used to come over and I'd bake cookies for her and let her eat them in front of the TV.""",3884.0
1647,369,1712591713170,3.0,***,1341.0
1647,370,1712591715308,76.0,"Back home, Stuart sits at the table with a drink of whiskey in front of him.",2138.0
1647,371,1712591717192,57.0,For a crazy instant I think something's happened to Dean.,1884.0
1647,372,1712591718067,14.0,"""Where is he?""",875.0
1647,373,1712591718873,6.0,I say.,806.0
1647,374,1712591719710,16.0,"""Where is Dean?""",837.0
1647,375,1712591720788,27.0,"""Outside,"" my husband says.",1078.0
1647,376,1712591722648,34.0,He drains his glass and stands up.,1860.0
1647,377,1712591724499,40.0,"He says, ""I think I know what you need.""",1851.0
1647,378,1712591727964,138.0,He reaches an arm around my waist and with his other hand he begins to unbutton my jacket and then he goes on to the buttons of my blouse.,3465.0
1647,379,1712591729121,30.0,"""First things first,"" he says.",1157.0
1647,380,1712591730163,23.0,He says something else.,1041.0
1647,381,1712591730893,27.0,But I don't need to listen.,730.0
1647,382,1712591732811,46.0,I can't hear a thing with so much water going.,1918.0
1647,383,1712591733645,3.0,***,834.0
1611,100,1712589778058,3.0,***,4366.0
1611,101,1712589781675,37.0,My husband eats with a good appetite.,3616.0
1611,102,1712589785032,37.0,But I don't think he's really hungry.,3357.0
1611,103,1712589789915,69.0,"He chews, arms on the table, and stares at something across the room.",4881.0
1611,104,1712589792725,30.0,He looks at me and looks away.,2810.0
1611,105,1712589795951,33.0,He wipes his mouth on the napkin.,3225.0
1611,106,1712589799530,30.0,"He shrugs, and goes on eating.",3579.0
1611,107,1712589803477,42.0,"""What are you staring at me for?"" he says.",3946.0
1611,108,1712589807071,45.0,"""What is it?"" he says and lays down his fork.",3593.0
1611,109,1712589810877,42.0,"""Was I staring?"" I say, and shake my head.",3806.0
1611,110,1712589814410,20.0,The telephone rings.,3533.0
1611,111,1712589818068,27.0,"""Don't answer it,"" he says.",3657.0
1611,112,1712589822214,33.0,"""It might be your mother,"" I say.",4146.0
1611,113,1712589825104,25.0,"""Watch and see,"" he says.",2890.0
1611,114,1712589828255,34.0,I pick up the receiver and listen.,3151.0
1611,115,1712589830461,24.0,My husband stops eating.,2206.0
1611,116,1712589833878,46.0,"""What did I tell you?"" he says when I hang up.",3417.0
1611,117,1712589836015,23.0,He starts to eat again.,2136.0
1611,118,1712589838508,36.0,Then throws his napkin on his plate.,2493.0
1611,119,1712589842475,63.0,"He says, ""Goddamn it, why can't people mind their own business?",3967.0
1611,120,1712589845611,41.0,Tell me what I did wrong and I'll listen!,3134.0
1611,121,1712589848606,28.0,I wasn't the only man there.,2995.0
1611,122,1712589851730,37.0,We talked it over and we all decided.,3124.0
1611,123,1712589854364,29.0,We couldn't just turn around.,2634.0
1611,124,1712589857594,32.0,We were five miles from the car.,3229.0
1611,125,1712589861517,34.0,I won't have you passing judgment.,3923.0
1611,126,1712589863592,13.0,"Do you hear?""",2075.0
1611,127,1712589865996,18.0,"""You know,"" I say.",2404.0
1611,128,1712589868942,33.0,"He says, ""What do I know, Claire?",2945.0
1611,129,1712589873406,34.0,Tell me what I'm supposed to know.,4463.0
1611,130,1712589875989,40.0,"I don't know anything except one thing?""",2583.0
1611,131,1712589880365,48.0,He gives me what he thinks is a meaningful look.,4376.0
1611,132,1712589883744,24.0,"""She was dead,"" he says.",3379.0
1611,133,1712589888292,33.0,"""And I'm as sorry as anyone else.",4548.0
1611,134,1712589892214,18.0,"But she was dead.""",3922.0
1611,135,1712589895617,26.0,"""That's the point,"" I say.",3403.0
1611,136,1712589898342,20.0,He raises his hands.,2725.0
1611,137,1712589902477,40.0,He pushes his chair away from the table.,4135.0
1611,138,1712589907063,72.0,He takes out his cigarettes and goes out to the back with a can of beer.,4586.0
1611,139,1712589911193,64.0,I see him sit in the lawn chair and pick up the newspaper again.,4130.0
1611,140,1712589914808,39.0,His name is in there on the first page.,3615.0
1611,141,1712589918332,36.0,Along with the names of his friends.,3523.0
1611,142,1712589922480,40.0,I close my eyes and hold on to the sink.,4147.0
1611,143,1712589926996,74.0,Then I rake my arm across the drainboard and send the dishes to the floor.,4516.0
1611,144,1712589930557,16.0,He doesn't move.,3560.0
1611,145,1712589933870,18.0,I know he's heard.,3313.0
1611,146,1712589937697,40.0,He lifts his head as if still listening.,3827.0
1611,147,1712589940846,30.0,But he doesn't move otherwise.,3149.0
1611,148,1712589944171,23.0,He doesn't turn around.,3325.0
1611,149,1712589946195,3.0,***,2024.0
1611,150,1712589954315,88.0,"He and Gordon Johnson and Mel Dorn and Vern Williams, they play poker and bowl and fish.",8120.0
1611,151,1712589958206,85.0,They fish every spring and early summer before visiting relatives can get in the way.,3890.0
1611,152,1712589961018,65.0,"They are decent men, family men, men who take care of their jobs.",2812.0
1611,153,1712589964457,65.0,"They have sons and daughters who go to school with our son, Dean.",3438.0
1611,154,1712589967589,55.0,Last Friday these family men left for the Naches River.,3132.0
1611,155,1712589972676,76.0,They parked the car in the mountains and hiked to where they wanted to fish.,5086.0
1611,156,1712589977892,76.0,"They carried their bedrolls, their food, their playing cards, their whiskey.",5215.0
1611,157,1712589981198,42.0,They saw the girl before they set up camp.,3306.0
1611,158,1712589984450,19.0,Mel Dorn found her.,3252.0
1611,159,1712589987429,25.0,No clothes on her at all.,2979.0
1611,160,1712589992600,64.0,She was wedged into some branches that stuck out over the water.,5171.0
1611,161,1712589997881,43.0,He called the others and they came to look.,5281.0
1611,162,1712590001144,29.0,They talked about what to do.,3263.0
1611,163,1712590011311,82.0,One of the men - my Stuart didn't say which - said they should start back at once.,10167.0
1611,164,1712590019147,86.0,"The others stirred the sand with their shoes, said they didn't feel inclined that way.",7836.0
1611,165,1712590024057,82.0,"They pleaded fatigue, the late hour, the fact that the girl wasn't going anywhere.",4910.0
1611,166,1712590029505,47.0,In the end they went ahead and set up the camp.,5448.0
1611,167,1712590032285,42.0,They built a fire and drank their whiskey.,2780.0
1611,168,1712590035042,50.0,"When the moon came up, they talked about the girl.",2757.0
1611,169,1712590038528,59.0,Someone said they should -keep the body from drifting away.,3486.0
1611,170,1712590042001,55.0,They took their flashlights and went back to the river.,3473.0
1611,171,1712590045167,66.0,One of the men - it might have been Stuart - waded in and got her.,3165.0
1611,172,1712590049519,53.0,He took her by the fingers and pulled her into shore.,4352.0
1611,173,1712590055699,87.0,He got some nylon cord and tied it to her wrist and then looped the rest around a tree.,6180.0
1611,174,1712590059295,99.0,"The next morning they cooked breakfast, drank coffee, and drank whiskey, and then split up to fish.",3596.0
1611,175,1712590070334,182.0,"That night they cooked fish, cooked potatoes, drank coffee, drank whiskey, then took their cooking things and eating things back down to the river and washed them where the girl was.",11039.0
1611,176,1712590072576,32.0,They played some cards later on.,2241.0
1611,177,1712590076205,55.0,Maybe they played until they couldn't see them anymore.,3629.0
1611,178,1712590077878,28.0,Vern Williams went to sleep.,1673.0
1611,179,1712590080325,28.0,But the others told stories.,2447.0
1611,180,1712590084369,100.0,Gordon Johnson said the trout they'd caught were hard because of the terrible coldness of the water.,4044.0
1611,181,1712590089956,154.0,"The next morning they got up late, drank whiskey, fished a little, took down their tents, rolled their sleeping bags, gathered their stuff, and hiked out.",5587.0
1611,182,1712590092166,41.0,They drove until they got to a telephone.,2210.0
1611,183,1712590095605,86.0,It was Stuart who made the call while the others stood around in the sun and listened.,3439.0
1611,184,1712590097988,32.0,He gave the sheriff their names.,2382.0
1611,185,1712590099754,25.0,They had nothing to hide.,1766.0
1611,186,1712590101896,21.0,They weren't ashamed.,2142.0
1611,187,1712590105549,100.0,They said they'd wait until someone could come for better directions and take down their statements.,3653.0
1611,188,1712590106640,3.0,***,1091.0
1611,189,1712590108815,30.0,I was asleep when he got home.,2175.0
1611,190,1712590111538,46.0,But I woke up when I heard him in the kitchen.,2722.0
1611,191,1712590114716,64.0,I found him leaning against the refrigerator with a can of beer.,3178.0
1611,192,1712590117314,68.0,He put his heavy arms around me and rubbed his big hands on my back.,2597.0
1611,193,1712590121383,85.0,In bed he put his hands on me again and then waited as if thinking of something else.,4069.0
1611,194,1712590123503,28.0,I turned and opened my legs.,2120.0
1611,195,1712590126330,36.0,"Afterwards, I think he stayed awake.",2827.0
1611,196,1712590128630,53.0,He was up that morning before I could get out of bed.,2300.0
1611,197,1712590131127,54.0,"To see if there was something in the paper, I suppose.",2496.0
1611,198,1712590134492,46.0,The telephone began ringing right after eight.,3365.0
1611,199,1712590135974,13.0,"""Go to hell!""",1482.0
1611,200,1712590137598,18.0,I heard him shout.,1624.0
1611,201,1712590139445,31.0,The telephone rang right again.,1847.0
1611,202,1712590142510,59.0,"""I have nothing to add to what I already told the sheriff!""",3065.0
1611,203,1712590144988,29.0,He slammed the receiver down.,2478.0
1611,204,1712590146516,27.0,"""What is going on?"" I said.",1527.0
1611,205,1712590148536,49.0,It was then that he told me what I just told you.,2019.0
1611,206,1712590149567,3.0,***,1031.0
1611,207,1712590151695,44.0,I sweep up the broken dishes and go outside.,2128.0
1611,208,1712590154893,85.0,"He is lying on his back on the grass now, the newspaper and can of beer within reach.",3198.0
1611,209,1712590156970,41.0,"""Stuart, could we go for a drive?"" I say.",2075.0
1611,210,1712590159003,30.0,He rolls over and looks at me.,2033.0
1611,211,1712590161158,37.0,"""We'll pick up some beer,"" he says...",2155.0
1611,212,1712590163817,62.0,He gets to his feet and touches me on the hip as he goes past.,2658.0
1611,213,1712590165774,28.0,"""Give me a minute,"" he says.",1957.0
1611,214,1712590167776,39.0,We drive through town without speaking.,2002.0
1611,215,1712590169560,39.0,He stops at a roadside market for beer.,1784.0
1611,216,1712590171889,54.0,I notice a great stack of papers just inside the door.,2329.0
1611,217,1712590176155,89.0,On the top step a fat woman in a print dress holds out a licorice stick to a little girl.,4266.0
1611,218,1712590178745,66.0,"Later on, we cross Everson Creek and turn into the picnic grounds.",2590.0
1611,219,1712590182299,79.0,The creek runs under the bridge and into a large pond a few hundred yards away.,3554.0
1611,220,1712590184203,28.0,I can see the men out there.,1903.0
1611,221,1712590186403,33.0,I can see them out there fishing.,2199.0
1611,222,1712590188352,31.0,So much water so close to home.,1949.0
1611,223,1712590190892,43.0,"I say, ""Why did you have to go miles away?""",2539.0
1611,224,1712590193134,25.0,"""Don't rile me,"" he says.",2242.0
1611,225,1712590195217,29.0,We sit on a bench in the sun.,2082.0
1611,226,1712590197186,25.0,He opens us cans of beer.,1969.0
1611,227,1712590198645,25.0,"He says, ""Relax, Claire.""",1459.0
1611,228,1712590200870,30.0,"""They said they were innocent.",2224.0
1611,229,1712590203501,27.0,"They said they were crazy.""",2631.0
1611,230,1712590205258,15.0,"He says, ""Who?""",1756.0
1611,231,1712590207370,38.0,"He says, ""What are you talking about?""",2112.0
1611,232,1712590210068,21.0,"""The Maddox brothers.",2698.0
1611,233,1712590214270,54.0,They killed a girl named Arlene Hubly where I grew up.,4202.0
1611,234,1712590217411,60.0,They cut off her head and threw her into the Cle Elum River.,3141.0
1611,235,1712590219269,31.0,"It happened when I was a girl.""",1858.0
1611,236,1712590221198,40.0,"""You're going to get me riled,"" he says.",1929.0
1611,237,1712590222692,20.0,I look at the creek.,1494.0
1611,238,1712590228659,79.0,"I'm right in it, eyes open, face down, staring at the moss on the bottom, dead.",5967.0
1611,239,1712590230654,62.0,"""I don't know what's wrong with you,"" he says on the way home.",1994.0
1611,240,1712590232445,45.0,"""You're getting me more riled by the minute.""",1791.0
1611,241,1712590234547,34.0,There is nothing I can say to him.,2101.0
1611,242,1712590236499,36.0,He tries to concentrate on the road.,1952.0
1611,243,1712590238682,47.0,But he keeps looking into the rear-view mirror.,2183.0
1611,244,1712590239828,9.0,He knows.,1146.0
1611,245,1712590240820,3.0,***,992.0
1611,246,1712590244183,52.0,Stuart believes he is letting me sleep this morning.,3363.0
1611,247,1712590246014,47.0,But I was awake long before the alarm went off.,1831.0
1611,248,1712590249114,74.0,"I was thinking, lying on the far side of the bed away from his hairy legs.",3100.0
1611,249,1712590253630,78.0,"He gets Dean off for school, and then he shaves, dresses, and leaves for work.",4516.0
1611,250,1712590255626,40.0,Twice he looks in and clears his throat.,1996.0
1611,251,1712590257871,26.0,But I keep my eyes closed.,2244.0
1611,252,1712590259987,38.0,In the kitchen I find a note from him.,2116.0
1611,253,1712590262378,19.0,"It's signed ""Love.""",2391.0
1611,254,1712590265990,74.0,I sit in the breakfast nook and drink coffee and leave a ring on the note.,3612.0
1611,255,1712590269429,67.0,I look at the newspaper and turn it this way and that on the table.,3439.0
1611,256,1712590271803,43.0,Then I skid it close and read what it says.,2374.0
1611,257,1712590273449,38.0,"The body has been identified, claimed.",1645.0
1611,258,1712590280631,155.0,"But it took some examining it, some putting things into it, some cutting, some weighing, some measuring, some putting things back again and sewing them in.",7182.0
1611,259,1712590282619,57.0,I sit for a long time holding the newspaper and thinking.,1988.0
1611,260,1712590284826,51.0,Then I call up to get a chair at the hairdresser's.,2207.0
1611,261,1712590285593,3.0,***,767.0
1611,262,1712590288583,75.0,I sit under the dryer with a magazine on my lap and let Marnie do my nails.,2989.0
1611,263,1712590290864,42.0,"""I am going to a funeral tomorrow,"" I say.",2281.0
1611,264,1712590292542,38.0,"""I'm sorry to hear that,"" Marnie says.",1677.0
1611,265,1712590294414,25.0,"""It was a murder,"" I say.",1872.0
1611,266,1712590295979,37.0,"""That's the worst kind,"" Marnie says.",1565.0
1611,267,1712590297515,35.0,"""We weren't all that close,"" I say.",1536.0
1611,268,1712590298736,15.0,"""But you know?""",1221.0
1611,269,1712590300556,45.0,"""We'll get you fixed up for it,"" Marnie says.",1820.0
1611,270,1712590303538,72.0,"That night I make my bed on the sofa, and in the morning I get up first.",2982.0
1611,271,1712590306032,50.0,I put on coffee and fix breakfast while he shaves.,2494.0
1611,272,1712590309676,76.0,"He appears in the kitchen doorway, towel over his bare shoulder, appraising.",3644.0
1611,273,1712590311382,23.0,"""Here's coffee,"" I say.",1706.0
1611,274,1712590313138,31.0,"""Eggs'll be ready in a minute.”",1755.0
1611,275,1712590314841,37.0,"I wake Dean, and the three of us eat.",1703.0
1611,276,1712590317935,79.0,"Whenever Stuart looks at me, I ask Dean if he wants more milk, more toast, etc.",3094.0
1611,277,1712590320216,56.0,"""I'll call you today,"" Stuart says as he opens the door.",2281.0
1611,278,1712590322376,42.0,"I say, ""I don't think I'll be home today.""",2160.0
1611,279,1712590324008,21.0,"""All right,"" he says.",1632.0
1611,280,1712590325430,7.0,"""Sure.""",1421.0
1611,281,1712590326801,18.0,I dress carefully.,1371.0
1611,282,1712590328953,48.0,I try on a hat and look at myself in the mirror.,2152.0
1611,283,1712590330540,28.0,I write out a note for Dean.,1587.0
1611,284,1712590333082,69.0,"Honey, Mommy has things to do this afternoon, but will be back later.",2542.0
1611,285,1712590335405,61.0,You stay in or be in the backyard until one of us comes home.,2323.0
1611,286,1712590336559,11.0,"Love, Mommy",1154.0
1611,287,1712590338595,48.0,I look at the word Love and then I underline it.,2036.0
1611,288,1712590341192,29.0,Then I see the word backyard.,2597.0
1611,289,1712590343875,22.0,Is it one word or two?,2683.0
1611,290,1712590344507,3.0,***,632.0
1611,291,1712590349805,121.0,"I drive through farm country, through fields of oats and sugar beets and past apple orchards, cattle grazing in pastures.",5298.0
1611,292,1712590353790,99.0,"Then everything changes, more like shacks than farmhouses and stands of timber instead of orchards.",3984.0
1611,293,1712590358018,78.0,"Then mountains, and on the right, far below, I sometimes see the Naches River.",4228.0
1611,294,1712590360472,64.0,A green pickup comes up behind me and stays behind me for miles.,2453.0
1611,295,1712590362286,55.0,"I keep slowing at the wrong times, hoping he will pass.",1814.0
1611,296,1712590363589,16.0,Then I speed up.,1303.0
1611,297,1712590365529,36.0,"But this is at the wrong times, too.",1940.0
1611,298,1712590367340,39.0,I grip the wheel until my fingers hurt.,1811.0
1611,299,1712590368805,37.0,On a long clear stretch he goes past.,1465.0
1611,300,1712590371279,73.0,"But he drives along beside for a bit, a crewcut man in a blue work shirt.",2474.0
1611,301,1712590372484,24.0,We look each other over.,1205.0
1611,302,1712590374847,53.0,"Then he waves, toots his horn, and pulls on up ahead.",2362.0
1611,303,1712590376506,29.0,I slow down and find a place.,1659.0
1611,304,1712590378014,35.0,I pull over and shut off the motor.,1508.0
1611,305,1712590379449,42.0,I can hear the river down below the trees.,1435.0
1611,306,1712590381540,35.0,Then I hear the pickup coming back.,2091.0
1611,307,1712590382891,41.0,I lock the doors and roll up the windows.,1349.0
1611,308,1712590384285,30.0,"""You all right?"" the man says.",1394.0
1611,309,1712590386546,21.0,He raps on the glass.,2261.0
1611,310,1712590387703,11.0,"""You okay?""",1157.0
1611,311,1712590389836,64.0,He leans his arms on the door and brings his face to the window.,2133.0
1611,312,1712590390843,15.0,I stare at him.,1006.0
1611,313,1712590392333,30.0,I can't think what else to do.,1490.0
1611,314,1712590393556,34.0,"""Is everything all right in there?",1223.0
1611,315,1712590394943,31.0,"How come you're all locked up?""",1387.0
1611,316,1712590395978,16.0,I shake my head.,1035.0
1611,317,1712590397039,24.0,"""Roll down your window.""",1061.0
1611,318,1712590399859,64.0,He shakes his head and looks at the highway and then back at me.,2820.0
1611,319,1712590401005,19.0,"""Roll it down now.""",1146.0
1611,320,1712590402554,32.0,"""Please,"" I say, ""I have to go.""",1549.0
1611,321,1712590404955,50.0,"""Open the door,"" he says as if he isn't listening.",2401.0
1611,322,1712590406844,33.0,"""You're going to choke in there.""",1889.0
1611,323,1712590409189,32.0,"He looks at my breasts, my legs.",2345.0
1611,324,1712590410989,34.0,I can tell that's what he's doing.,1800.0
1611,325,1712590412241,22.0,"""Hey, sugar,"" he says.",1251.0
1611,326,1712590413629,31.0,"""I'm just here to help is all.""",1387.0
1611,327,1712590414326,3.0,***,697.0
1611,328,1712590416963,52.0,The casket is closed and covered with floral sprays.,2637.0
1611,329,1712590418785,45.0,The organ starts up the minute I take a seat.,1822.0
1611,330,1712590420620,40.0,People are coming in and finding chairs.,1835.0
1611,331,1712590423070,63.0,There's a boy in flared pants and a yellow short-sleeved shirt.,2450.0
1611,332,1712590427777,100.0,A door opens and the family comes in in a group and moves over to a curtained place off to one side.,4707.0
1611,333,1712590429483,39.0,Chairs creak as everybody gets settled.,1705.0
1611,334,1712590432141,83.0,"Directly, a nice blond man in a nice dark suit stands and asks us to bow our heads.",2658.0
1611,335,1712590436833,105.0,"He says a prayer for us, the living, and when he finishes, he says a prayer for the soul of the departed.",4691.0
1611,336,1712590438183,43.0,Along with the others I go past the casket.,1349.0
1611,337,1712590440497,66.0,Then I move out onto the front steps and into the afternoon light.,2314.0
1611,338,1712590442830,66.0,There's a woman who limps as she goes down the stairs ahead of me.,2332.0
1611,339,1712590444284,33.0,On the sidewalk she looks around.,1454.0
1611,340,1712590445859,31.0,"""Well, they got him,"" she says.",1574.0
1611,341,1712590447369,27.0,"""If that's any consolation.",1510.0
1611,342,1712590448933,31.0,They arrested him this morning.,1564.0
1611,343,1712590450422,38.0,I heard it on the radio before I come.,1489.0
1611,344,1712590451940,26.0,"A boy right here in town.""",1518.0
1611,345,1712590453618,42.0,We move a few steps down the hot sidewalk.,1677.0
1611,346,1712590455071,25.0,People are starting cars.,1453.0
1611,347,1712590457077,49.0,I put out my hand and hold on to a parking meter.,2006.0
1611,348,1712590459143,36.0,Polished hoods and polished fenders.,2066.0
1611,349,1712590460164,14.0,My head swims.,1021.0
1611,350,1712590462688,41.0,"I say, ""They have friends, these killers.",2524.0
1611,351,1712590464048,16.0,"You can't tell.""",1360.0
1611,352,1712590467004,70.0,"""I have known that child since she was a little girl,"" the woman says.",2955.0
1611,353,1712590471752,93.0,"""She used to come over and I'd bake cookies for her and let her eat them in front of the TV.""",4747.0
1611,354,1712590472439,3.0,***,687.0
1611,355,1712590474937,76.0,"Back home, Stuart sits at the table with a drink of whiskey in front of him.",2498.0
1611,356,1712590477271,57.0,For a crazy instant I think something's happened to Dean.,2334.0
1611,357,1712590478151,14.0,"""Where is he?""",880.0
1611,358,1712590478912,6.0,I say.,761.0
1611,359,1712590479645,16.0,"""Where is Dean?""",732.0
1611,360,1712590480552,27.0,"""Outside,"" my husband says.",907.0
1611,361,1712590481837,34.0,He drains his glass and stands up.,1284.0
1611,362,1712590483558,40.0,"He says, ""I think I know what you need.""",1721.0
1611,363,1712590487290,138.0,He reaches an arm around my waist and with his other hand he begins to unbutton my jacket and then he goes on to the buttons of my blouse.,3731.0
1611,364,1712590488739,30.0,"""First things first,"" he says.",1449.0
1611,365,1712590489643,23.0,He says something else.,904.0
1611,366,1712590490783,27.0,But I don't need to listen.,1140.0
1611,367,1712590493143,46.0,I can't hear a thing with so much water going.,2360.0
1611,368,1712590493848,3.0,***,705.0
1675,83,1712619506847,3.0,***,4820.0
1675,84,1712619511903,37.0,My husband eats with a good appetite.,5056.0
1675,85,1712619515966,37.0,But I don't think he's really hungry.,4063.0
1675,86,1712619521413,69.0,"He chews, arms on the table, and stares at something across the room.",5447.0
1675,87,1712619524629,30.0,He looks at me and looks away.,3216.0
1675,88,1712619526823,33.0,He wipes his mouth on the napkin.,2194.0
1675,89,1712619530204,30.0,"He shrugs, and goes on eating.",3381.0
1675,90,1712619533391,42.0,"""What are you staring at me for?"" he says.",3187.0
1675,91,1712619535435,45.0,"""What is it?"" he says and lays down his fork.",2044.0
1675,92,1712619538815,42.0,"""Was I staring?"" I say, and shake my head.",3379.0
1675,93,1712619540604,20.0,The telephone rings.,1789.0
1675,94,1712619542677,27.0,"""Don't answer it,"" he says.",2073.0
1675,95,1712619545068,33.0,"""It might be your mother,"" I say.",2390.0
1675,96,1712619547410,25.0,"""Watch and see,"" he says.",2342.0
1675,97,1712619549342,34.0,I pick up the receiver and listen.,1931.0
1675,98,1712619550450,24.0,My husband stops eating.,1107.0
1675,99,1712619553763,46.0,"""What did I tell you?"" he says when I hang up.",3313.0
1675,100,1712619557486,23.0,He starts to eat again.,3723.0
1675,101,1712619560121,36.0,Then throws his napkin on his plate.,2635.0
1675,102,1712619563374,63.0,"He says, ""Goddamn it, why can't people mind their own business?",3253.0
1675,103,1712619565786,41.0,Tell me what I did wrong and I'll listen!,2412.0
1675,104,1712619570814,28.0,I wasn't the only man there.,5028.0
1675,105,1712619572717,37.0,We talked it over and we all decided.,1903.0
1675,106,1712619575750,29.0,We couldn't just turn around.,3032.0
1675,107,1712619578683,32.0,We were five miles from the car.,2933.0
1675,108,1712619581035,34.0,I won't have you passing judgment.,2352.0
1675,109,1712619584242,13.0,"Do you hear?""",3207.0
1675,110,1712619586816,18.0,"""You know,"" I say.",2574.0
1675,111,1712619589569,33.0,"He says, ""What do I know, Claire?",2753.0
1675,112,1712619591364,34.0,Tell me what I'm supposed to know.,1795.0
1675,113,1712619593293,40.0,"I don't know anything except one thing?""",1929.0
1675,114,1712619596395,48.0,He gives me what he thinks is a meaningful look.,3102.0
1675,115,1712619598895,24.0,"""She was dead,"" he says.",2499.0
1675,116,1712619602424,33.0,"""And I'm as sorry as anyone else.",3529.0
1675,117,1712619604035,18.0,"But she was dead.""",1610.0
1675,118,1712619605720,26.0,"""That's the point,"" I say.",1685.0
1675,119,1712619606890,20.0,He raises his hands.,1170.0
1675,120,1712619608161,40.0,He pushes his chair away from the table.,1271.0
1675,121,1712619610530,72.0,He takes out his cigarettes and goes out to the back with a can of beer.,2369.0
1675,122,1712619613024,64.0,I see him sit in the lawn chair and pick up the newspaper again.,2494.0
1675,123,1712619615582,39.0,His name is in there on the first page.,2558.0
1675,124,1712619617125,36.0,Along with the names of his friends.,1542.0
1675,125,1712619619884,40.0,I close my eyes and hold on to the sink.,2759.0
1675,126,1712619624640,74.0,Then I rake my arm across the drainboard and send the dishes to the floor.,4755.0
1675,127,1712619626097,16.0,He doesn't move.,1457.0
1675,128,1712619627144,18.0,I know he's heard.,1047.0
1675,129,1712619628514,40.0,He lifts his head as if still listening.,1370.0
1675,130,1712619629622,30.0,But he doesn't move otherwise.,1108.0
1675,131,1712619631590,23.0,He doesn't turn around.,1968.0
1675,132,1712619633323,3.0,***,1733.0
1675,133,1712619639005,88.0,"He and Gordon Johnson and Mel Dorn and Vern Williams, they play poker and bowl and fish.",5681.0
1675,134,1712619644685,85.0,They fish every spring and early summer before visiting relatives can get in the way.,5680.0
1675,135,1712619646900,65.0,"They are decent men, family men, men who take care of their jobs.",2215.0
1675,136,1712619649856,65.0,"They have sons and daughters who go to school with our son, Dean.",2956.0
1675,137,1712619653903,55.0,Last Friday these family men left for the Naches River.,4047.0
1675,138,1712619657713,76.0,They parked the car in the mountains and hiked to where they wanted to fish.,3810.0
1675,139,1712619660371,76.0,"They carried their bedrolls, their food, their playing cards, their whiskey.",2658.0
1675,140,1712619662954,42.0,They saw the girl before they set up camp.,2583.0
1675,141,1712619665267,19.0,Mel Dorn found her.,2313.0
1675,142,1712619667334,25.0,No clothes on her at all.,2066.0
1675,143,1712619669914,64.0,She was wedged into some branches that stuck out over the water.,2580.0
1675,144,1712619672702,43.0,He called the others and they came to look.,2788.0
1675,145,1712619675248,29.0,They talked about what to do.,2546.0
1675,146,1712619679539,82.0,One of the men - my Stuart didn't say which - said they should start back at once.,4291.0
1675,147,1712619683346,86.0,"The others stirred the sand with their shoes, said they didn't feel inclined that way.",3807.0
1675,148,1712619688531,82.0,"They pleaded fatigue, the late hour, the fact that the girl wasn't going anywhere.",5184.0
1675,149,1712619691197,47.0,In the end they went ahead and set up the camp.,2666.0
1675,150,1712619692844,42.0,They built a fire and drank their whiskey.,1647.0
1675,151,1712619694684,50.0,"When the moon came up, they talked about the girl.",1840.0
1675,152,1712619698153,59.0,Someone said they should -keep the body from drifting away.,3469.0
1675,153,1712619699957,55.0,They took their flashlights and went back to the river.,1803.0
1675,154,1712619702242,66.0,One of the men - it might have been Stuart - waded in and got her.,2285.0
1675,155,1712619704116,53.0,He took her by the fingers and pulled her into shore.,1874.0
1675,156,1712619709174,87.0,He got some nylon cord and tied it to her wrist and then looped the rest around a tree.,5058.0
1675,157,1712619711407,99.0,"The next morning they cooked breakfast, drank coffee, and drank whiskey, and then split up to fish.",2233.0
1675,158,1712619720904,182.0,"That night they cooked fish, cooked potatoes, drank coffee, drank whiskey, then took their cooking things and eating things back down to the river and washed them where the girl was.",9497.0
1675,159,1712619722091,32.0,They played some cards later on.,1186.0
1675,160,1712619724694,55.0,Maybe they played until they couldn't see them anymore.,2603.0
1675,161,1712619729560,28.0,Vern Williams went to sleep.,4866.0
1675,162,1712619731839,28.0,But the others told stories.,2279.0
1675,163,1712619741470,100.0,Gordon Johnson said the trout they'd caught were hard because of the terrible coldness of the water.,9630.0
1675,164,1712619749133,154.0,"The next morning they got up late, drank whiskey, fished a little, took down their tents, rolled their sleeping bags, gathered their stuff, and hiked out.",7663.0
1675,165,1712619750823,41.0,They drove until they got to a telephone.,1690.0
1675,166,1712619754237,86.0,It was Stuart who made the call while the others stood around in the sun and listened.,3414.0
1675,167,1712619756241,32.0,He gave the sheriff their names.,2004.0
1675,168,1712619757767,25.0,They had nothing to hide.,1526.0
1675,169,1712619759741,21.0,They weren't ashamed.,1974.0
1675,170,1712619763240,100.0,They said they'd wait until someone could come for better directions and take down their statements.,3499.0
1675,171,1712619764096,3.0,***,856.0
1675,172,1712619765610,30.0,I was asleep when he got home.,1514.0
1675,173,1712619767530,46.0,But I woke up when I heard him in the kitchen.,1920.0
1675,174,1712619769464,64.0,I found him leaning against the refrigerator with a can of beer.,1933.0
1675,175,1712619771983,68.0,He put his heavy arms around me and rubbed his big hands on my back.,2519.0
1675,176,1712619776463,85.0,In bed he put his hands on me again and then waited as if thinking of something else.,4480.0
1675,177,1712619777696,28.0,I turned and opened my legs.,1233.0
1675,178,1712619778784,36.0,"Afterwards, I think he stayed awake.",1088.0
1675,179,1712619780949,53.0,He was up that morning before I could get out of bed.,2165.0
1675,180,1712619783087,54.0,"To see if there was something in the paper, I suppose.",2138.0
1675,181,1712619786846,46.0,The telephone began ringing right after eight.,3759.0
1675,182,1712619787992,13.0,"""Go to hell!""",1146.0
1675,183,1712619788814,18.0,I heard him shout.,822.0
1675,184,1712619790017,31.0,The telephone rang right again.,1202.0
1675,185,1712619792777,59.0,"""I have nothing to add to what I already told the sheriff!""",2760.0
1675,186,1712619793985,29.0,He slammed the receiver down.,1208.0
1675,187,1712619795214,27.0,"""What is going on?"" I said.",1229.0
1675,188,1712619798664,49.0,It was then that he told me what I just told you.,3450.0
1675,189,1712619799599,3.0,***,935.0
1675,190,1712619801479,44.0,I sweep up the broken dishes and go outside.,1880.0
1675,191,1712619804767,85.0,"He is lying on his back on the grass now, the newspaper and can of beer within reach.",3288.0
1675,192,1712619807046,41.0,"""Stuart, could we go for a drive?"" I say.",2278.0
1675,193,1712619813702,30.0,He rolls over and looks at me.,6655.0
1675,194,1712619815373,37.0,"""We'll pick up some beer,"" he says...",1671.0
1675,195,1712619817819,62.0,He gets to his feet and touches me on the hip as he goes past.,2446.0
1675,196,1712619818817,28.0,"""Give me a minute,"" he says.",998.0
1675,197,1712619820312,39.0,We drive through town without speaking.,1495.0
1675,198,1712619823377,39.0,He stops at a roadside market for beer.,3065.0
1675,199,1712619828631,54.0,I notice a great stack of papers just inside the door.,5253.0
1675,200,1712619834135,89.0,On the top step a fat woman in a print dress holds out a licorice stick to a little girl.,5504.0
1675,201,1712619837078,66.0,"Later on, we cross Everson Creek and turn into the picnic grounds.",2941.0
1675,202,1712619843294,79.0,The creek runs under the bridge and into a large pond a few hundred yards away.,6216.0
1675,203,1712619844500,28.0,I can see the men out there.,1206.0
1675,204,1712619845626,33.0,I can see them out there fishing.,1126.0
1675,205,1712619846794,31.0,So much water so close to home.,1167.0
1675,206,1712619850258,43.0,"I say, ""Why did you have to go miles away?""",3464.0
1675,207,1712619851453,25.0,"""Don't rile me,"" he says.",1195.0
1675,208,1712619853437,29.0,We sit on a bench in the sun.,1984.0
1675,209,1712619856272,25.0,He opens us cans of beer.,2835.0
1675,210,1712619857373,25.0,"He says, ""Relax, Claire.""",1100.0
1675,211,1712619859685,30.0,"""They said they were innocent.",2312.0
1675,212,1712619860714,27.0,"They said they were crazy.""",1029.0
1675,213,1712619863445,15.0,"He says, ""Who?""",2731.0
1675,214,1712619864860,38.0,"He says, ""What are you talking about?""",1415.0
1675,215,1712619865865,21.0,"""The Maddox brothers.",1005.0
1675,216,1712619868315,54.0,They killed a girl named Arlene Hubly where I grew up.,2450.0
1675,217,1712619871028,60.0,They cut off her head and threw her into the Cle Elum River.,2713.0
1675,218,1712619872621,31.0,"It happened when I was a girl.""",1592.0
1675,219,1712619874503,40.0,"""You're going to get me riled,"" he says.",1882.0
1675,220,1712619875318,20.0,I look at the creek.,815.0
1675,221,1712619879220,79.0,"I'm right in it, eyes open, face down, staring at the moss on the bottom, dead.",3902.0
1675,222,1712619881462,62.0,"""I don't know what's wrong with you,"" he says on the way home.",2242.0
1675,223,1712619883316,45.0,"""You're getting me more riled by the minute.""",1854.0
1675,224,1712619884416,34.0,There is nothing I can say to him.,1100.0
1675,225,1712619889134,36.0,He tries to concentrate on the road.,4717.0
1675,226,1712619893219,47.0,But he keeps looking into the rear-view mirror.,4085.0
1675,227,1712619894555,9.0,He knows.,1336.0
1675,228,1712619895278,3.0,***,723.0
1675,229,1712619897463,52.0,Stuart believes he is letting me sleep this morning.,2185.0
1675,230,1712619900319,47.0,But I was awake long before the alarm went off.,2856.0
1675,231,1712619903162,74.0,"I was thinking, lying on the far side of the bed away from his hairy legs.",2843.0
1675,232,1712619907381,78.0,"He gets Dean off for school, and then he shaves, dresses, and leaves for work.",4219.0
1675,233,1712619909864,40.0,Twice he looks in and clears his throat.,2483.0
1675,234,1712619911381,26.0,But I keep my eyes closed.,1517.0
1675,235,1712619912985,38.0,In the kitchen I find a note from him.,1603.0
1675,236,1712619913916,19.0,"It's signed ""Love.""",931.0
1675,237,1712619917385,74.0,I sit in the breakfast nook and drink coffee and leave a ring on the note.,3469.0
1675,238,1712619920150,67.0,I look at the newspaper and turn it this way and that on the table.,2765.0
1675,239,1712619921848,43.0,Then I skid it close and read what it says.,1698.0
1675,240,1712619923296,38.0,"The body has been identified, claimed.",1448.0
1675,241,1712619928144,155.0,"But it took some examining it, some putting things into it, some cutting, some weighing, some measuring, some putting things back again and sewing them in.",4848.0
1675,242,1712619930858,57.0,I sit for a long time holding the newspaper and thinking.,2714.0
1675,243,1712619933590,51.0,Then I call up to get a chair at the hairdresser's.,2732.0
1675,244,1712619934319,3.0,***,729.0
1675,245,1712619938521,75.0,I sit under the dryer with a magazine on my lap and let Marnie do my nails.,4202.0
1675,246,1712619940865,42.0,"""I am going to a funeral tomorrow,"" I say.",2343.0
1675,247,1712619942151,38.0,"""I'm sorry to hear that,"" Marnie says.",1285.0
1675,248,1712619943748,25.0,"""It was a murder,"" I say.",1597.0
1675,249,1712619945012,37.0,"""That's the worst kind,"" Marnie says.",1264.0
1675,250,1712619946176,35.0,"""We weren't all that close,"" I say.",1164.0
1675,251,1712619947285,15.0,"""But you know?""",1109.0
1675,252,1712619948730,45.0,"""We'll get you fixed up for it,"" Marnie says.",1445.0
1675,253,1712619952129,72.0,"That night I make my bed on the sofa, and in the morning I get up first.",3399.0
1675,254,1712619954242,50.0,I put on coffee and fix breakfast while he shaves.,2113.0
1675,255,1712619957716,76.0,"He appears in the kitchen doorway, towel over his bare shoulder, appraising.",3474.0
1675,256,1712619958704,23.0,"""Here's coffee,"" I say.",988.0
1675,257,1712619960120,31.0,"""Eggs'll be ready in a minute.”",1416.0
1675,258,1712619961619,37.0,"I wake Dean, and the three of us eat.",1499.0
1675,259,1712619963851,79.0,"Whenever Stuart looks at me, I ask Dean if he wants more milk, more toast, etc.",2231.0
1675,260,1712619968083,56.0,"""I'll call you today,"" Stuart says as he opens the door.",4232.0
1675,261,1712619969484,42.0,"I say, ""I don't think I'll be home today.""",1401.0
1675,262,1712619970619,21.0,"""All right,"" he says.",1135.0
1675,263,1712619971506,7.0,"""Sure.""",887.0
1675,264,1712619972267,18.0,I dress carefully.,761.0
1675,265,1712619973948,48.0,I try on a hat and look at myself in the mirror.,1681.0
1675,266,1712619974886,28.0,I write out a note for Dean.,938.0
1675,267,1712619977219,69.0,"Honey, Mommy has things to do this afternoon, but will be back later.",2333.0
1675,268,1712619979842,61.0,You stay in or be in the backyard until one of us comes home.,2623.0
1675,269,1712619980756,11.0,"Love, Mommy",914.0
1675,270,1712619982463,48.0,I look at the word Love and then I underline it.,1707.0
1675,271,1712619984266,29.0,Then I see the word backyard.,1803.0
1675,272,1712619986247,22.0,Is it one word or two?,1980.0
1675,273,1712619986987,3.0,***,740.0
1675,274,1712619992664,121.0,"I drive through farm country, through fields of oats and sugar beets and past apple orchards, cattle grazing in pastures.",5677.0
1675,275,1712619997518,99.0,"Then everything changes, more like shacks than farmhouses and stands of timber instead of orchards.",4854.0
1675,276,1712620000821,78.0,"Then mountains, and on the right, far below, I sometimes see the Naches River.",3303.0
1675,277,1712620003384,64.0,A green pickup comes up behind me and stays behind me for miles.,2563.0
1675,278,1712620004943,55.0,"I keep slowing at the wrong times, hoping he will pass.",1559.0
1675,279,1712620005984,16.0,Then I speed up.,1041.0
1675,280,1712620008047,36.0,"But this is at the wrong times, too.",2063.0
1675,281,1712620009428,39.0,I grip the wheel until my fingers hurt.,1381.0
1675,282,1712620011492,37.0,On a long clear stretch he goes past.,2063.0
1675,283,1712620015690,73.0,"But he drives along beside for a bit, a crewcut man in a blue work shirt.",4197.0
1675,284,1712620017342,24.0,We look each other over.,1652.0
1675,285,1712620019225,53.0,"Then he waves, toots his horn, and pulls on up ahead.",1883.0
1675,286,1712620020600,29.0,I slow down and find a place.,1374.0
1675,287,1712620021861,35.0,I pull over and shut off the motor.,1261.0
1675,288,1712620023176,42.0,I can hear the river down below the trees.,1315.0
1675,289,1712620024131,35.0,Then I hear the pickup coming back.,955.0
1675,290,1712620025510,41.0,I lock the doors and roll up the windows.,1379.0
1675,291,1712620026595,30.0,"""You all right?"" the man says.",1085.0
1675,292,1712620027787,21.0,He raps on the glass.,1192.0
1675,293,1712620029169,11.0,"""You okay?""",1382.0
1675,294,1712620031536,64.0,He leans his arms on the door and brings his face to the window.,2366.0
1675,295,1712620032410,15.0,I stare at him.,874.0
1675,296,1712620033831,30.0,I can't think what else to do.,1421.0
1675,297,1712620034940,34.0,"""Is everything all right in there?",1109.0
1675,298,1712620036067,31.0,"How come you're all locked up?""",1127.0
1675,299,1712620036915,16.0,I shake my head.,847.0
1675,300,1712620037874,24.0,"""Roll down your window.""",959.0
1675,301,1712620040437,64.0,He shakes his head and looks at the highway and then back at me.,2563.0
1675,302,1712620042083,19.0,"""Roll it down now.""",1646.0
1675,303,1712620044161,32.0,"""Please,"" I say, ""I have to go.""",2078.0
1675,304,1712620046195,50.0,"""Open the door,"" he says as if he isn't listening.",2034.0
1675,305,1712620047416,33.0,"""You're going to choke in there.""",1221.0
1675,306,1712620049478,32.0,"He looks at my breasts, my legs.",2062.0
1675,307,1712620051762,34.0,I can tell that's what he's doing.,2284.0
1675,308,1712620052723,22.0,"""Hey, sugar,"" he says.",961.0
1675,309,1712620054180,31.0,"""I'm just here to help is all.""",1457.0
1675,310,1712620054942,3.0,***,762.0
1675,311,1712620056914,52.0,The casket is closed and covered with floral sprays.,1972.0
1675,312,1712620058820,45.0,The organ starts up the minute I take a seat.,1906.0
1675,313,1712620060370,40.0,People are coming in and finding chairs.,1550.0
1675,314,1712620062925,63.0,There's a boy in flared pants and a yellow short-sleeved shirt.,2555.0
1675,315,1712620071058,100.0,A door opens and the family comes in in a group and moves over to a curtained place off to one side.,8133.0
1675,316,1712620073358,39.0,Chairs creak as everybody gets settled.,2300.0
1675,317,1712620077508,83.0,"Directly, a nice blond man in a nice dark suit stands and asks us to bow our heads.",4150.0
1675,318,1712620080774,105.0,"He says a prayer for us, the living, and when he finishes, he says a prayer for the soul of the departed.",3266.0
1675,319,1712620082475,43.0,Along with the others I go past the casket.,1701.0
1675,320,1712620085588,66.0,Then I move out onto the front steps and into the afternoon light.,3113.0
1675,321,1712620089125,66.0,There's a woman who limps as she goes down the stairs ahead of me.,3537.0
1675,322,1712620090786,33.0,On the sidewalk she looks around.,1661.0
1675,323,1712620092403,31.0,"""Well, they got him,"" she says.",1617.0
1675,324,1712620093753,27.0,"""If that's any consolation.",1350.0
1675,325,1712620095095,31.0,They arrested him this morning.,1342.0
1675,326,1712620096394,38.0,I heard it on the radio before I come.,1299.0
1675,327,1712620098102,26.0,"A boy right here in town.""",1708.0
1675,328,1712620101386,42.0,We move a few steps down the hot sidewalk.,3284.0
1675,329,1712620102785,25.0,People are starting cars.,1399.0
1675,330,1712620106958,49.0,I put out my hand and hold on to a parking meter.,4173.0
1675,331,1712620110566,36.0,Polished hoods and polished fenders.,3608.0
1675,332,1712620111609,14.0,My head swims.,1043.0
1675,333,1712620116450,41.0,"I say, ""They have friends, these killers.",4841.0
1675,334,1712620117364,16.0,"You can't tell.""",914.0
1675,335,1712620119577,70.0,"""I have known that child since she was a little girl,"" the woman says.",2213.0
1675,336,1712620125539,93.0,"""She used to come over and I'd bake cookies for her and let her eat them in front of the TV.""",5962.0
1675,337,1712620126279,3.0,***,740.0
1675,338,1712620130057,76.0,"Back home, Stuart sits at the table with a drink of whiskey in front of him.",3778.0
1675,339,1712620132309,57.0,For a crazy instant I think something's happened to Dean.,2252.0
1675,340,1712620133121,14.0,"""Where is he?""",812.0
1675,341,1712620133891,6.0,I say.,770.0
1675,342,1712620134687,16.0,"""Where is Dean?""",796.0
1675,343,1712620135601,27.0,"""Outside,"" my husband says.",914.0
1675,344,1712620137579,34.0,He drains his glass and stands up.,1978.0
1675,345,1712620139360,40.0,"He says, ""I think I know what you need.""",1780.0
1675,346,1712620144877,138.0,He reaches an arm around my waist and with his other hand he begins to unbutton my jacket and then he goes on to the buttons of my blouse.,5517.0
1675,347,1712620145843,30.0,"""First things first,"" he says.",965.0
1675,348,1712620147068,23.0,He says something else.,1225.0
1675,349,1712620148112,27.0,But I don't need to listen.,1043.0
1675,350,1712620149726,46.0,I can't hear a thing with so much water going.,1613.0
1675,351,1712620150831,3.0,***,1105.0
1616,122,1712427968645,3.0,***,2766.0
1616,123,1712427970895,37.0,My husband eats with a good appetite.,2250.0
1616,124,1712427972403,37.0,But I don't think he's really hungry.,1507.0
1616,125,1712427975654,69.0,"He chews, arms on the table, and stares at something across the room.",3251.0
1616,126,1712427977830,30.0,He looks at me and looks away.,2176.0
1616,127,1712427979880,33.0,He wipes his mouth on the napkin.,2049.0
1616,128,1712427981620,30.0,"He shrugs, and goes on eating.",1739.0
1616,129,1712427983119,42.0,"""What are you staring at me for?"" he says.",1499.0
1616,130,1712427985365,45.0,"""What is it?"" he says and lays down his fork.",2246.0
1616,131,1712427987447,42.0,"""Was I staring?"" I say, and shake my head.",2081.0
1616,132,1712427988627,20.0,The telephone rings.,1180.0
1616,133,1712427989726,27.0,"""Don't answer it,"" he says.",1099.0
1616,134,1712427990931,33.0,"""It might be your mother,"" I say.",1204.0
1616,135,1712427992107,25.0,"""Watch and see,"" he says.",1176.0
1616,136,1712427993163,34.0,I pick up the receiver and listen.,1056.0
1616,137,1712427994253,24.0,My husband stops eating.,1090.0
1616,138,1712427996205,46.0,"""What did I tell you?"" he says when I hang up.",1951.0
1616,139,1712427997395,23.0,He starts to eat again.,1190.0
1616,140,1712427998662,36.0,Then throws his napkin on his plate.,1267.0
1616,141,1712428000836,63.0,"He says, ""Goddamn it, why can't people mind their own business?",2174.0
1616,142,1712428002846,41.0,Tell me what I did wrong and I'll listen!,2009.0
1616,143,1712428007132,28.0,I wasn't the only man there.,4285.0
1616,144,1712428010203,37.0,We talked it over and we all decided.,3071.0
1616,145,1712428012057,29.0,We couldn't just turn around.,1854.0
1616,146,1712428013993,32.0,We were five miles from the car.,1936.0
1616,147,1712428016559,34.0,I won't have you passing judgment.,2566.0
1616,148,1712428017444,13.0,"Do you hear?""",885.0
1616,149,1712428018874,18.0,"""You know,"" I say.",1430.0
1616,150,1712428022310,33.0,"He says, ""What do I know, Claire?",3436.0
1616,151,1712428024170,34.0,Tell me what I'm supposed to know.,1859.0
1616,152,1712428025801,40.0,"I don't know anything except one thing?""",1631.0
1616,153,1712428028187,48.0,He gives me what he thinks is a meaningful look.,2386.0
1616,154,1712428029514,24.0,"""She was dead,"" he says.",1327.0
1616,155,1712428031086,33.0,"""And I'm as sorry as anyone else.",1572.0
1616,156,1712428032076,18.0,"But she was dead.""",990.0
1616,157,1712428033344,26.0,"""That's the point,"" I say.",1268.0
1616,158,1712428034343,20.0,He raises his hands.,999.0
1616,159,1712428035665,40.0,He pushes his chair away from the table.,1322.0
1616,160,1712428037930,72.0,He takes out his cigarettes and goes out to the back with a can of beer.,2265.0
1616,161,1712428039537,64.0,I see him sit in the lawn chair and pick up the newspaper again.,1607.0
1616,162,1712428041424,39.0,His name is in there on the first page.,1887.0
1616,163,1712428042682,36.0,Along with the names of his friends.,1258.0
1616,164,1712428044410,40.0,I close my eyes and hold on to the sink.,1728.0
1616,165,1712428046358,74.0,Then I rake my arm across the drainboard and send the dishes to the floor.,1948.0
1616,166,1712428047292,16.0,He doesn't move.,934.0
1616,167,1712428048456,18.0,I know he's heard.,1164.0
1616,168,1712428049884,40.0,He lifts his head as if still listening.,1428.0
1616,169,1712428050924,30.0,But he doesn't move otherwise.,1040.0
1616,170,1712428051735,23.0,He doesn't turn around.,811.0
1616,171,1712428052469,3.0,***,734.0
1616,172,1712428058328,88.0,"He and Gordon Johnson and Mel Dorn and Vern Williams, they play poker and bowl and fish.",5859.0
1616,173,1712428062312,85.0,They fish every spring and early summer before visiting relatives can get in the way.,3984.0
1616,174,1712428065063,65.0,"They are decent men, family men, men who take care of their jobs.",2751.0
1616,175,1712428067785,65.0,"They have sons and daughters who go to school with our son, Dean.",2722.0
1616,176,1712428070987,55.0,Last Friday these family men left for the Naches River.,3201.0
1616,177,1712428073305,76.0,They parked the car in the mountains and hiked to where they wanted to fish.,2318.0
1616,178,1712428076024,76.0,"They carried their bedrolls, their food, their playing cards, their whiskey.",2719.0
1616,179,1712428078568,42.0,They saw the girl before they set up camp.,2544.0
1616,180,1712428080552,19.0,Mel Dorn found her.,1983.0
1616,181,1712428081747,25.0,No clothes on her at all.,1195.0
1616,182,1712428084664,64.0,She was wedged into some branches that stuck out over the water.,2917.0
1616,183,1712428086521,43.0,He called the others and they came to look.,1857.0
1616,184,1712428087920,29.0,They talked about what to do.,1399.0
1616,185,1712428093140,82.0,One of the men - my Stuart didn't say which - said they should start back at once.,5220.0
1616,186,1712428096207,86.0,"The others stirred the sand with their shoes, said they didn't feel inclined that way.",3067.0
1616,187,1712428100995,82.0,"They pleaded fatigue, the late hour, the fact that the girl wasn't going anywhere.",4788.0
1616,188,1712428103254,47.0,In the end they went ahead and set up the camp.,2259.0
1616,189,1712428105074,42.0,They built a fire and drank their whiskey.,1819.0
1616,190,1712428107492,50.0,"When the moon came up, they talked about the girl.",2418.0
1616,191,1712428111788,59.0,Someone said they should -keep the body from drifting away.,4295.0
1616,192,1712428114117,55.0,They took their flashlights and went back to the river.,2329.0
1616,193,1712428116711,66.0,One of the men - it might have been Stuart - waded in and got her.,2594.0
1616,194,1712428119984,53.0,He took her by the fingers and pulled her into shore.,3273.0
1616,195,1712428124067,87.0,He got some nylon cord and tied it to her wrist and then looped the rest around a tree.,4082.0
1616,196,1712428127299,99.0,"The next morning they cooked breakfast, drank coffee, and drank whiskey, and then split up to fish.",3232.0
1616,197,1712428134907,182.0,"That night they cooked fish, cooked potatoes, drank coffee, drank whiskey, then took their cooking things and eating things back down to the river and washed them where the girl was.",7608.0
1616,198,1712428136129,32.0,They played some cards later on.,1222.0
1616,199,1712428138048,55.0,Maybe they played until they couldn't see them anymore.,1919.0
1616,200,1712428139461,28.0,Vern Williams went to sleep.,1413.0
1616,201,1712428141171,28.0,But the others told stories.,1710.0
1616,202,1712428148749,100.0,Gordon Johnson said the trout they'd caught were hard because of the terrible coldness of the water.,7578.0
1616,203,1712428157565,154.0,"The next morning they got up late, drank whiskey, fished a little, took down their tents, rolled their sleeping bags, gathered their stuff, and hiked out.",8816.0
1616,204,1712428159033,41.0,They drove until they got to a telephone.,1467.0
1616,205,1712428161978,86.0,It was Stuart who made the call while the others stood around in the sun and listened.,2944.0
1616,206,1712428163636,32.0,He gave the sheriff their names.,1658.0
1616,207,1712428164863,25.0,They had nothing to hide.,1226.0
1616,208,1712428165825,21.0,They weren't ashamed.,962.0
1616,209,1712428170972,100.0,They said they'd wait until someone could come for better directions and take down their statements.,5147.0
1616,210,1712428171866,3.0,***,894.0
1616,211,1712428172977,30.0,I was asleep when he got home.,1111.0
1616,212,1712428174769,46.0,But I woke up when I heard him in the kitchen.,1792.0
1616,213,1712428176638,64.0,I found him leaning against the refrigerator with a can of beer.,1868.0
1616,214,1712428180704,68.0,He put his heavy arms around me and rubbed his big hands on my back.,4066.0
1616,215,1712428184687,85.0,In bed he put his hands on me again and then waited as if thinking of something else.,3983.0
1616,216,1712428186484,28.0,I turned and opened my legs.,1796.0
1616,217,1712428188380,36.0,"Afterwards, I think he stayed awake.",1896.0
1616,218,1712428190640,53.0,He was up that morning before I could get out of bed.,2260.0
1616,219,1712428193225,54.0,"To see if there was something in the paper, I suppose.",2585.0
1616,220,1712428194859,46.0,The telephone began ringing right after eight.,1634.0
1616,221,1712428195855,13.0,"""Go to hell!""",996.0
1616,222,1712428196792,18.0,I heard him shout.,936.0
1616,223,1712428198058,31.0,The telephone rang right again.,1266.0
1616,224,1712428206624,59.0,"""I have nothing to add to what I already told the sheriff!""",8566.0
1616,225,1712428207507,29.0,He slammed the receiver down.,882.0
1616,226,1712428208275,27.0,"""What is going on?"" I said.",768.0
1616,227,1712428211656,49.0,It was then that he told me what I just told you.,3381.0
1616,228,1712428212320,3.0,***,664.0
1616,229,1712428215946,44.0,I sweep up the broken dishes and go outside.,3625.0
1616,230,1712428219354,85.0,"He is lying on his back on the grass now, the newspaper and can of beer within reach.",3408.0
1616,231,1712428226173,41.0,"""Stuart, could we go for a drive?"" I say.",6819.0
1616,232,1712428227116,30.0,He rolls over and looks at me.,943.0
1616,233,1712428228820,37.0,"""We'll pick up some beer,"" he says...",1703.0
1616,234,1712428230771,62.0,He gets to his feet and touches me on the hip as he goes past.,1951.0
1616,235,1712428231894,28.0,"""Give me a minute,"" he says.",1123.0
1616,236,1712428233231,39.0,We drive through town without speaking.,1336.0
1616,237,1712428234875,39.0,He stops at a roadside market for beer.,1644.0
1616,238,1712428236918,54.0,I notice a great stack of papers just inside the door.,2043.0
1616,239,1712428244734,89.0,On the top step a fat woman in a print dress holds out a licorice stick to a little girl.,7816.0
1616,240,1712428247825,66.0,"Later on, we cross Everson Creek and turn into the picnic grounds.",3091.0
1616,241,1712428252875,79.0,The creek runs under the bridge and into a large pond a few hundred yards away.,5050.0
1616,242,1712428253660,28.0,I can see the men out there.,785.0
1616,243,1712428254440,33.0,I can see them out there fishing.,779.0
1616,244,1712428257326,31.0,So much water so close to home.,2886.0
1616,245,1712428259498,43.0,"I say, ""Why did you have to go miles away?""",2172.0
1616,246,1712428260779,25.0,"""Don't rile me,"" he says.",1281.0
1616,247,1712428261918,29.0,We sit on a bench in the sun.,1139.0
1616,248,1712428263725,25.0,He opens us cans of beer.,1806.0
1616,249,1712428264971,25.0,"He says, ""Relax, Claire.""",1246.0
1616,250,1712428268234,30.0,"""They said they were innocent.",3263.0
1616,251,1712428270921,27.0,"They said they were crazy.""",2686.0
1616,252,1712428271675,15.0,"He says, ""Who?""",753.0
1616,253,1712428272622,38.0,"He says, ""What are you talking about?""",947.0
1616,254,1712428273778,21.0,"""The Maddox brothers.",1155.0
1616,255,1712428275404,54.0,They killed a girl named Arlene Hubly where I grew up.,1626.0
1616,256,1712428278006,60.0,They cut off her head and threw her into the Cle Elum River.,2602.0
1616,257,1712428279360,31.0,"It happened when I was a girl.""",1354.0
1616,258,1712428282046,40.0,"""You're going to get me riled,"" he says.",2686.0
1616,259,1712428282754,20.0,I look at the creek.,708.0
1616,260,1712428291729,79.0,"I'm right in it, eyes open, face down, staring at the moss on the bottom, dead.",8974.0
1616,261,1712428293441,62.0,"""I don't know what's wrong with you,"" he says on the way home.",1712.0
1616,262,1712428295515,45.0,"""You're getting me more riled by the minute.""",2074.0
1616,263,1712428298039,34.0,There is nothing I can say to him.,2524.0
1616,264,1712428301540,36.0,He tries to concentrate on the road.,3501.0
1616,265,1712428303257,47.0,But he keeps looking into the rear-view mirror.,1716.0
1616,266,1712428304416,9.0,He knows.,1159.0
1616,267,1712428305008,3.0,***,592.0
1616,268,1712428309607,52.0,Stuart believes he is letting me sleep this morning.,4599.0
1616,269,1712428312525,47.0,But I was awake long before the alarm went off.,2918.0
1616,270,1712428316733,74.0,"I was thinking, lying on the far side of the bed away from his hairy legs.",4207.0
1616,271,1712428321884,78.0,"He gets Dean off for school, and then he shaves, dresses, and leaves for work.",5151.0
1616,272,1712428324079,40.0,Twice he looks in and clears his throat.,2195.0
1616,273,1712428325213,26.0,But I keep my eyes closed.,1134.0
1616,274,1712428327062,38.0,In the kitchen I find a note from him.,1848.0
1616,275,1712428329302,19.0,"It's signed ""Love.""",2240.0
1616,276,1712428336188,74.0,I sit in the breakfast nook and drink coffee and leave a ring on the note.,6886.0
1616,277,1712428342468,67.0,I look at the newspaper and turn it this way and that on the table.,6280.0
1616,278,1712428346046,43.0,Then I skid it close and read what it says.,3578.0
1616,279,1712428348788,38.0,"The body has been identified, claimed.",2742.0
1616,280,1712428355357,155.0,"But it took some examining it, some putting things into it, some cutting, some weighing, some measuring, some putting things back again and sewing them in.",6569.0
1616,281,1712428356917,57.0,I sit for a long time holding the newspaper and thinking.,1560.0
1616,282,1712428358283,51.0,Then I call up to get a chair at the hairdresser's.,1366.0
1616,283,1712428358857,3.0,***,574.0
1616,284,1712428360783,75.0,I sit under the dryer with a magazine on my lap and let Marnie do my nails.,1926.0
1616,285,1712428361991,42.0,"""I am going to a funeral tomorrow,"" I say.",1208.0
1616,286,1712428362915,38.0,"""I'm sorry to hear that,"" Marnie says.",924.0
1616,287,1712428363909,25.0,"""It was a murder,"" I say.",994.0
1616,288,1712428364834,37.0,"""That's the worst kind,"" Marnie says.",924.0
1616,289,1712428367132,35.0,"""We weren't all that close,"" I say.",2298.0
1616,290,1712428367842,15.0,"""But you know?""",710.0
1616,291,1712428369706,45.0,"""We'll get you fixed up for it,"" Marnie says.",1864.0
1616,292,1712428372688,72.0,"That night I make my bed on the sofa, and in the morning I get up first.",2982.0
1616,293,1712428374116,50.0,I put on coffee and fix breakfast while he shaves.,1428.0
1616,294,1712428376725,76.0,"He appears in the kitchen doorway, towel over his bare shoulder, appraising.",2609.0
1616,295,1712428377496,23.0,"""Here's coffee,"" I say.",771.0
1616,296,1712428378297,31.0,"""Eggs'll be ready in a minute.”",801.0
1616,297,1712428379828,37.0,"I wake Dean, and the three of us eat.",1531.0
1616,298,1712428381864,79.0,"Whenever Stuart looks at me, I ask Dean if he wants more milk, more toast, etc.",2035.0
1616,299,1712428383625,56.0,"""I'll call you today,"" Stuart says as he opens the door.",1761.0
1616,300,1712428385091,42.0,"I say, ""I don't think I'll be home today.""",1466.0
1616,301,1712428385790,21.0,"""All right,"" he says.",699.0
1616,302,1712428386312,7.0,"""Sure.""",522.0
1616,303,1712428386957,18.0,I dress carefully.,645.0
1616,304,1712428388267,48.0,I try on a hat and look at myself in the mirror.,1310.0
1616,305,1712428389681,28.0,I write out a note for Dean.,1414.0
1616,306,1712428393476,69.0,"Honey, Mommy has things to do this afternoon, but will be back later.",3795.0
1616,307,1712428396445,61.0,You stay in or be in the backyard until one of us comes home.,2967.0
1616,308,1712428397024,11.0,"Love, Mommy",579.0
1616,309,1712428399413,48.0,I look at the word Love and then I underline it.,2389.0
1616,310,1712428401687,29.0,Then I see the word backyard.,2274.0
1616,311,1712428403151,22.0,Is it one word or two?,1464.0
1616,312,1712428403713,3.0,***,562.0
1616,313,1712428407092,121.0,"I drive through farm country, through fields of oats and sugar beets and past apple orchards, cattle grazing in pastures.",3379.0
1616,314,1712428409003,99.0,"Then everything changes, more like shacks than farmhouses and stands of timber instead of orchards.",1910.0
1616,315,1712428415470,78.0,"Then mountains, and on the right, far below, I sometimes see the Naches River.",6467.0
1616,316,1712428420079,64.0,A green pickup comes up behind me and stays behind me for miles.,4609.0
1616,317,1712428422197,55.0,"I keep slowing at the wrong times, hoping he will pass.",2118.0
1616,318,1712428423501,16.0,Then I speed up.,1304.0
1616,319,1712428424604,36.0,"But this is at the wrong times, too.",1103.0
1616,320,1712428426276,39.0,I grip the wheel until my fingers hurt.,1672.0
1616,321,1712428430650,37.0,On a long clear stretch he goes past.,4374.0
1616,322,1712428435842,73.0,"But he drives along beside for a bit, a crewcut man in a blue work shirt.",5192.0
1616,323,1712428436697,24.0,We look each other over.,855.0
1616,324,1712428442494,53.0,"Then he waves, toots his horn, and pulls on up ahead.",5797.0
1616,325,1712428446700,29.0,I slow down and find a place.,4206.0
1616,326,1712428450353,35.0,I pull over and shut off the motor.,3651.0
1616,327,1712428452441,42.0,I can hear the river down below the trees.,2088.0
1616,328,1712428454565,35.0,Then I hear the pickup coming back.,2124.0
1616,329,1712428456482,41.0,I lock the doors and roll up the windows.,1917.0
1616,330,1712428458530,30.0,"""You all right?"" the man says.",2048.0
1616,331,1712428459824,21.0,He raps on the glass.,1294.0
1616,332,1712428460515,11.0,"""You okay?""",691.0
1616,333,1712428462166,64.0,He leans his arms on the door and brings his face to the window.,1651.0
1616,334,1712428462846,15.0,I stare at him.,680.0
1616,335,1712428463639,30.0,I can't think what else to do.,793.0
1616,336,1712428464407,34.0,"""Is everything all right in there?",768.0
1616,337,1712428465806,31.0,"How come you're all locked up?""",1399.0
1616,338,1712428466427,16.0,I shake my head.,621.0
1616,339,1712428467099,24.0,"""Roll down your window.""",672.0
1616,340,1712428469168,64.0,He shakes his head and looks at the highway and then back at me.,2069.0
1616,341,1712428469890,19.0,"""Roll it down now.""",722.0
1616,342,1712428470656,32.0,"""Please,"" I say, ""I have to go.""",766.0
1616,343,1712428471984,50.0,"""Open the door,"" he says as if he isn't listening.",1328.0
1616,344,1712428474072,33.0,"""You're going to choke in there.""",2088.0
1616,345,1712428476545,32.0,"He looks at my breasts, my legs.",2473.0
1616,346,1712428477352,34.0,I can tell that's what he's doing.,806.0
1616,347,1712428478092,22.0,"""Hey, sugar,"" he says.",740.0
1616,348,1712428479719,31.0,"""I'm just here to help is all.""",1627.0
1616,349,1712428480210,3.0,***,491.0
1616,350,1712428485187,52.0,The casket is closed and covered with floral sprays.,4977.0
1616,351,1712428488935,45.0,The organ starts up the minute I take a seat.,3748.0
1616,352,1712428490217,40.0,People are coming in and finding chairs.,1282.0
1616,353,1712428495950,63.0,There's a boy in flared pants and a yellow short-sleeved shirt.,5733.0
1616,354,1712428501644,100.0,A door opens and the family comes in in a group and moves over to a curtained place off to one side.,5694.0
1616,355,1712428505966,39.0,Chairs creak as everybody gets settled.,4322.0
1616,356,1712428509681,83.0,"Directly, a nice blond man in a nice dark suit stands and asks us to bow our heads.",3715.0
1616,357,1712428511092,105.0,"He says a prayer for us, the living, and when he finishes, he says a prayer for the soul of the departed.",1411.0
1616,358,1712428512169,43.0,Along with the others I go past the casket.,1077.0
1616,359,1712428514804,66.0,Then I move out onto the front steps and into the afternoon light.,2635.0
1616,360,1712428516624,66.0,There's a woman who limps as she goes down the stairs ahead of me.,1819.0
1616,361,1712428524354,33.0,On the sidewalk she looks around.,7730.0
1616,362,1712428526684,31.0,"""Well, they got him,"" she says.",2330.0
1616,363,1712428529678,27.0,"""If that's any consolation.",2994.0
1616,364,1712428532489,31.0,They arrested him this morning.,2810.0
1616,365,1712428535490,38.0,I heard it on the radio before I come.,3001.0
1616,366,1712428536595,26.0,"A boy right here in town.""",1104.0
1616,367,1712428539739,42.0,We move a few steps down the hot sidewalk.,3144.0
1616,368,1712428543599,25.0,People are starting cars.,3859.0
1616,369,1712428545373,49.0,I put out my hand and hold on to a parking meter.,1774.0
1616,370,1712428547052,36.0,Polished hoods and polished fenders.,1679.0
1616,371,1712428548456,14.0,My head swims.,1404.0
1616,372,1712428551302,41.0,"I say, ""They have friends, these killers.",2845.0
1616,373,1712428552132,16.0,"You can't tell.""",830.0
1616,374,1712428555794,70.0,"""I have known that child since she was a little girl,"" the woman says.",3662.0
1616,375,1712428561746,93.0,"""She used to come over and I'd bake cookies for her and let her eat them in front of the TV.""",5952.0
1616,376,1712428562678,3.0,***,932.0
1616,377,1712428571704,76.0,"Back home, Stuart sits at the table with a drink of whiskey in front of him.",9026.0
1616,378,1712428572144,57.0,For a crazy instant I think something's happened to Dean.,440.0
1616,379,1712428575212,14.0,"""Where is he?""",3067.0
1616,380,1712428576217,6.0,I say.,1005.0
1616,381,1712428577226,16.0,"""Where is Dean?""",1009.0
1616,382,1712428578966,27.0,"""Outside,"" my husband says.",1740.0
1616,383,1712428581016,34.0,He drains his glass and stands up.,2050.0
1616,384,1712428583507,40.0,"He says, ""I think I know what you need.""",2491.0
1616,385,1712428589905,138.0,He reaches an arm around my waist and with his other hand he begins to unbutton my jacket and then he goes on to the buttons of my blouse.,6398.0
1616,386,1712428590987,30.0,"""First things first,"" he says.",1081.0
1616,387,1712428592446,23.0,He says something else.,1459.0
1616,388,1712428593592,27.0,But I don't need to listen.,1146.0
1616,389,1712428596167,46.0,I can't hear a thing with so much water going.,2575.0
1616,390,1712428596922,3.0,***,755.0
1716,151,1712422298157,3.0,***,4384.0
1716,152,1712422300950,37.0,My husband eats with a good appetite.,2793.0
1716,153,1712422302293,37.0,But I don't think he's really hungry.,1342.0
1716,154,1712422305565,69.0,"He chews, arms on the table, and stares at something across the room.",3272.0
1716,155,1712422306633,30.0,He looks at me and looks away.,1068.0
1716,156,1712422307568,33.0,He wipes his mouth on the napkin.,935.0
1716,157,1712422308722,30.0,"He shrugs, and goes on eating.",1154.0
1716,158,1712422311626,42.0,"""What are you staring at me for?"" he says.",2904.0
1716,159,1712422313659,45.0,"""What is it?"" he says and lays down his fork.",2033.0
1716,160,1712422315357,42.0,"""Was I staring?"" I say, and shake my head.",1698.0
1716,161,1712422316221,20.0,The telephone rings.,864.0
1716,162,1712422317183,27.0,"""Don't answer it,"" he says.",962.0
1716,163,1712422318480,33.0,"""It might be your mother,"" I say.",1297.0
1716,164,1712422320308,25.0,"""Watch and see,"" he says.",1828.0
1716,165,1712422321611,34.0,I pick up the receiver and listen.,1303.0
1716,166,1712422322445,24.0,My husband stops eating.,834.0
1716,167,1712422323709,46.0,"""What did I tell you?"" he says when I hang up.",1264.0
1716,168,1712422324751,23.0,He starts to eat again.,1042.0
1716,169,1712422325870,36.0,Then throws his napkin on his plate.,1118.0
1716,170,1712422328401,63.0,"He says, ""Goddamn it, why can't people mind their own business?",2531.0
1716,171,1712422330211,41.0,Tell me what I did wrong and I'll listen!,1810.0
1716,172,1712422331584,28.0,I wasn't the only man there.,1373.0
1716,173,1712422334409,37.0,We talked it over and we all decided.,2825.0
1716,174,1712422335443,29.0,We couldn't just turn around.,1034.0
1716,175,1712422336985,32.0,We were five miles from the car.,1541.0
1716,176,1712422339447,34.0,I won't have you passing judgment.,2462.0
1716,177,1712422340152,13.0,"Do you hear?""",705.0
1716,178,1712422340984,18.0,"""You know,"" I say.",832.0
1716,179,1712422342902,33.0,"He says, ""What do I know, Claire?",1918.0
1716,180,1712422343851,34.0,Tell me what I'm supposed to know.,949.0
1716,181,1712422345426,40.0,"I don't know anything except one thing?""",1575.0
1716,182,1712422347421,48.0,He gives me what he thinks is a meaningful look.,1995.0
1716,183,1712422348709,24.0,"""She was dead,"" he says.",1288.0
1716,184,1712422351758,33.0,"""And I'm as sorry as anyone else.",3049.0
1716,185,1712422352547,18.0,"But she was dead.""",789.0
1716,186,1712422353534,26.0,"""That's the point,"" I say.",987.0
1716,187,1712422354444,20.0,He raises his hands.,909.0
1716,188,1712422355763,40.0,He pushes his chair away from the table.,1319.0
1716,189,1712422357720,72.0,He takes out his cigarettes and goes out to the back with a can of beer.,1957.0
1716,190,1712422360031,64.0,I see him sit in the lawn chair and pick up the newspaper again.,2311.0
1716,191,1712422362482,39.0,His name is in there on the first page.,2451.0
1716,192,1712422363727,36.0,Along with the names of his friends.,1245.0
1716,193,1712422365695,40.0,I close my eyes and hold on to the sink.,1968.0
1716,194,1712422371725,74.0,Then I rake my arm across the drainboard and send the dishes to the floor.,6030.0
1716,195,1712422372691,16.0,He doesn't move.,966.0
1716,196,1712422373731,18.0,I know he's heard.,1040.0
1716,197,1712422375897,40.0,He lifts his head as if still listening.,2166.0
1716,198,1712422376730,30.0,But he doesn't move otherwise.,833.0
1716,199,1712422377459,23.0,He doesn't turn around.,729.0
1716,200,1712422378151,3.0,***,691.0
1716,201,1712422383525,88.0,"He and Gordon Johnson and Mel Dorn and Vern Williams, they play poker and bowl and fish.",5374.0
1716,202,1712422387353,85.0,They fish every spring and early summer before visiting relatives can get in the way.,3827.0
1716,203,1712422389796,65.0,"They are decent men, family men, men who take care of their jobs.",2443.0
1716,204,1712422391905,65.0,"They have sons and daughters who go to school with our son, Dean.",2109.0
1716,205,1712422394903,55.0,Last Friday these family men left for the Naches River.,2998.0
1716,206,1712422398993,76.0,They parked the car in the mountains and hiked to where they wanted to fish.,4090.0
1716,207,1712422401613,76.0,"They carried their bedrolls, their food, their playing cards, their whiskey.",2620.0
1716,208,1712422403311,42.0,They saw the girl before they set up camp.,1698.0
1716,209,1712422405360,19.0,Mel Dorn found her.,2049.0
1716,210,1712422406849,25.0,No clothes on her at all.,1489.0
1716,211,1712422411963,64.0,She was wedged into some branches that stuck out over the water.,5114.0
1716,212,1712422413187,43.0,He called the others and they came to look.,1224.0
1716,213,1712422414114,29.0,They talked about what to do.,926.0
1716,214,1712422418277,82.0,One of the men - my Stuart didn't say which - said they should start back at once.,4162.0
1716,215,1712422422050,86.0,"The others stirred the sand with their shoes, said they didn't feel inclined that way.",3773.0
1716,216,1712422426834,82.0,"They pleaded fatigue, the late hour, the fact that the girl wasn't going anywhere.",4784.0
1716,217,1712422428814,47.0,In the end they went ahead and set up the camp.,1980.0
1716,218,1712422430464,42.0,They built a fire and drank their whiskey.,1649.0
1716,219,1712422432000,50.0,"When the moon came up, they talked about the girl.",1536.0
1716,220,1712422434119,59.0,Someone said they should -keep the body from drifting away.,2118.0
1716,221,1712422436191,55.0,They took their flashlights and went back to the river.,2072.0
1716,222,1712422438588,66.0,One of the men - it might have been Stuart - waded in and got her.,2396.0
1716,223,1712422441380,53.0,He took her by the fingers and pulled her into shore.,2792.0
1716,224,1712422445168,87.0,He got some nylon cord and tied it to her wrist and then looped the rest around a tree.,3787.0
1716,225,1712422449102,99.0,"The next morning they cooked breakfast, drank coffee, and drank whiskey, and then split up to fish.",3934.0
1716,226,1712422457127,182.0,"That night they cooked fish, cooked potatoes, drank coffee, drank whiskey, then took their cooking things and eating things back down to the river and washed them where the girl was.",8025.0
1716,227,1712422458197,32.0,They played some cards later on.,1070.0
1716,228,1712422460310,55.0,Maybe they played until they couldn't see them anymore.,2113.0
1716,229,1712422462770,28.0,Vern Williams went to sleep.,2460.0
1716,230,1712422463860,28.0,But the others told stories.,1090.0
1716,231,1712422470222,100.0,Gordon Johnson said the trout they'd caught were hard because of the terrible coldness of the water.,6362.0
1716,232,1712422475502,154.0,"The next morning they got up late, drank whiskey, fished a little, took down their tents, rolled their sleeping bags, gathered their stuff, and hiked out.",5280.0
1716,233,1712422477316,41.0,They drove until they got to a telephone.,1814.0
1716,234,1712422480377,86.0,It was Stuart who made the call while the others stood around in the sun and listened.,3061.0
1716,235,1712422482290,32.0,He gave the sheriff their names.,1913.0
1716,236,1712422483384,25.0,They had nothing to hide.,1094.0
1716,237,1712422484185,21.0,They weren't ashamed.,801.0
1716,238,1712422488079,100.0,They said they'd wait until someone could come for better directions and take down their statements.,3894.0
1716,239,1712422488696,3.0,***,617.0
1716,240,1712422489890,30.0,I was asleep when he got home.,1194.0
1716,241,1712422491228,46.0,But I woke up when I heard him in the kitchen.,1338.0
1716,242,1712422494791,64.0,I found him leaning against the refrigerator with a can of beer.,3563.0
1716,243,1712422497286,68.0,He put his heavy arms around me and rubbed his big hands on my back.,2495.0
1716,244,1712422500271,85.0,In bed he put his hands on me again and then waited as if thinking of something else.,2985.0
1716,245,1712422501567,28.0,I turned and opened my legs.,1296.0
1716,246,1712422502790,36.0,"Afterwards, I think he stayed awake.",1223.0
1716,247,1712422506846,53.0,He was up that morning before I could get out of bed.,4055.0
1716,248,1712422508243,54.0,"To see if there was something in the paper, I suppose.",1397.0
1716,249,1712422509875,46.0,The telephone began ringing right after eight.,1632.0
1716,250,1712422510568,13.0,"""Go to hell!""",693.0
1716,251,1712422511406,18.0,I heard him shout.,838.0
1716,252,1712422512614,31.0,The telephone rang right again.,1208.0
1716,253,1712422514833,59.0,"""I have nothing to add to what I already told the sheriff!""",2219.0
1716,254,1712422516062,29.0,He slammed the receiver down.,1229.0
1716,255,1712422516917,27.0,"""What is going on?"" I said.",855.0
1716,256,1712422518769,49.0,It was then that he told me what I just told you.,1851.0
1716,257,1712422519526,3.0,***,757.0
1716,258,1712422522079,44.0,I sweep up the broken dishes and go outside.,2553.0
1716,259,1712422524698,85.0,"He is lying on his back on the grass now, the newspaper and can of beer within reach.",2619.0
1716,260,1712422526687,41.0,"""Stuart, could we go for a drive?"" I say.",1989.0
1716,261,1712422528042,30.0,He rolls over and looks at me.,1355.0
1716,262,1712422529095,37.0,"""We'll pick up some beer,"" he says...",1053.0
1716,263,1712422532254,62.0,He gets to his feet and touches me on the hip as he goes past.,3159.0
1716,264,1712422533098,28.0,"""Give me a minute,"" he says.",844.0
1716,265,1712422535289,39.0,We drive through town without speaking.,2190.0
1716,266,1712422536372,39.0,He stops at a roadside market for beer.,1082.0
1716,267,1712422540037,54.0,I notice a great stack of papers just inside the door.,3665.0
1716,268,1712422544415,89.0,On the top step a fat woman in a print dress holds out a licorice stick to a little girl.,4378.0
1716,269,1712422548749,66.0,"Later on, we cross Everson Creek and turn into the picnic grounds.",4334.0
1716,270,1712422553737,79.0,The creek runs under the bridge and into a large pond a few hundred yards away.,4988.0
1716,271,1712422555205,28.0,I can see the men out there.,1468.0
1716,272,1712422556285,33.0,I can see them out there fishing.,1080.0
1716,273,1712422558682,31.0,So much water so close to home.,2397.0
1716,274,1712422560424,43.0,"I say, ""Why did you have to go miles away?""",1742.0
1716,275,1712422561567,25.0,"""Don't rile me,"" he says.",1143.0
1716,276,1712422562943,29.0,We sit on a bench in the sun.,1375.0
1716,277,1712422564492,25.0,He opens us cans of beer.,1549.0
1716,278,1712422565417,25.0,"He says, ""Relax, Claire.""",925.0
1716,279,1712422566774,30.0,"""They said they were innocent.",1357.0
1716,280,1712422567710,27.0,"They said they were crazy.""",936.0
1716,281,1712422568490,15.0,"He says, ""Who?""",780.0
1716,282,1712422569737,38.0,"He says, ""What are you talking about?""",1247.0
1716,283,1712422570732,21.0,"""The Maddox brothers.",995.0
1716,284,1712422574896,54.0,They killed a girl named Arlene Hubly where I grew up.,4163.0
1716,285,1712422578003,60.0,They cut off her head and threw her into the Cle Elum River.,3107.0
1716,286,1712422579132,31.0,"It happened when I was a girl.""",1129.0
1716,287,1712422581242,40.0,"""You're going to get me riled,"" he says.",2110.0
1716,288,1712422582285,20.0,I look at the creek.,1043.0
1716,289,1712422586250,79.0,"I'm right in it, eyes open, face down, staring at the moss on the bottom, dead.",3965.0
1716,290,1712422587751,62.0,"""I don't know what's wrong with you,"" he says on the way home.",1501.0
1716,291,1712422589449,45.0,"""You're getting me more riled by the minute.""",1698.0
1716,292,1712422590444,34.0,There is nothing I can say to him.,995.0
1716,293,1712422591462,36.0,He tries to concentrate on the road.,1018.0
1716,294,1712422593075,47.0,But he keeps looking into the rear-view mirror.,1613.0
1716,295,1712422593806,9.0,He knows.,731.0
1716,296,1712422594322,3.0,***,515.0
1716,297,1712422597257,52.0,Stuart believes he is letting me sleep this morning.,2935.0
1716,298,1712422598836,47.0,But I was awake long before the alarm went off.,1579.0
1716,299,1712422601667,74.0,"I was thinking, lying on the far side of the bed away from his hairy legs.",2831.0
1716,300,1712422606056,78.0,"He gets Dean off for school, and then he shaves, dresses, and leaves for work.",4389.0
1716,301,1712422607578,40.0,Twice he looks in and clears his throat.,1522.0
1716,302,1712422608814,26.0,But I keep my eyes closed.,1236.0
1716,303,1712422610353,38.0,In the kitchen I find a note from him.,1539.0
1716,304,1712422611803,19.0,"It's signed ""Love.""",1450.0
1716,305,1712422614675,74.0,I sit in the breakfast nook and drink coffee and leave a ring on the note.,2872.0
1716,306,1712422621959,67.0,I look at the newspaper and turn it this way and that on the table.,7284.0
1716,307,1712422623802,43.0,Then I skid it close and read what it says.,1843.0
1716,308,1712422625442,38.0,"The body has been identified, claimed.",1640.0
1716,309,1712422631028,155.0,"But it took some examining it, some putting things into it, some cutting, some weighing, some measuring, some putting things back again and sewing them in.",5586.0
1716,310,1712422632551,57.0,I sit for a long time holding the newspaper and thinking.,1523.0
1716,311,1712422634030,51.0,Then I call up to get a chair at the hairdresser's.,1479.0
1716,312,1712422634577,3.0,***,547.0
1716,313,1712422637717,75.0,I sit under the dryer with a magazine on my lap and let Marnie do my nails.,3140.0
1716,314,1712422640694,42.0,"""I am going to a funeral tomorrow,"" I say.",2977.0
1716,315,1712422641873,38.0,"""I'm sorry to hear that,"" Marnie says.",1179.0
1716,316,1712422643036,25.0,"""It was a murder,"" I say.",1163.0
1716,317,1712422644282,37.0,"""That's the worst kind,"" Marnie says.",1246.0
1716,318,1712422645664,35.0,"""We weren't all that close,"" I say.",1382.0
1716,319,1712422646520,15.0,"""But you know?""",856.0
1716,320,1712422648048,45.0,"""We'll get you fixed up for it,"" Marnie says.",1528.0
1716,321,1712422651013,72.0,"That night I make my bed on the sofa, and in the morning I get up first.",2965.0
1716,322,1712422653962,50.0,I put on coffee and fix breakfast while he shaves.,2949.0
1716,323,1712422658071,76.0,"He appears in the kitchen doorway, towel over his bare shoulder, appraising.",4109.0
1716,324,1712422658917,23.0,"""Here's coffee,"" I say.",846.0
1716,325,1712422659810,31.0,"""Eggs'll be ready in a minute.”",892.0
1716,326,1712422661172,37.0,"I wake Dean, and the three of us eat.",1362.0
1716,327,1712422664432,79.0,"Whenever Stuart looks at me, I ask Dean if he wants more milk, more toast, etc.",3260.0
1716,328,1712422666563,56.0,"""I'll call you today,"" Stuart says as he opens the door.",2131.0
1716,329,1712422668054,42.0,"I say, ""I don't think I'll be home today.""",1491.0
1716,330,1712422668881,21.0,"""All right,"" he says.",827.0
1716,331,1712422669530,7.0,"""Sure.""",649.0
1716,332,1712422670193,18.0,I dress carefully.,663.0
1716,333,1712422671884,48.0,I try on a hat and look at myself in the mirror.,1691.0
1716,334,1712422673172,28.0,I write out a note for Dean.,1288.0
1716,335,1712422676302,69.0,"Honey, Mommy has things to do this afternoon, but will be back later.",3130.0
1716,336,1712422677828,61.0,You stay in or be in the backyard until one of us comes home.,1526.0
1716,337,1712422678381,11.0,"Love, Mommy",553.0
1716,338,1712422680580,48.0,I look at the word Love and then I underline it.,2199.0
1716,339,1712422681701,29.0,Then I see the word backyard.,1121.0
1716,340,1712422683580,22.0,Is it one word or two?,1879.0
1716,341,1712422684131,3.0,***,551.0
1716,342,1712422690095,121.0,"I drive through farm country, through fields of oats and sugar beets and past apple orchards, cattle grazing in pastures.",5963.0
1716,343,1712422694581,99.0,"Then everything changes, more like shacks than farmhouses and stands of timber instead of orchards.",4486.0
1716,344,1712422697634,78.0,"Then mountains, and on the right, far below, I sometimes see the Naches River.",3053.0
1716,345,1712422703487,64.0,A green pickup comes up behind me and stays behind me for miles.,5853.0
1716,346,1712422706176,55.0,"I keep slowing at the wrong times, hoping he will pass.",2689.0
1716,347,1712422707109,16.0,Then I speed up.,933.0
1716,348,1712422708683,36.0,"But this is at the wrong times, too.",1574.0
1716,349,1712422711714,39.0,I grip the wheel until my fingers hurt.,3031.0
1716,350,1712422713782,37.0,On a long clear stretch he goes past.,2067.0
1716,351,1712422717442,73.0,"But he drives along beside for a bit, a crewcut man in a blue work shirt.",3660.0
1716,352,1712422718320,24.0,We look each other over.,878.0
1716,353,1712422722638,53.0,"Then he waves, toots his horn, and pulls on up ahead.",4318.0
1716,354,1712422723663,29.0,I slow down and find a place.,1025.0
1716,355,1712422725204,35.0,I pull over and shut off the motor.,1541.0
1716,356,1712422727308,42.0,I can hear the river down below the trees.,2104.0
1716,357,1712422728551,35.0,Then I hear the pickup coming back.,1243.0
1716,358,1712422730341,41.0,I lock the doors and roll up the windows.,1790.0
1716,359,1712422731537,30.0,"""You all right?"" the man says.",1196.0
1716,360,1712422732771,21.0,He raps on the glass.,1234.0
1716,361,1712422733374,11.0,"""You okay?""",602.0
1716,362,1712422735897,64.0,He leans his arms on the door and brings his face to the window.,2523.0
1716,363,1712422736670,15.0,I stare at him.,773.0
1716,364,1712422737593,30.0,I can't think what else to do.,923.0
1716,365,1712422738424,34.0,"""Is everything all right in there?",831.0
1716,366,1712422739709,31.0,"How come you're all locked up?""",1285.0
1716,367,1712422740475,16.0,I shake my head.,766.0
1716,368,1712422741366,24.0,"""Roll down your window.""",891.0
1716,369,1712422743533,64.0,He shakes his head and looks at the highway and then back at me.,2167.0
1716,370,1712422744389,19.0,"""Roll it down now.""",856.0
1716,371,1712422745891,32.0,"""Please,"" I say, ""I have to go.""",1502.0
1716,372,1712422748321,50.0,"""Open the door,"" he says as if he isn't listening.",2430.0
1716,373,1712422749605,33.0,"""You're going to choke in there.""",1284.0
1716,374,1712422751897,32.0,"He looks at my breasts, my legs.",2292.0
1716,375,1712422754050,34.0,I can tell that's what he's doing.,2153.0
1716,376,1712422755101,22.0,"""Hey, sugar,"" he says.",1051.0
1716,377,1712422756305,31.0,"""I'm just here to help is all.""",1204.0
1716,378,1712422756921,3.0,***,616.0
1716,379,1712422759598,52.0,The casket is closed and covered with floral sprays.,2676.0
1716,380,1712422761812,45.0,The organ starts up the minute I take a seat.,2214.0
1716,381,1712422763756,40.0,People are coming in and finding chairs.,1944.0
1716,382,1712422766270,63.0,There's a boy in flared pants and a yellow short-sleeved shirt.,2514.0
1716,383,1712422769680,100.0,A door opens and the family comes in in a group and moves over to a curtained place off to one side.,3410.0
1716,384,1712422771129,39.0,Chairs creak as everybody gets settled.,1449.0
1716,385,1712422777021,83.0,"Directly, a nice blond man in a nice dark suit stands and asks us to bow our heads.",5892.0
1716,386,1712422781854,105.0,"He says a prayer for us, the living, and when he finishes, he says a prayer for the soul of the departed.",4833.0
1716,387,1712422784654,43.0,Along with the others I go past the casket.,2799.0
1716,388,1712422789312,66.0,Then I move out onto the front steps and into the afternoon light.,4658.0
1716,389,1712422793050,66.0,There's a woman who limps as she goes down the stairs ahead of me.,3738.0
1716,390,1712422794250,33.0,On the sidewalk she looks around.,1200.0
1716,391,1712422795966,31.0,"""Well, they got him,"" she says.",1716.0
1716,392,1712422797734,27.0,"""If that's any consolation.",1768.0
1716,393,1712422799304,31.0,They arrested him this morning.,1570.0
1716,394,1712422800758,38.0,I heard it on the radio before I come.,1454.0
1716,395,1712422801911,26.0,"A boy right here in town.""",1153.0
1716,396,1712422804830,42.0,We move a few steps down the hot sidewalk.,2919.0
1716,397,1712422805897,25.0,People are starting cars.,1067.0
1716,398,1712422807958,49.0,I put out my hand and hold on to a parking meter.,2060.0
1716,399,1712422809703,36.0,Polished hoods and polished fenders.,1745.0
1716,400,1712422810526,14.0,My head swims.,823.0
1716,401,1712422812473,41.0,"I say, ""They have friends, these killers.",1947.0
1716,402,1712422813548,16.0,"You can't tell.""",1075.0
1716,403,1712422817523,70.0,"""I have known that child since she was a little girl,"" the woman says.",3975.0
1716,404,1712422821294,93.0,"""She used to come over and I'd bake cookies for her and let her eat them in front of the TV.""",3771.0
1716,405,1712422821784,3.0,***,490.0
1716,406,1712422824217,76.0,"Back home, Stuart sits at the table with a drink of whiskey in front of him.",2433.0
1716,407,1712422826749,57.0,For a crazy instant I think something's happened to Dean.,2532.0
1716,408,1712422827375,14.0,"""Where is he?""",626.0
1716,409,1712422828446,6.0,I say.,1071.0
1716,410,1712422829014,16.0,"""Where is Dean?""",568.0
1716,411,1712422829994,27.0,"""Outside,"" my husband says.",980.0
1716,412,1712422831154,34.0,He drains his glass and stands up.,1160.0
1716,413,1712422833026,40.0,"He says, ""I think I know what you need.""",1872.0
1716,414,1712422839152,138.0,He reaches an arm around my waist and with his other hand he begins to unbutton my jacket and then he goes on to the buttons of my blouse.,6126.0
1716,415,1712422840301,30.0,"""First things first,"" he says.",1148.0
1716,416,1712422841017,23.0,He says something else.,716.0
1716,417,1712422841649,27.0,But I don't need to listen.,632.0
1716,418,1712422843936,46.0,I can't hear a thing with so much water going.,2287.0
1716,419,1712422844502,3.0,***,566.0
1726,113,1712590133033,3.0,***,3121.0
1726,114,1712590135161,37.0,My husband eats with a good appetite.,2128.0
1726,115,1712590138813,37.0,But I don't think he's really hungry.,3652.0
1726,116,1712590142732,69.0,"He chews, arms on the table, and stares at something across the room.",3919.0
1726,117,1712590144491,30.0,He looks at me and looks away.,1759.0
1726,118,1712590145801,33.0,He wipes his mouth on the napkin.,1310.0
1726,119,1712590147632,30.0,"He shrugs, and goes on eating.",1831.0
1726,120,1712590149663,42.0,"""What are you staring at me for?"" he says.",2031.0
1726,121,1712590153005,45.0,"""What is it?"" he says and lays down his fork.",3342.0
1726,122,1712590155010,42.0,"""Was I staring?"" I say, and shake my head.",2005.0
1726,123,1712590156122,20.0,The telephone rings.,1111.0
1726,124,1712590157229,27.0,"""Don't answer it,"" he says.",1107.0
1726,125,1712590158954,33.0,"""It might be your mother,"" I say.",1724.0
1726,126,1712590159905,25.0,"""Watch and see,"" he says.",951.0
1726,127,1712590161822,34.0,I pick up the receiver and listen.,1917.0
1726,128,1712590163373,24.0,My husband stops eating.,1551.0
1726,129,1712590165340,46.0,"""What did I tell you?"" he says when I hang up.",1967.0
1726,130,1712590166321,23.0,He starts to eat again.,981.0
1726,131,1712590167736,36.0,Then throws his napkin on his plate.,1415.0
1726,132,1712590169775,63.0,"He says, ""Goddamn it, why can't people mind their own business?",2039.0
1726,133,1712590171615,41.0,Tell me what I did wrong and I'll listen!,1840.0
1726,134,1712590172953,28.0,I wasn't the only man there.,1338.0
1726,135,1712590174972,37.0,We talked it over and we all decided.,2019.0
1726,136,1712590177135,29.0,We couldn't just turn around.,2163.0
1726,137,1712590179075,32.0,We were five miles from the car.,1940.0
1726,138,1712590180516,34.0,I won't have you passing judgment.,1440.0
1726,139,1712590181656,13.0,"Do you hear?""",1140.0
1726,140,1712590183034,18.0,"""You know,"" I say.",1378.0
1726,141,1712590184705,33.0,"He says, ""What do I know, Claire?",1671.0
1726,142,1712590186064,34.0,Tell me what I'm supposed to know.,1359.0
1726,143,1712590187595,40.0,"I don't know anything except one thing?""",1531.0
1726,144,1712590189501,48.0,He gives me what he thinks is a meaningful look.,1906.0
1726,145,1712590191564,24.0,"""She was dead,"" he says.",2063.0
1726,146,1712590193159,33.0,"""And I'm as sorry as anyone else.",1595.0
1726,147,1712590194053,18.0,"But she was dead.""",894.0
1726,148,1712590195018,26.0,"""That's the point,"" I say.",964.0
1726,149,1712590196162,20.0,He raises his hands.,1144.0
1726,150,1712590197943,40.0,He pushes his chair away from the table.,1780.0
1726,151,1712590201155,72.0,He takes out his cigarettes and goes out to the back with a can of beer.,3212.0
1726,152,1712590204400,64.0,I see him sit in the lawn chair and pick up the newspaper again.,3245.0
1726,153,1712590205680,39.0,His name is in there on the first page.,1280.0
1726,154,1712590206682,36.0,Along with the names of his friends.,1002.0
1726,155,1712590207928,40.0,I close my eyes and hold on to the sink.,1246.0
1726,156,1712590210872,74.0,Then I rake my arm across the drainboard and send the dishes to the floor.,2944.0
1726,157,1712590212179,16.0,He doesn't move.,1306.0
1726,158,1712590213015,18.0,I know he's heard.,836.0
1726,159,1712590214741,40.0,He lifts his head as if still listening.,1726.0
1726,160,1712590216487,30.0,But he doesn't move otherwise.,1745.0
1726,161,1712590218100,23.0,He doesn't turn around.,1613.0
1726,162,1712590219475,3.0,***,1375.0
1726,163,1712590224683,88.0,"He and Gordon Johnson and Mel Dorn and Vern Williams, they play poker and bowl and fish.",5208.0
1726,164,1712590229379,85.0,They fish every spring and early summer before visiting relatives can get in the way.,4696.0
1726,165,1712590231678,65.0,"They are decent men, family men, men who take care of their jobs.",2299.0
1726,166,1712590234284,65.0,"They have sons and daughters who go to school with our son, Dean.",2606.0
1726,167,1712590237607,55.0,Last Friday these family men left for the Naches River.,3323.0
1726,168,1712590241947,76.0,They parked the car in the mountains and hiked to where they wanted to fish.,4340.0
1726,169,1712590244860,76.0,"They carried their bedrolls, their food, their playing cards, their whiskey.",2913.0
1726,170,1712590247703,42.0,They saw the girl before they set up camp.,2843.0
1726,171,1712590249177,19.0,Mel Dorn found her.,1474.0
1726,172,1712590250685,25.0,No clothes on her at all.,1508.0
1726,173,1712590256189,64.0,She was wedged into some branches that stuck out over the water.,5504.0
1726,174,1712590257908,43.0,He called the others and they came to look.,1719.0
1726,175,1712590259363,29.0,They talked about what to do.,1455.0
1726,176,1712590263606,82.0,One of the men - my Stuart didn't say which - said they should start back at once.,4243.0
1726,177,1712590268101,86.0,"The others stirred the sand with their shoes, said they didn't feel inclined that way.",4495.0
1726,178,1712590271828,82.0,"They pleaded fatigue, the late hour, the fact that the girl wasn't going anywhere.",3727.0
1726,179,1712590273422,47.0,In the end they went ahead and set up the camp.,1594.0
1726,180,1712590275096,42.0,They built a fire and drank their whiskey.,1674.0
1726,181,1712590277088,50.0,"When the moon came up, they talked about the girl.",1992.0
1726,182,1712590278949,59.0,Someone said they should -keep the body from drifting away.,1860.0
1726,183,1712590280862,55.0,They took their flashlights and went back to the river.,1913.0
1726,184,1712590284290,66.0,One of the men - it might have been Stuart - waded in and got her.,3428.0
1726,185,1712590286444,53.0,He took her by the fingers and pulled her into shore.,2154.0
1726,186,1712590291109,87.0,He got some nylon cord and tied it to her wrist and then looped the rest around a tree.,4665.0
1726,187,1712590294787,99.0,"The next morning they cooked breakfast, drank coffee, and drank whiskey, and then split up to fish.",3678.0
1726,188,1712590301190,182.0,"That night they cooked fish, cooked potatoes, drank coffee, drank whiskey, then took their cooking things and eating things back down to the river and washed them where the girl was.",6403.0
1726,189,1712590302242,32.0,They played some cards later on.,1052.0
1726,190,1712590304903,55.0,Maybe they played until they couldn't see them anymore.,2660.0
1726,191,1712590307173,28.0,Vern Williams went to sleep.,2270.0
1726,192,1712590308157,28.0,But the others told stories.,983.0
1726,193,1712590312226,100.0,Gordon Johnson said the trout they'd caught were hard because of the terrible coldness of the water.,4069.0
1726,194,1712590316785,154.0,"The next morning they got up late, drank whiskey, fished a little, took down their tents, rolled their sleeping bags, gathered their stuff, and hiked out.",4559.0
1726,195,1712590317918,41.0,They drove until they got to a telephone.,1133.0
1726,196,1712590318147,86.0,It was Stuart who made the call while the others stood around in the sun and listened.,229.0
1726,197,1712590320394,32.0,He gave the sheriff their names.,2247.0
1726,198,1712590321142,25.0,They had nothing to hide.,748.0
1726,199,1712590322033,21.0,They weren't ashamed.,891.0
1726,200,1712590326882,100.0,They said they'd wait until someone could come for better directions and take down their statements.,4849.0
1726,201,1712590327564,3.0,***,682.0
1726,202,1712590329157,30.0,I was asleep when he got home.,1593.0
1726,203,1712590331762,46.0,But I woke up when I heard him in the kitchen.,2605.0
1726,204,1712590334039,64.0,I found him leaning against the refrigerator with a can of beer.,2276.0
1726,205,1712590337421,68.0,He put his heavy arms around me and rubbed his big hands on my back.,3382.0
1726,206,1712590342748,85.0,In bed he put his hands on me again and then waited as if thinking of something else.,5327.0
1726,207,1712590346902,28.0,I turned and opened my legs.,4154.0
1726,208,1712590347793,36.0,"Afterwards, I think he stayed awake.",891.0
1726,209,1712590349442,53.0,He was up that morning before I could get out of bed.,1649.0
1726,210,1712590351283,54.0,"To see if there was something in the paper, I suppose.",1841.0
1726,211,1712590353165,46.0,The telephone began ringing right after eight.,1882.0
1726,212,1712590353934,13.0,"""Go to hell!""",769.0
1726,213,1712590354541,18.0,I heard him shout.,607.0
1726,214,1712590355325,31.0,The telephone rang right again.,784.0
1726,215,1712590357938,59.0,"""I have nothing to add to what I already told the sheriff!""",2613.0
1726,216,1712590358749,29.0,He slammed the receiver down.,811.0
1726,217,1712590359522,27.0,"""What is going on?"" I said.",773.0
1726,218,1712590361361,49.0,It was then that he told me what I just told you.,1838.0
1726,219,1712590361979,3.0,***,618.0
1726,220,1712590363248,44.0,I sweep up the broken dishes and go outside.,1269.0
1726,221,1712590365531,85.0,"He is lying on his back on the grass now, the newspaper and can of beer within reach.",2283.0
1726,222,1712590367129,41.0,"""Stuart, could we go for a drive?"" I say.",1598.0
1726,223,1712590368144,30.0,He rolls over and looks at me.,1015.0
1726,224,1712590369109,37.0,"""We'll pick up some beer,"" he says...",965.0
1726,225,1712590372576,62.0,He gets to his feet and touches me on the hip as he goes past.,3467.0
1726,226,1712590374025,28.0,"""Give me a minute,"" he says.",1449.0
1726,227,1712590375750,39.0,We drive through town without speaking.,1725.0
1726,228,1712590378541,39.0,He stops at a roadside market for beer.,2791.0
1726,229,1712590380982,54.0,I notice a great stack of papers just inside the door.,2441.0
1726,230,1712590385040,89.0,On the top step a fat woman in a print dress holds out a licorice stick to a little girl.,4058.0
1726,231,1712590387650,66.0,"Later on, we cross Everson Creek and turn into the picnic grounds.",2610.0
1726,232,1712590389949,79.0,The creek runs under the bridge and into a large pond a few hundred yards away.,2299.0
1726,233,1712590391546,28.0,I can see the men out there.,1597.0
1726,234,1712590393580,33.0,I can see them out there fishing.,2034.0
1726,235,1712590394781,31.0,So much water so close to home.,1201.0
1726,236,1712590397227,43.0,"I say, ""Why did you have to go miles away?""",2446.0
1726,237,1712590398677,25.0,"""Don't rile me,"" he says.",1450.0
1726,238,1712590399866,29.0,We sit on a bench in the sun.,1189.0
1726,239,1712590400653,25.0,He opens us cans of beer.,787.0
1726,240,1712590401843,25.0,"He says, ""Relax, Claire.""",1190.0
1726,241,1712590403220,30.0,"""They said they were innocent.",1377.0
1726,242,1712590405160,27.0,"They said they were crazy.""",1940.0
1726,243,1712590406185,15.0,"He says, ""Who?""",1025.0
1726,244,1712590407419,38.0,"He says, ""What are you talking about?""",1234.0
1726,245,1712590408419,21.0,"""The Maddox brothers.",1000.0
1726,246,1712590410654,54.0,They killed a girl named Arlene Hubly where I grew up.,2235.0
1726,247,1712590412375,60.0,They cut off her head and threw her into the Cle Elum River.,1721.0
1726,248,1712590413518,31.0,"It happened when I was a girl.""",1142.0
1726,249,1712590414832,40.0,"""You're going to get me riled,"" he says.",1314.0
1726,250,1712590416012,20.0,I look at the creek.,1180.0
1726,251,1712590420188,79.0,"I'm right in it, eyes open, face down, staring at the moss on the bottom, dead.",4176.0
1726,252,1712590422567,62.0,"""I don't know what's wrong with you,"" he says on the way home.",2379.0
1726,253,1712590424110,45.0,"""You're getting me more riled by the minute.""",1543.0
1726,254,1712590425172,34.0,There is nothing I can say to him.,1062.0
1726,255,1712590426167,36.0,He tries to concentrate on the road.,995.0
1726,256,1712590427672,47.0,But he keeps looking into the rear-view mirror.,1505.0
1726,257,1712590428978,9.0,He knows.,1306.0
1726,258,1712590429622,3.0,***,644.0
1726,259,1712590431336,52.0,Stuart believes he is letting me sleep this morning.,1714.0
1726,260,1712590432909,47.0,But I was awake long before the alarm went off.,1573.0
1726,261,1712590435771,74.0,"I was thinking, lying on the far side of the bed away from his hairy legs.",2862.0
1726,262,1712590438589,78.0,"He gets Dean off for school, and then he shaves, dresses, and leaves for work.",2818.0
1726,263,1712590440253,40.0,Twice he looks in and clears his throat.,1664.0
1726,264,1712590441012,26.0,But I keep my eyes closed.,759.0
1726,265,1712590442202,38.0,In the kitchen I find a note from him.,1190.0
1726,266,1712590443853,19.0,"It's signed ""Love.""",1651.0
1726,267,1712590445963,74.0,I sit in the breakfast nook and drink coffee and leave a ring on the note.,2110.0
1726,268,1712590448694,67.0,I look at the newspaper and turn it this way and that on the table.,2731.0
1726,269,1712590450270,43.0,Then I skid it close and read what it says.,1576.0
1726,270,1712590452920,38.0,"The body has been identified, claimed.",2650.0
1726,271,1712590460091,155.0,"But it took some examining it, some putting things into it, some cutting, some weighing, some measuring, some putting things back again and sewing them in.",7171.0
1726,272,1712590462015,57.0,I sit for a long time holding the newspaper and thinking.,1924.0
1726,273,1712590464567,51.0,Then I call up to get a chair at the hairdresser's.,2552.0
1726,274,1712590465019,3.0,***,452.0
1726,275,1712590468194,75.0,I sit under the dryer with a magazine on my lap and let Marnie do my nails.,3175.0
1726,276,1712590469393,42.0,"""I am going to a funeral tomorrow,"" I say.",1199.0
1726,277,1712590470413,38.0,"""I'm sorry to hear that,"" Marnie says.",1020.0
1726,278,1712590471681,25.0,"""It was a murder,"" I say.",1268.0
1726,279,1712590472802,37.0,"""That's the worst kind,"" Marnie says.",1121.0
1726,280,1712590474137,35.0,"""We weren't all that close,"" I say.",1335.0
1726,281,1712590474751,15.0,"""But you know?""",614.0
1726,282,1712590476130,45.0,"""We'll get you fixed up for it,"" Marnie says.",1379.0
1726,283,1712590480408,72.0,"That night I make my bed on the sofa, and in the morning I get up first.",4278.0
1726,284,1712590484152,50.0,I put on coffee and fix breakfast while he shaves.,3744.0
1726,285,1712590488750,76.0,"He appears in the kitchen doorway, towel over his bare shoulder, appraising.",4598.0
1726,286,1712590489991,23.0,"""Here's coffee,"" I say.",1241.0
1726,287,1712590491457,31.0,"""Eggs'll be ready in a minute.”",1466.0
1726,288,1712590493552,37.0,"I wake Dean, and the three of us eat.",2095.0
1726,289,1712590497866,79.0,"Whenever Stuart looks at me, I ask Dean if he wants more milk, more toast, etc.",4314.0
1726,290,1712590499348,56.0,"""I'll call you today,"" Stuart says as he opens the door.",1482.0
1726,291,1712590501724,42.0,"I say, ""I don't think I'll be home today.""",2376.0
1726,292,1712590502342,21.0,"""All right,"" he says.",618.0
1726,293,1712590502821,7.0,"""Sure.""",479.0
1726,294,1712590503331,18.0,I dress carefully.,510.0
1726,295,1712590506445,48.0,I try on a hat and look at myself in the mirror.,3114.0
1726,296,1712590507479,28.0,I write out a note for Dean.,1034.0
1726,297,1712590509527,69.0,"Honey, Mommy has things to do this afternoon, but will be back later.",2048.0
1726,298,1712590512755,61.0,You stay in or be in the backyard until one of us comes home.,3228.0
1726,299,1712590513357,11.0,"Love, Mommy",602.0
1726,300,1712590515037,48.0,I look at the word Love and then I underline it.,1680.0
1726,301,1712590516093,29.0,Then I see the word backyard.,1056.0
1726,302,1712590517710,22.0,Is it one word or two?,1617.0
1726,303,1712590518365,3.0,***,655.0
1726,304,1712590561711,121.0,"I drive through farm country, through fields of oats and sugar beets and past apple orchards, cattle grazing in pastures.",43346.0
1726,305,1712590565954,99.0,"Then everything changes, more like shacks than farmhouses and stands of timber instead of orchards.",4243.0
1726,306,1712590568514,78.0,"Then mountains, and on the right, far below, I sometimes see the Naches River.",2560.0
1726,307,1712590576116,64.0,A green pickup comes up behind me and stays behind me for miles.,7601.0
1726,308,1712590578090,55.0,"I keep slowing at the wrong times, hoping he will pass.",1974.0
1726,309,1712590579125,16.0,Then I speed up.,1035.0
1726,310,1712590581776,36.0,"But this is at the wrong times, too.",2651.0
1726,311,1712590584777,39.0,I grip the wheel until my fingers hurt.,3001.0
1726,312,1712590597340,37.0,On a long clear stretch he goes past.,12563.0
1726,313,1712590606074,73.0,"But he drives along beside for a bit, a crewcut man in a blue work shirt.",8734.0
1726,314,1712590607542,24.0,We look each other over.,1468.0
1726,315,1712590610929,53.0,"Then he waves, toots his horn, and pulls on up ahead.",3387.0
1726,316,1712590612522,29.0,I slow down and find a place.,1593.0
1726,317,1712590613565,35.0,I pull over and shut off the motor.,1043.0
1726,318,1712590627130,42.0,I can hear the river down below the trees.,13565.0
1726,319,1712590634441,35.0,Then I hear the pickup coming back.,7311.0
1726,320,1712590637936,41.0,I lock the doors and roll up the windows.,3495.0
1726,321,1712590639326,30.0,"""You all right?"" the man says.",1389.0
1726,322,1712590640669,21.0,He raps on the glass.,1343.0
1726,323,1712590641435,11.0,"""You okay?""",766.0
1726,324,1712590643251,64.0,He leans his arms on the door and brings his face to the window.,1816.0
1726,325,1712590643990,15.0,I stare at him.,739.0
1726,326,1712590645289,30.0,I can't think what else to do.,1299.0
1726,327,1712590646264,34.0,"""Is everything all right in there?",975.0
1726,328,1712590648055,31.0,"How come you're all locked up?""",1791.0
1726,329,1712590648661,16.0,I shake my head.,606.0
1726,330,1712590649658,24.0,"""Roll down your window.""",997.0
1726,331,1712590651798,64.0,He shakes his head and looks at the highway and then back at me.,2140.0
1726,332,1712590652833,19.0,"""Roll it down now.""",1035.0
1726,333,1712590653931,32.0,"""Please,"" I say, ""I have to go.""",1098.0
1726,334,1712590655401,50.0,"""Open the door,"" he says as if he isn't listening.",1470.0
1726,335,1712590656615,33.0,"""You're going to choke in there.""",1213.0
1726,336,1712590658588,32.0,"He looks at my breasts, my legs.",1973.0
1726,337,1712590659986,34.0,I can tell that's what he's doing.,1398.0
1726,338,1712590660691,22.0,"""Hey, sugar,"" he says.",705.0
1726,339,1712590661799,31.0,"""I'm just here to help is all.""",1108.0
1726,340,1712590662472,3.0,***,673.0
1726,341,1712590664351,52.0,The casket is closed and covered with floral sprays.,1879.0
1726,342,1712590667311,45.0,The organ starts up the minute I take a seat.,2960.0
1726,343,1712590668884,40.0,People are coming in and finding chairs.,1573.0
1726,344,1712590670747,63.0,There's a boy in flared pants and a yellow short-sleeved shirt.,1863.0
1726,345,1712590675710,100.0,A door opens and the family comes in in a group and moves over to a curtained place off to one side.,4963.0
1726,346,1712590677967,39.0,Chairs creak as everybody gets settled.,2257.0
1726,347,1712590681866,83.0,"Directly, a nice blond man in a nice dark suit stands and asks us to bow our heads.",3899.0
1726,348,1712590686248,105.0,"He says a prayer for us, the living, and when he finishes, he says a prayer for the soul of the departed.",4382.0
1726,349,1712590689083,43.0,Along with the others I go past the casket.,2835.0
1726,350,1712590692521,66.0,Then I move out onto the front steps and into the afternoon light.,3438.0
1726,351,1712590694824,66.0,There's a woman who limps as she goes down the stairs ahead of me.,2303.0
1726,352,1712590696400,33.0,On the sidewalk she looks around.,1576.0
1726,353,1712590697569,31.0,"""Well, they got him,"" she says.",1169.0
1726,354,1712590698438,27.0,"""If that's any consolation.",869.0
1726,355,1712590699510,31.0,They arrested him this morning.,1072.0
1726,356,1712590700967,38.0,I heard it on the radio before I come.,1457.0
1726,357,1712590702606,26.0,"A boy right here in town.""",1639.0
1726,358,1712590704456,42.0,We move a few steps down the hot sidewalk.,1850.0
1726,359,1712590705367,25.0,People are starting cars.,911.0
1726,360,1712590708042,49.0,I put out my hand and hold on to a parking meter.,2674.0
1726,361,1712590710040,36.0,Polished hoods and polished fenders.,1998.0
1726,362,1712590711225,14.0,My head swims.,1185.0
1726,363,1712590712765,41.0,"I say, ""They have friends, these killers.",1540.0
1726,364,1712590718832,16.0,"You can't tell.""",6067.0
1726,365,1712590755153,70.0,"""I have known that child since she was a little girl,"" the woman says.",36321.0
1726,366,1712590757595,93.0,"""She used to come over and I'd bake cookies for her and let her eat them in front of the TV.""",2442.0
1726,367,1712590758177,3.0,***,582.0
1726,368,1712590760523,76.0,"Back home, Stuart sits at the table with a drink of whiskey in front of him.",2346.0
1726,369,1712590762291,57.0,For a crazy instant I think something's happened to Dean.,1768.0
1726,370,1712590762820,14.0,"""Where is he?""",528.0
1726,371,1712590763215,6.0,I say.,395.0
1726,372,1712590763847,16.0,"""Where is Dean?""",632.0
1726,373,1712590764674,27.0,"""Outside,"" my husband says.",827.0
1726,374,1712590765907,34.0,He drains his glass and stands up.,1233.0
1726,375,1712590767784,40.0,"He says, ""I think I know what you need.""",1877.0
1726,376,1712590773510,138.0,He reaches an arm around my waist and with his other hand he begins to unbutton my jacket and then he goes on to the buttons of my blouse.,5726.0
1726,377,1712590774702,30.0,"""First things first,"" he says.",1192.0
1726,378,1712590775226,23.0,He says something else.,524.0
1726,379,1712590776004,27.0,But I don't need to listen.,778.0
1726,380,1712590777603,46.0,I can't hear a thing with so much water going.,1599.0
1726,381,1712590778218,3.0,***,615.0
1655,71,1712427871835,3.0,***,2490.0
1655,72,1712427874314,37.0,My husband eats with a good appetite.,2479.0
1655,73,1712427877162,37.0,But I don't think he's really hungry.,2848.0
1655,74,1712427881114,69.0,"He chews, arms on the table, and stares at something across the room.",3952.0
1655,75,1712427883890,30.0,He looks at me and looks away.,2776.0
1655,76,1712427886714,33.0,He wipes his mouth on the napkin.,2824.0
1655,77,1712427889401,30.0,"He shrugs, and goes on eating.",2687.0
1655,78,1712427892361,42.0,"""What are you staring at me for?"" he says.",2960.0
1655,79,1712427895634,45.0,"""What is it?"" he says and lays down his fork.",3272.0
1655,80,1712427898498,42.0,"""Was I staring?"" I say, and shake my head.",2864.0
1655,81,1712427900849,20.0,The telephone rings.,2351.0
1655,82,1712427903569,27.0,"""Don't answer it,"" he says.",2719.0
1655,83,1712427906282,33.0,"""It might be your mother,"" I say.",2713.0
1655,84,1712427909313,25.0,"""Watch and see,"" he says.",3031.0
1655,85,1712427911649,34.0,I pick up the receiver and listen.,2336.0
1655,86,1712427914145,24.0,My husband stops eating.,2496.0
1655,87,1712427916625,46.0,"""What did I tell you?"" he says when I hang up.",2480.0
1655,88,1712427918833,23.0,He starts to eat again.,2208.0
1655,89,1712427921025,36.0,Then throws his napkin on his plate.,2192.0
1655,90,1712427922937,63.0,"He says, ""Goddamn it, why can't people mind their own business?",1912.0
1655,91,1712427925649,41.0,Tell me what I did wrong and I'll listen!,2712.0
1655,92,1712427928241,28.0,I wasn't the only man there.,2592.0
1655,93,1712427930473,37.0,We talked it over and we all decided.,2232.0
1655,94,1712427932873,29.0,We couldn't just turn around.,2400.0
1655,95,1712427936041,32.0,We were five miles from the car.,3168.0
1655,96,1712427938681,34.0,I won't have you passing judgment.,2640.0
1655,97,1712427940345,13.0,"Do you hear?""",1664.0
1655,98,1712427942874,18.0,"""You know,"" I say.",2528.0
1655,99,1712427944889,33.0,"He says, ""What do I know, Claire?",2015.0
1655,100,1712427946585,34.0,Tell me what I'm supposed to know.,1696.0
1655,101,1712427948281,40.0,"I don't know anything except one thing?""",1696.0
1655,102,1712427950289,48.0,He gives me what he thinks is a meaningful look.,2008.0
1655,103,1712427952089,24.0,"""She was dead,"" he says.",1800.0
1655,104,1712427953625,33.0,"""And I'm as sorry as anyone else.",1536.0
1655,105,1712427955152,18.0,"But she was dead.""",1527.0
1655,106,1712427956433,26.0,"""That's the point,"" I say.",1281.0
1655,107,1712427957577,20.0,He raises his hands.,1144.0
1655,108,1712427959497,40.0,He pushes his chair away from the table.,1920.0
1655,109,1712427962425,72.0,He takes out his cigarettes and goes out to the back with a can of beer.,2928.0
1655,110,1712427964961,64.0,I see him sit in the lawn chair and pick up the newspaper again.,2536.0
1655,111,1712427966577,39.0,His name is in there on the first page.,1616.0
1655,112,1712427968553,36.0,Along with the names of his friends.,1976.0
1655,113,1712427971008,40.0,I close my eyes and hold on to the sink.,2455.0
1655,114,1712427973521,74.0,Then I rake my arm across the drainboard and send the dishes to the floor.,2513.0
1655,115,1712427976288,16.0,He doesn't move.,2767.0
1655,116,1712427977952,18.0,I know he's heard.,1663.0
1655,117,1712427979776,40.0,He lifts his head as if still listening.,1823.0
1655,118,1712427982040,30.0,But he doesn't move otherwise.,2263.0
1655,119,1712427983897,23.0,He doesn't turn around.,1856.0
1655,120,1712427985536,3.0,***,1639.0
1655,121,1712427991696,88.0,"He and Gordon Johnson and Mel Dorn and Vern Williams, they play poker and bowl and fish.",6160.0
1655,122,1712427993680,85.0,They fish every spring and early summer before visiting relatives can get in the way.,1984.0
1655,123,1712427996000,65.0,"They are decent men, family men, men who take care of their jobs.",2320.0
1655,124,1712427998281,65.0,"They have sons and daughters who go to school with our son, Dean.",2280.0
1655,125,1712428000561,55.0,Last Friday these family men left for the Naches River.,2280.0
1655,126,1712428002641,76.0,They parked the car in the mountains and hiked to where they wanted to fish.,2080.0
1655,127,1712428004505,76.0,"They carried their bedrolls, their food, their playing cards, their whiskey.",1863.0
1655,128,1712428007033,42.0,They saw the girl before they set up camp.,2528.0
1655,129,1712428008433,19.0,Mel Dorn found her.,1400.0
1655,130,1712428009561,25.0,No clothes on her at all.,1128.0
1655,131,1712428012073,64.0,She was wedged into some branches that stuck out over the water.,2512.0
1655,132,1712428014401,43.0,He called the others and they came to look.,2328.0
1655,133,1712428016361,29.0,They talked about what to do.,1960.0
1655,134,1712428021009,82.0,One of the men - my Stuart didn't say which - said they should start back at once.,4648.0
1655,135,1712428023800,86.0,"The others stirred the sand with their shoes, said they didn't feel inclined that way.",2791.0
1655,136,1712428025769,82.0,"They pleaded fatigue, the late hour, the fact that the girl wasn't going anywhere.",1968.0
1655,137,1712428027712,47.0,In the end they went ahead and set up the camp.,1943.0
1655,138,1712428029009,42.0,They built a fire and drank their whiskey.,1296.0
1655,139,1712428030120,50.0,"When the moon came up, they talked about the girl.",1111.0
1655,140,1712428032593,59.0,Someone said they should -keep the body from drifting away.,2472.0
1655,141,1712428033976,55.0,They took their flashlights and went back to the river.,1383.0
1655,142,1712428035600,66.0,One of the men - it might have been Stuart - waded in and got her.,1624.0
1655,143,1712428037241,53.0,He took her by the fingers and pulled her into shore.,1641.0
1655,144,1712428039169,87.0,He got some nylon cord and tied it to her wrist and then looped the rest around a tree.,1928.0
1655,145,1712428041536,99.0,"The next morning they cooked breakfast, drank coffee, and drank whiskey, and then split up to fish.",2367.0
1655,146,1712428045945,182.0,"That night they cooked fish, cooked potatoes, drank coffee, drank whiskey, then took their cooking things and eating things back down to the river and washed them where the girl was.",4408.0
1655,147,1712428047473,32.0,They played some cards later on.,1528.0
1655,148,1712428048952,55.0,Maybe they played until they couldn't see them anymore.,1479.0
1655,149,1712428050264,28.0,Vern Williams went to sleep.,1312.0
1655,150,1712428051408,28.0,But the others told stories.,1144.0
1655,151,1712428053912,100.0,Gordon Johnson said the trout they'd caught were hard because of the terrible coldness of the water.,2504.0
1655,152,1712428056512,154.0,"The next morning they got up late, drank whiskey, fished a little, took down their tents, rolled their sleeping bags, gathered their stuff, and hiked out.",2600.0
1655,153,1712428057872,41.0,They drove until they got to a telephone.,1360.0
1655,154,1712428060048,86.0,It was Stuart who made the call while the others stood around in the sun and listened.,2176.0
1655,155,1712428061448,32.0,He gave the sheriff their names.,1400.0
1655,156,1712428062608,25.0,They had nothing to hide.,1159.0
1655,157,1712428063728,21.0,They weren't ashamed.,1120.0
1655,158,1712428065904,100.0,They said they'd wait until someone could come for better directions and take down their statements.,2176.0
1655,159,1712428067008,3.0,***,1104.0
1655,160,1712428068743,30.0,I was asleep when he got home.,1735.0
1655,161,1712428070279,46.0,But I woke up when I heard him in the kitchen.,1535.0
1655,162,1712428071791,64.0,I found him leaning against the refrigerator with a can of beer.,1511.0
1655,163,1712428074568,68.0,He put his heavy arms around me and rubbed his big hands on my back.,2776.0
1655,164,1712428076648,85.0,In bed he put his hands on me again and then waited as if thinking of something else.,2079.0
1655,165,1712428078223,28.0,I turned and opened my legs.,1575.0
1655,166,1712428079552,36.0,"Afterwards, I think he stayed awake.",1329.0
1655,167,1712428080887,53.0,He was up that morning before I could get out of bed.,1335.0
1655,168,1712428082935,54.0,"To see if there was something in the paper, I suppose.",2048.0
1655,169,1712428084311,46.0,The telephone began ringing right after eight.,1376.0
1655,170,1712428085551,13.0,"""Go to hell!""",1239.0
1655,171,1712428086551,18.0,I heard him shout.,1000.0
1655,172,1712428087407,31.0,The telephone rang right again.,856.0
1655,173,1712428089792,59.0,"""I have nothing to add to what I already told the sheriff!""",2384.0
1655,174,1712428091120,29.0,He slammed the receiver down.,1328.0
1655,175,1712428092391,27.0,"""What is going on?"" I said.",1271.0
1655,176,1712428093807,49.0,It was then that he told me what I just told you.,1416.0
1655,177,1712428094855,3.0,***,1048.0
1655,178,1712428096135,44.0,I sweep up the broken dishes and go outside.,1280.0
1655,179,1712428097943,85.0,"He is lying on his back on the grass now, the newspaper and can of beer within reach.",1808.0
1655,180,1712428099471,41.0,"""Stuart, could we go for a drive?"" I say.",1528.0
1655,181,1712428100727,30.0,He rolls over and looks at me.,1256.0
1655,182,1712428102199,37.0,"""We'll pick up some beer,"" he says...",1472.0
1655,183,1712428104207,62.0,He gets to his feet and touches me on the hip as he goes past.,2008.0
1655,184,1712428105591,28.0,"""Give me a minute,"" he says.",1384.0
1655,185,1712428106983,39.0,We drive through town without speaking.,1392.0
1655,186,1712428108527,39.0,He stops at a roadside market for beer.,1544.0
1655,187,1712428109895,54.0,I notice a great stack of papers just inside the door.,1368.0
1655,188,1712428111767,89.0,On the top step a fat woman in a print dress holds out a licorice stick to a little girl.,1872.0
1655,189,1712428113642,66.0,"Later on, we cross Everson Creek and turn into the picnic grounds.",1875.0
1655,190,1712428115295,79.0,The creek runs under the bridge and into a large pond a few hundred yards away.,1653.0
1655,191,1712428116903,28.0,I can see the men out there.,1608.0
1655,192,1712428118159,33.0,I can see them out there fishing.,1256.0
1655,193,1712428119735,31.0,So much water so close to home.,1576.0
1655,194,1712428121559,43.0,"I say, ""Why did you have to go miles away?""",1824.0
1655,195,1712428122983,25.0,"""Don't rile me,"" he says.",1424.0
1655,196,1712428124071,29.0,We sit on a bench in the sun.,1088.0
1655,197,1712428125127,25.0,He opens us cans of beer.,1056.0
1655,198,1712428126071,25.0,"He says, ""Relax, Claire.""",944.0
1655,199,1712428127239,30.0,"""They said they were innocent.",1168.0
1655,200,1712428128367,27.0,"They said they were crazy.""",1128.0
1655,201,1712428129639,15.0,"He says, ""Who?""",1272.0
1655,202,1712428130991,38.0,"He says, ""What are you talking about?""",1352.0
1655,203,1712428132199,21.0,"""The Maddox brothers.",1208.0
1655,204,1712428134807,54.0,They killed a girl named Arlene Hubly where I grew up.,2608.0
1655,205,1712428136687,60.0,They cut off her head and threw her into the Cle Elum River.,1880.0
1655,206,1712428138423,31.0,"It happened when I was a girl.""",1736.0
1655,207,1712428139695,40.0,"""You're going to get me riled,"" he says.",1272.0
1655,208,1712428140791,20.0,I look at the creek.,1096.0
1655,209,1712428146327,79.0,"I'm right in it, eyes open, face down, staring at the moss on the bottom, dead.",5536.0
1655,210,1712428147863,62.0,"""I don't know what's wrong with you,"" he says on the way home.",1536.0
1655,211,1712428149335,45.0,"""You're getting me more riled by the minute.""",1472.0
1655,212,1712428150439,34.0,There is nothing I can say to him.,1104.0
1655,213,1712428151359,36.0,He tries to concentrate on the road.,920.0
1655,214,1712428152383,47.0,But he keeps looking into the rear-view mirror.,1024.0
1655,215,1712428153263,9.0,He knows.,880.0
1655,216,1712428154088,3.0,***,825.0
1655,217,1712428155551,52.0,Stuart believes he is letting me sleep this morning.,1463.0
1655,218,1712428156751,47.0,But I was awake long before the alarm went off.,1200.0
1655,219,1712428158871,74.0,"I was thinking, lying on the far side of the bed away from his hairy legs.",2120.0
1655,220,1712428160535,78.0,"He gets Dean off for school, and then he shaves, dresses, and leaves for work.",1664.0
1655,221,1712428161631,40.0,Twice he looks in and clears his throat.,1096.0
1655,222,1712428162495,26.0,But I keep my eyes closed.,864.0
1655,223,1712428163519,38.0,In the kitchen I find a note from him.,1024.0
1655,224,1712428164327,19.0,"It's signed ""Love.""",808.0
1655,225,1712428165903,74.0,I sit in the breakfast nook and drink coffee and leave a ring on the note.,1576.0
1655,226,1712428167631,67.0,I look at the newspaper and turn it this way and that on the table.,1728.0
1655,227,1712428168919,43.0,Then I skid it close and read what it says.,1288.0
1655,228,1712428169927,38.0,"The body has been identified, claimed.",1008.0
1655,229,1712428177999,155.0,"But it took some examining it, some putting things into it, some cutting, some weighing, some measuring, some putting things back again and sewing them in.",8072.0
1655,230,1712428179303,57.0,I sit for a long time holding the newspaper and thinking.,1304.0
1655,231,1712428180279,51.0,Then I call up to get a chair at the hairdresser's.,976.0
1655,232,1712428181215,3.0,***,936.0
1655,233,1712428182959,75.0,I sit under the dryer with a magazine on my lap and let Marnie do my nails.,1744.0
1655,234,1712428184407,42.0,"""I am going to a funeral tomorrow,"" I say.",1448.0
1655,235,1712428185343,38.0,"""I'm sorry to hear that,"" Marnie says.",936.0
1655,236,1712428186375,25.0,"""It was a murder,"" I say.",1031.0
1655,237,1712428187287,37.0,"""That's the worst kind,"" Marnie says.",912.0
1655,238,1712428189327,35.0,"""We weren't all that close,"" I say.",2040.0
1655,239,1712428190110,15.0,"""But you know?""",783.0
1655,240,1712428191751,45.0,"""We'll get you fixed up for it,"" Marnie says.",1641.0
1655,241,1712428193159,72.0,"That night I make my bed on the sofa, and in the morning I get up first.",1408.0
1655,242,1712428194407,50.0,I put on coffee and fix breakfast while he shaves.,1247.0
1655,243,1712428195927,76.0,"He appears in the kitchen doorway, towel over his bare shoulder, appraising.",1519.0
1655,244,1712428197014,23.0,"""Here's coffee,"" I say.",1087.0
1655,245,1712428198262,31.0,"""Eggs'll be ready in a minute.”",1247.0
1655,246,1712428199367,37.0,"I wake Dean, and the three of us eat.",1105.0
1655,247,1712428201174,79.0,"Whenever Stuart looks at me, I ask Dean if he wants more milk, more toast, etc.",1807.0
1655,248,1712428203406,56.0,"""I'll call you today,"" Stuart says as he opens the door.",2232.0
1655,249,1712428204726,42.0,"I say, ""I don't think I'll be home today.""",1320.0
1655,250,1712428205806,21.0,"""All right,"" he says.",1080.0
1655,251,1712428206718,7.0,"""Sure.""",911.0
1655,252,1712428207518,18.0,I dress carefully.,800.0
1655,253,1712428208542,48.0,I try on a hat and look at myself in the mirror.,1024.0
1655,254,1712428209431,28.0,I write out a note for Dean.,888.0
1655,255,1712428211118,69.0,"Honey, Mommy has things to do this afternoon, but will be back later.",1687.0
1655,256,1712428214566,61.0,You stay in or be in the backyard until one of us comes home.,3448.0
1655,257,1712428215406,11.0,"Love, Mommy",840.0
1655,258,1712428216734,48.0,I look at the word Love and then I underline it.,1328.0
1655,259,1712428218174,29.0,Then I see the word backyard.,1440.0
1655,260,1712428219182,22.0,Is it one word or two?,1008.0
1655,261,1712428220134,3.0,***,952.0
1655,262,1712428222518,121.0,"I drive through farm country, through fields of oats and sugar beets and past apple orchards, cattle grazing in pastures.",2384.0
1655,263,1712428224430,99.0,"Then everything changes, more like shacks than farmhouses and stands of timber instead of orchards.",1912.0
1655,264,1712428226030,78.0,"Then mountains, and on the right, far below, I sometimes see the Naches River.",1600.0
1655,265,1712428227534,64.0,A green pickup comes up behind me and stays behind me for miles.,1504.0
1655,266,1712428228983,55.0,"I keep slowing at the wrong times, hoping he will pass.",1449.0
1655,267,1712428229942,16.0,Then I speed up.,959.0
1655,268,1712428231431,36.0,"But this is at the wrong times, too.",1489.0
1655,269,1712428232510,39.0,I grip the wheel until my fingers hurt.,1079.0
1655,270,1712428233598,37.0,On a long clear stretch he goes past.,1088.0
1655,271,1712428235247,73.0,"But he drives along beside for a bit, a crewcut man in a blue work shirt.",1649.0
1655,272,1712428236319,24.0,We look each other over.,1072.0
1655,273,1712428237678,53.0,"Then he waves, toots his horn, and pulls on up ahead.",1359.0
1655,274,1712428238878,29.0,I slow down and find a place.,1200.0
1655,275,1712428239861,35.0,I pull over and shut off the motor.,983.0
1655,276,1712428241062,42.0,I can hear the river down below the trees.,1200.0
1655,277,1712428242054,35.0,Then I hear the pickup coming back.,992.0
1655,278,1712428243013,41.0,I lock the doors and roll up the windows.,959.0
1655,279,1712428243965,30.0,"""You all right?"" the man says.",952.0
1655,280,1712428244733,21.0,He raps on the glass.,768.0
1655,281,1712428245517,11.0,"""You okay?""",784.0
1655,282,1712428246621,64.0,He leans his arms on the door and brings his face to the window.,1103.0
1655,283,1712428247485,15.0,I stare at him.,864.0
1655,284,1712428248325,30.0,I can't think what else to do.,839.0
1655,285,1712428249197,34.0,"""Is everything all right in there?",872.0
1655,286,1712428250133,31.0,"How come you're all locked up?""",936.0
1655,287,1712428250901,16.0,I shake my head.,768.0
1655,288,1712428251693,24.0,"""Roll down your window.""",792.0
1655,289,1712428252934,64.0,He shakes his head and looks at the highway and then back at me.,1241.0
1655,290,1712428253917,19.0,"""Roll it down now.""",983.0
1655,291,1712428254925,32.0,"""Please,"" I say, ""I have to go.""",1007.0
1655,292,1712428256061,50.0,"""Open the door,"" he says as if he isn't listening.",1136.0
1655,293,1712428257245,33.0,"""You're going to choke in there.""",1184.0
1655,294,1712428258309,32.0,"He looks at my breasts, my legs.",1064.0
1655,295,1712428259189,34.0,I can tell that's what he's doing.,880.0
1655,296,1712428260093,22.0,"""Hey, sugar,"" he says.",904.0
1655,297,1712428260941,31.0,"""I'm just here to help is all.""",848.0
1655,298,1712428261813,3.0,***,872.0
1655,299,1712428263085,52.0,The casket is closed and covered with floral sprays.,1272.0
1655,300,1712428264109,45.0,The organ starts up the minute I take a seat.,1024.0
1655,301,1712428265037,40.0,People are coming in and finding chairs.,928.0
1655,302,1712428266741,63.0,There's a boy in flared pants and a yellow short-sleeved shirt.,1704.0
1655,303,1712428268862,100.0,A door opens and the family comes in in a group and moves over to a curtained place off to one side.,2121.0
1655,304,1712428269877,39.0,Chairs creak as everybody gets settled.,1015.0
1655,305,1712428271637,83.0,"Directly, a nice blond man in a nice dark suit stands and asks us to bow our heads.",1760.0
1655,306,1712428275069,105.0,"He says a prayer for us, the living, and when he finishes, he says a prayer for the soul of the departed.",3432.0
1655,307,1712428277205,43.0,Along with the others I go past the casket.,2136.0
1655,308,1712428278509,66.0,Then I move out onto the front steps and into the afternoon light.,1304.0
1655,309,1712428280237,66.0,There's a woman who limps as she goes down the stairs ahead of me.,1728.0
1655,310,1712428281229,33.0,On the sidewalk she looks around.,992.0
1655,311,1712428282533,31.0,"""Well, they got him,"" she says.",1304.0
1655,312,1712428283349,27.0,"""If that's any consolation.",816.0
1655,313,1712428284245,31.0,They arrested him this morning.,896.0
1655,314,1712428285157,38.0,I heard it on the radio before I come.,912.0
1655,315,1712428286101,26.0,"A boy right here in town.""",944.0
1655,316,1712428286989,42.0,We move a few steps down the hot sidewalk.,888.0
1655,317,1712428287853,25.0,People are starting cars.,864.0
1655,318,1712428288757,49.0,I put out my hand and hold on to a parking meter.,904.0
1655,319,1712428289557,36.0,Polished hoods and polished fenders.,800.0
1655,320,1712428290357,14.0,My head swims.,800.0
1655,321,1712428291573,41.0,"I say, ""They have friends, these killers.",1216.0
1655,322,1712428292533,16.0,"You can't tell.""",960.0
1655,323,1712428294469,70.0,"""I have known that child since she was a little girl,"" the woman says.",1936.0
1655,324,1712428296149,93.0,"""She used to come over and I'd bake cookies for her and let her eat them in front of the TV.""",1680.0
1655,325,1712428297077,3.0,***,928.0
1655,326,1712428298821,76.0,"Back home, Stuart sits at the table with a drink of whiskey in front of him.",1744.0
1655,327,1712428299957,57.0,For a crazy instant I think something's happened to Dean.,1136.0
1655,328,1712428300845,14.0,"""Where is he?""",888.0
1655,329,1712428301581,6.0,I say.,736.0
1655,330,1712428302293,16.0,"""Where is Dean?""",712.0
1655,331,1712428303029,27.0,"""Outside,"" my husband says.",736.0
1655,332,1712428303821,34.0,He drains his glass and stands up.,792.0
1655,333,1712428305157,40.0,"He says, ""I think I know what you need.""",1336.0
1655,334,1712428307653,138.0,He reaches an arm around my waist and with his other hand he begins to unbutton my jacket and then he goes on to the buttons of my blouse.,2496.0
1655,335,1712428308645,30.0,"""First things first,"" he says.",992.0
1655,336,1712428309365,23.0,He says something else.,720.0
1655,337,1712428310061,27.0,But I don't need to listen.,696.0
1655,338,1712428311189,46.0,I can't hear a thing with so much water going.,1128.0
1655,339,1712428311997,3.0,***,808.0
1720,129,1712620825293,3.0,***,2347.0
1720,130,1712620826349,37.0,My husband eats with a good appetite.,1056.0
1720,131,1712620827428,37.0,But I don't think he's really hungry.,1079.0
1720,132,1712620829793,69.0,"He chews, arms on the table, and stares at something across the room.",2365.0
1720,133,1712620830962,30.0,He looks at me and looks away.,1169.0
1720,134,1712620831977,33.0,He wipes his mouth on the napkin.,1015.0
1720,135,1712620833258,30.0,"He shrugs, and goes on eating.",1280.0
1720,136,1712620834054,42.0,"""What are you staring at me for?"" he says.",796.0
1720,137,1712620835261,45.0,"""What is it?"" he says and lays down his fork.",1207.0
1720,138,1712620836432,42.0,"""Was I staring?"" I say, and shake my head.",1170.0
1720,139,1712620837129,20.0,The telephone rings.,697.0
1720,140,1712620837895,27.0,"""Don't answer it,"" he says.",766.0
1720,141,1712620838795,33.0,"""It might be your mother,"" I say.",900.0
1720,142,1712620839580,25.0,"""Watch and see,"" he says.",785.0
1720,143,1712620840573,34.0,I pick up the receiver and listen.,993.0
1720,144,1712620841379,24.0,My husband stops eating.,806.0
1720,145,1712620842392,46.0,"""What did I tell you?"" he says when I hang up.",1013.0
1720,146,1712620843357,23.0,He starts to eat again.,965.0
1720,147,1712620844307,36.0,Then throws his napkin on his plate.,950.0
1720,148,1712620845565,63.0,"He says, ""Goddamn it, why can't people mind their own business?",1258.0
1720,149,1712620846656,41.0,Tell me what I did wrong and I'll listen!,1091.0
1720,150,1712620847840,28.0,I wasn't the only man there.,1183.0
1720,151,1712620849055,37.0,We talked it over and we all decided.,1214.0
1720,152,1712620850198,29.0,We couldn't just turn around.,1143.0
1720,153,1712620851126,32.0,We were five miles from the car.,927.0
1720,154,1712620852045,34.0,I won't have you passing judgment.,919.0
1720,155,1712620853015,13.0,"Do you hear?""",969.0
1720,156,1712620853870,18.0,"""You know,"" I say.",855.0
1720,157,1712620854881,33.0,"He says, ""What do I know, Claire?",1009.0
1720,158,1712620855751,34.0,Tell me what I'm supposed to know.,870.0
1720,159,1712620856411,40.0,"I don't know anything except one thing?""",660.0
1720,160,1712620858436,48.0,He gives me what he thinks is a meaningful look.,2025.0
1720,161,1712620859292,24.0,"""She was dead,"" he says.",856.0
1720,162,1712620860415,33.0,"""And I'm as sorry as anyone else.",1122.0
1720,163,1712620861112,18.0,"But she was dead.""",697.0
1720,164,1712620861771,26.0,"""That's the point,"" I say.",659.0
1720,165,1712620862530,20.0,He raises his hands.,759.0
1720,166,1712620863206,40.0,He pushes his chair away from the table.,676.0
1720,167,1712620864421,72.0,He takes out his cigarettes and goes out to the back with a can of beer.,1215.0
1720,168,1712620866380,64.0,I see him sit in the lawn chair and pick up the newspaper again.,1959.0
1720,169,1712620867278,39.0,His name is in there on the first page.,898.0
1720,170,1712620868131,36.0,Along with the names of his friends.,852.0
1720,171,1712620869169,40.0,I close my eyes and hold on to the sink.,1038.0
1720,172,1712620872093,74.0,Then I rake my arm across the drainboard and send the dishes to the floor.,2924.0
1720,173,1712620872755,16.0,He doesn't move.,662.0
1720,174,1712620873263,18.0,I know he's heard.,508.0
1720,175,1712620874205,40.0,He lifts his head as if still listening.,942.0
1720,176,1712620874799,30.0,But he doesn't move otherwise.,594.0
1720,177,1712620875322,23.0,He doesn't turn around.,523.0
1720,178,1712620876078,3.0,***,756.0
1720,179,1712620879516,88.0,"He and Gordon Johnson and Mel Dorn and Vern Williams, they play poker and bowl and fish.",3438.0
1720,180,1712620882398,85.0,They fish every spring and early summer before visiting relatives can get in the way.,2882.0
1720,181,1712620884063,65.0,"They are decent men, family men, men who take care of their jobs.",1664.0
1720,182,1712620886336,65.0,"They have sons and daughters who go to school with our son, Dean.",2273.0
1720,183,1712620887540,55.0,Last Friday these family men left for the Naches River.,1204.0
1720,184,1712620888991,76.0,They parked the car in the mountains and hiked to where they wanted to fish.,1451.0
1720,185,1712620890556,76.0,"They carried their bedrolls, their food, their playing cards, their whiskey.",1565.0
1720,186,1712620891781,42.0,They saw the girl before they set up camp.,1225.0
1720,187,1712620892815,19.0,Mel Dorn found her.,1034.0
1720,188,1712620893423,25.0,No clothes on her at all.,608.0
1720,189,1712620894302,64.0,She was wedged into some branches that stuck out over the water.,879.0
1720,190,1712620895314,43.0,He called the others and they came to look.,1012.0
1720,191,1712620895987,29.0,They talked about what to do.,673.0
1720,192,1712620899003,82.0,One of the men - my Stuart didn't say which - said they should start back at once.,3016.0
1720,193,1712620900624,86.0,"The others stirred the sand with their shoes, said they didn't feel inclined that way.",1621.0
1720,194,1712620903183,82.0,"They pleaded fatigue, the late hour, the fact that the girl wasn't going anywhere.",2559.0
1720,195,1712620904280,47.0,In the end they went ahead and set up the camp.,1096.0
1720,196,1712620905133,42.0,They built a fire and drank their whiskey.,853.0
1720,197,1712620906088,50.0,"When the moon came up, they talked about the girl.",954.0
1720,198,1712620907123,59.0,Someone said they should -keep the body from drifting away.,1035.0
1720,199,1712620908115,55.0,They took their flashlights and went back to the river.,992.0
1720,200,1712620909210,66.0,One of the men - it might have been Stuart - waded in and got her.,1095.0
1720,201,1712620910083,53.0,He took her by the fingers and pulled her into shore.,873.0
1720,202,1712620911717,87.0,He got some nylon cord and tied it to her wrist and then looped the rest around a tree.,1634.0
1720,203,1712620913332,99.0,"The next morning they cooked breakfast, drank coffee, and drank whiskey, and then split up to fish.",1614.0
1720,204,1712620917520,182.0,"That night they cooked fish, cooked potatoes, drank coffee, drank whiskey, then took their cooking things and eating things back down to the river and washed them where the girl was.",4188.0
1720,205,1712620918286,32.0,They played some cards later on.,765.0
1720,206,1712620919975,55.0,Maybe they played until they couldn't see them anymore.,1689.0
1720,207,1712620920763,28.0,Vern Williams went to sleep.,788.0
1720,208,1712620921254,28.0,But the others told stories.,490.0
1720,209,1712620925443,100.0,Gordon Johnson said the trout they'd caught were hard because of the terrible coldness of the water.,4188.0
1720,210,1712620928017,154.0,"The next morning they got up late, drank whiskey, fished a little, took down their tents, rolled their sleeping bags, gathered their stuff, and hiked out.",2574.0
1720,211,1712620928524,41.0,They drove until they got to a telephone.,506.0
1720,212,1712620929842,86.0,It was Stuart who made the call while the others stood around in the sun and listened.,1318.0
1720,213,1712620930503,32.0,He gave the sheriff their names.,660.0
1720,214,1712620930956,25.0,They had nothing to hide.,453.0
1720,215,1712620931336,21.0,They weren't ashamed.,380.0
1720,216,1712620933552,100.0,They said they'd wait until someone could come for better directions and take down their statements.,2216.0
1720,217,1712620934325,3.0,***,773.0
1720,218,1712620935208,30.0,I was asleep when he got home.,883.0
1720,219,1712620935768,46.0,But I woke up when I heard him in the kitchen.,560.0
1720,220,1712620936670,64.0,I found him leaning against the refrigerator with a can of beer.,902.0
1720,221,1712620938018,68.0,He put his heavy arms around me and rubbed his big hands on my back.,1347.0
1720,222,1712620940943,85.0,In bed he put his hands on me again and then waited as if thinking of something else.,2925.0
1720,223,1712620941597,28.0,I turned and opened my legs.,654.0
1720,224,1712620942454,36.0,"Afterwards, I think he stayed awake.",857.0
1720,225,1712620944430,53.0,He was up that morning before I could get out of bed.,1976.0
1720,226,1712620945534,54.0,"To see if there was something in the paper, I suppose.",1104.0
1720,227,1712620946414,46.0,The telephone began ringing right after eight.,880.0
1720,228,1712620947061,13.0,"""Go to hell!""",646.0
1720,229,1712620947907,18.0,I heard him shout.,846.0
1720,230,1712620948708,31.0,The telephone rang right again.,800.0
1720,231,1712620949741,59.0,"""I have nothing to add to what I already told the sheriff!""",1033.0
1720,232,1712620950327,29.0,He slammed the receiver down.,586.0
1720,233,1712620951136,27.0,"""What is going on?"" I said.",809.0
1720,234,1712620953163,49.0,It was then that he told me what I just told you.,2027.0
1720,235,1712620953811,3.0,***,648.0
1720,236,1712620954712,44.0,I sweep up the broken dishes and go outside.,901.0
1720,237,1712620955986,85.0,"He is lying on his back on the grass now, the newspaper and can of beer within reach.",1274.0
1720,238,1712620956875,41.0,"""Stuart, could we go for a drive?"" I say.",889.0
1720,239,1712620957548,30.0,He rolls over and looks at me.,673.0
1720,240,1712620958010,37.0,"""We'll pick up some beer,"" he says...",462.0
1720,241,1712620959957,62.0,He gets to his feet and touches me on the hip as he goes past.,1947.0
1720,242,1712620960619,28.0,"""Give me a minute,"" he says.",661.0
1720,243,1712620961522,39.0,We drive through town without speaking.,902.0
1720,244,1712620962746,39.0,He stops at a roadside market for beer.,1224.0
1720,245,1712620963806,54.0,I notice a great stack of papers just inside the door.,1059.0
1720,246,1712620967166,89.0,On the top step a fat woman in a print dress holds out a licorice stick to a little girl.,3360.0
1720,247,1712620968508,66.0,"Later on, we cross Everson Creek and turn into the picnic grounds.",1342.0
1720,248,1712620970467,79.0,The creek runs under the bridge and into a large pond a few hundred yards away.,1958.0
1720,249,1712620971006,28.0,I can see the men out there.,539.0
1720,250,1712620971543,33.0,I can see them out there fishing.,537.0
1720,251,1712620972174,31.0,So much water so close to home.,631.0
1720,252,1712620973140,43.0,"I say, ""Why did you have to go miles away?""",966.0
1720,253,1712620973680,25.0,"""Don't rile me,"" he says.",540.0
1720,254,1712620974355,29.0,We sit on a bench in the sun.,674.0
1720,255,1712620975007,25.0,He opens us cans of beer.,651.0
1720,256,1712620975796,25.0,"He says, ""Relax, Claire.""",789.0
1720,257,1712620976785,30.0,"""They said they were innocent.",989.0
1720,258,1712620977559,27.0,"They said they were crazy.""",774.0
1720,259,1712620978360,15.0,"He says, ""Who?""",801.0
1720,260,1712620979374,38.0,"He says, ""What are you talking about?""",1014.0
1720,261,1712620980024,21.0,"""The Maddox brothers.",650.0
1720,262,1712620981759,54.0,They killed a girl named Arlene Hubly where I grew up.,1735.0
1720,263,1712620983085,60.0,They cut off her head and threw her into the Cle Elum River.,1326.0
1720,264,1712620984051,31.0,"It happened when I was a girl.""",966.0
1720,265,1712620984774,40.0,"""You're going to get me riled,"" he says.",723.0
1720,266,1712620985393,20.0,I look at the creek.,619.0
1720,267,1712620987982,79.0,"I'm right in it, eyes open, face down, staring at the moss on the bottom, dead.",2589.0
1720,268,1712620988980,62.0,"""I don't know what's wrong with you,"" he says on the way home.",998.0
1720,269,1712620989746,45.0,"""You're getting me more riled by the minute.""",766.0
1720,270,1712620990308,34.0,There is nothing I can say to him.,561.0
1720,271,1712620990850,36.0,He tries to concentrate on the road.,542.0
1720,272,1712620991837,47.0,But he keeps looking into the rear-view mirror.,987.0
1720,273,1712620992398,9.0,He knows.,560.0
1720,274,1712620992963,3.0,***,565.0
1720,275,1712620994151,52.0,Stuart believes he is letting me sleep this morning.,1188.0
1720,276,1712620995080,47.0,But I was awake long before the alarm went off.,929.0
1720,277,1712620997046,74.0,"I was thinking, lying on the far side of the bed away from his hairy legs.",1966.0
1720,278,1712620998365,78.0,"He gets Dean off for school, and then he shaves, dresses, and leaves for work.",1319.0
1720,279,1712620999646,40.0,Twice he looks in and clears his throat.,1281.0
1720,280,1712621000207,26.0,But I keep my eyes closed.,561.0
1720,281,1712621001038,38.0,In the kitchen I find a note from him.,831.0
1720,282,1712621001648,19.0,"It's signed ""Love.""",610.0
1720,283,1712621004247,74.0,I sit in the breakfast nook and drink coffee and leave a ring on the note.,2598.0
1720,284,1712621005882,67.0,I look at the newspaper and turn it this way and that on the table.,1634.0
1720,285,1712621007340,43.0,Then I skid it close and read what it says.,1458.0
1720,286,1712621008467,38.0,"The body has been identified, claimed.",1126.0
1720,287,1712621013822,155.0,"But it took some examining it, some putting things into it, some cutting, some weighing, some measuring, some putting things back again and sewing them in.",5355.0
1720,288,1712621014902,57.0,I sit for a long time holding the newspaper and thinking.,1080.0
1720,289,1712621015655,51.0,Then I call up to get a chair at the hairdresser's.,752.0
1720,290,1712621016443,3.0,***,788.0
1720,291,1712621018412,75.0,I sit under the dryer with a magazine on my lap and let Marnie do my nails.,1969.0
1720,292,1712621019220,42.0,"""I am going to a funeral tomorrow,"" I say.",807.0
1720,293,1712621019920,38.0,"""I'm sorry to hear that,"" Marnie says.",700.0
1720,294,1712621020438,25.0,"""It was a murder,"" I say.",518.0
1720,295,1712621021068,37.0,"""That's the worst kind,"" Marnie says.",630.0
1720,296,1712621021855,35.0,"""We weren't all that close,"" I say.",787.0
1720,297,1712621022459,15.0,"""But you know?""",604.0
1720,298,1712621023772,45.0,"""We'll get you fixed up for it,"" Marnie says.",1313.0
1720,299,1712621027368,72.0,"That night I make my bed on the sofa, and in the morning I get up first.",3596.0
1720,300,1712621028359,50.0,I put on coffee and fix breakfast while he shaves.,991.0
1720,301,1712621029392,76.0,"He appears in the kitchen doorway, towel over his bare shoulder, appraising.",1032.0
1720,302,1712621030042,23.0,"""Here's coffee,"" I say.",650.0
1720,303,1712621030609,31.0,"""Eggs'll be ready in a minute.”",567.0
1720,304,1712621031305,37.0,"I wake Dean, and the three of us eat.",696.0
1720,305,1712621032903,79.0,"Whenever Stuart looks at me, I ask Dean if he wants more milk, more toast, etc.",1596.0
1720,306,1712621034141,56.0,"""I'll call you today,"" Stuart says as he opens the door.",1238.0
1720,307,1712621035061,42.0,"I say, ""I don't think I'll be home today.""",920.0
1720,308,1712621035602,21.0,"""All right,"" he says.",541.0
1720,309,1712621036099,7.0,"""Sure.""",497.0
1720,310,1712621036617,18.0,I dress carefully.,518.0
1720,311,1712621037695,48.0,I try on a hat and look at myself in the mirror.,1078.0
1720,312,1712621038201,28.0,I write out a note for Dean.,506.0
1720,313,1712621040106,69.0,"Honey, Mommy has things to do this afternoon, but will be back later.",1905.0
1720,314,1712621041780,61.0,You stay in or be in the backyard until one of us comes home.,1674.0
1720,315,1712621042283,11.0,"Love, Mommy",503.0
1720,316,1712621043886,48.0,I look at the word Love and then I underline it.,1603.0
1720,317,1712621044827,29.0,Then I see the word backyard.,941.0
1720,318,1712621045412,22.0,Is it one word or two?,585.0
1720,319,1712621045868,3.0,***,456.0
1720,320,1712621048788,121.0,"I drive through farm country, through fields of oats and sugar beets and past apple orchards, cattle grazing in pastures.",2920.0
1720,321,1712621051537,99.0,"Then everything changes, more like shacks than farmhouses and stands of timber instead of orchards.",2749.0
1720,322,1712621052927,78.0,"Then mountains, and on the right, far below, I sometimes see the Naches River.",1390.0
1720,323,1712621054551,64.0,A green pickup comes up behind me and stays behind me for miles.,1624.0
1720,324,1712621055718,55.0,"I keep slowing at the wrong times, hoping he will pass.",1167.0
1720,325,1712621056461,16.0,Then I speed up.,743.0
1720,326,1712621057065,36.0,"But this is at the wrong times, too.",603.0
1720,327,1712621058057,39.0,I grip the wheel until my fingers hurt.,992.0
1720,328,1712621058958,37.0,On a long clear stretch he goes past.,901.0
1720,329,1712621060647,73.0,"But he drives along beside for a bit, a crewcut man in a blue work shirt.",1689.0
1720,330,1712621061210,24.0,We look each other over.,563.0
1720,331,1712621062716,53.0,"Then he waves, toots his horn, and pulls on up ahead.",1506.0
1720,332,1712621063485,29.0,I slow down and find a place.,769.0
1720,333,1712621064315,35.0,I pull over and shut off the motor.,830.0
1720,334,1712621064923,42.0,I can hear the river down below the trees.,608.0
1720,335,1712621065913,35.0,Then I hear the pickup coming back.,990.0
1720,336,1712621066542,41.0,I lock the doors and roll up the windows.,629.0
1720,337,1712621067188,30.0,"""You all right?"" the man says.",646.0
1720,338,1712621067752,21.0,He raps on the glass.,564.0
1720,339,1712621068274,11.0,"""You okay?""",521.0
1720,340,1712621069489,64.0,He leans his arms on the door and brings his face to the window.,1215.0
1720,341,1712621070074,15.0,I stare at him.,585.0
1720,342,1712621070658,30.0,I can't think what else to do.,584.0
1720,343,1712621071291,34.0,"""Is everything all right in there?",633.0
1720,344,1712621072255,31.0,"How come you're all locked up?""",964.0
1720,345,1712621072819,16.0,I shake my head.,564.0
1720,346,1712621073426,24.0,"""Roll down your window.""",607.0
1720,347,1712621074945,64.0,He shakes his head and looks at the highway and then back at me.,1518.0
1720,348,1712621075607,19.0,"""Roll it down now.""",662.0
1720,349,1712621076420,32.0,"""Please,"" I say, ""I have to go.""",813.0
1720,350,1712621077343,50.0,"""Open the door,"" he says as if he isn't listening.",923.0
1720,351,1712621078261,33.0,"""You're going to choke in there.""",918.0
1720,352,1712621078960,32.0,"He looks at my breasts, my legs.",699.0
1720,353,1712621079628,34.0,I can tell that's what he's doing.,666.0
1720,354,1712621080199,22.0,"""Hey, sugar,"" he says.",571.0
1720,355,1712621080806,31.0,"""I'm just here to help is all.""",607.0
1720,356,1712621081323,3.0,***,517.0
1720,357,1712621082515,52.0,The casket is closed and covered with floral sprays.,1192.0
1720,358,1712621083483,45.0,The organ starts up the minute I take a seat.,968.0
1720,359,1712621084338,40.0,People are coming in and finding chairs.,855.0
1720,360,1712621085734,63.0,There's a boy in flared pants and a yellow short-sleeved shirt.,1396.0
1720,361,1712621088679,100.0,A door opens and the family comes in in a group and moves over to a curtained place off to one side.,2944.0
1720,362,1712621089651,39.0,Chairs creak as everybody gets settled.,972.0
1720,363,1712621091406,83.0,"Directly, a nice blond man in a nice dark suit stands and asks us to bow our heads.",1754.0
1720,364,1712621093623,105.0,"He says a prayer for us, the living, and when he finishes, he says a prayer for the soul of the departed.",2217.0
1720,365,1712621094824,43.0,Along with the others I go past the casket.,1200.0
1720,366,1712621096059,66.0,Then I move out onto the front steps and into the afternoon light.,1235.0
1720,367,1712621098004,66.0,There's a woman who limps as she goes down the stairs ahead of me.,1945.0
1720,368,1712621098648,33.0,On the sidewalk she looks around.,644.0
1720,369,1712621099256,31.0,"""Well, they got him,"" she says.",608.0
1720,370,1712621100009,27.0,"""If that's any consolation.",753.0
1720,371,1712621100696,31.0,They arrested him this morning.,687.0
1720,372,1712621101485,38.0,I heard it on the radio before I come.,789.0
1720,373,1712621102089,26.0,"A boy right here in town.""",604.0
1720,374,1712621103171,42.0,We move a few steps down the hot sidewalk.,1082.0
1720,375,1712621103894,25.0,People are starting cars.,723.0
1720,376,1712621104748,49.0,I put out my hand and hold on to a parking meter.,854.0
1720,377,1712621105558,36.0,Polished hoods and polished fenders.,809.0
1720,378,1712621106185,14.0,My head swims.,627.0
1720,379,1712621107356,41.0,"I say, ""They have friends, these killers.",1171.0
1720,380,1712621107940,16.0,"You can't tell.""",584.0
1720,381,1712621109564,70.0,"""I have known that child since she was a little girl,"" the woman says.",1624.0
1720,382,1712621111609,93.0,"""She used to come over and I'd bake cookies for her and let her eat them in front of the TV.""",2045.0
1720,383,1712621112173,3.0,***,564.0
1720,384,1712621113655,76.0,"Back home, Stuart sits at the table with a drink of whiskey in front of him.",1482.0
1720,385,1712621115017,57.0,For a crazy instant I think something's happened to Dean.,1362.0
1720,386,1712621115547,14.0,"""Where is he?""",529.0
1720,387,1712621116040,6.0,I say.,493.0
1720,388,1712621116537,16.0,"""Where is Dean?""",496.0
1720,389,1712621117118,27.0,"""Outside,"" my husband says.",581.0
1720,390,1712621117863,34.0,He drains his glass and stands up.,745.0
1720,391,1712621118648,40.0,"He says, ""I think I know what you need.""",785.0
1720,392,1712621121598,138.0,He reaches an arm around my waist and with his other hand he begins to unbutton my jacket and then he goes on to the buttons of my blouse.,2950.0
1720,393,1712621122288,30.0,"""First things first,"" he says.",689.0
1720,394,1712621122880,23.0,He says something else.,592.0
1720,395,1712621123432,27.0,But I don't need to listen.,550.0
1720,396,1712621124545,46.0,I can't hear a thing with so much water going.,1113.0
1720,397,1712621125087,3.0,***,541.0
1701,95,1712422294539,3.0,***,19475.0
1701,96,1712422298723,37.0,My husband eats with a good appetite.,4184.0
1701,97,1712422301971,37.0,But I don't think he's really hungry.,3248.0
1701,98,1712422307626,69.0,"He chews, arms on the table, and stares at something across the room.",5655.0
1701,99,1712422310205,30.0,He looks at me and looks away.,2578.0
1701,100,1712422313116,33.0,He wipes his mouth on the napkin.,2911.0
1701,101,1712422316813,30.0,"He shrugs, and goes on eating.",3697.0
1701,102,1712422320264,42.0,"""What are you staring at me for?"" he says.",3451.0
1701,103,1712422324567,45.0,"""What is it?"" he says and lays down his fork.",4303.0
1701,104,1712422328097,42.0,"""Was I staring?"" I say, and shake my head.",3528.0
1701,105,1712422330306,20.0,The telephone rings.,2209.0
1701,106,1712422332960,27.0,"""Don't answer it,"" he says.",2654.0
1701,107,1712422335524,33.0,"""It might be your mother,"" I say.",2564.0
1701,108,1712422338440,25.0,"""Watch and see,"" he says.",2916.0
1701,109,1712422341295,34.0,I pick up the receiver and listen.,2855.0
1701,110,1712422343438,24.0,My husband stops eating.,2143.0
1701,111,1712422347126,46.0,"""What did I tell you?"" he says when I hang up.",3688.0
1701,112,1712422349359,23.0,He starts to eat again.,2233.0
1701,113,1712422352963,36.0,Then throws his napkin on his plate.,3604.0
1701,114,1712422356996,63.0,"He says, ""Goddamn it, why can't people mind their own business?",4032.0
1701,115,1712422360036,41.0,Tell me what I did wrong and I'll listen!,3040.0
1701,116,1712422362498,28.0,I wasn't the only man there.,2462.0
1701,117,1712422367109,37.0,We talked it over and we all decided.,4610.0
1701,118,1712422369726,29.0,We couldn't just turn around.,2617.0
1701,119,1712422372109,32.0,We were five miles from the car.,2383.0
1701,120,1712422375599,34.0,I won't have you passing judgment.,3490.0
1701,121,1712422377123,13.0,"Do you hear?""",1524.0
1701,122,1712422378600,18.0,"""You know,"" I say.",1477.0
1701,123,1712422381661,33.0,"He says, ""What do I know, Claire?",3061.0
1701,124,1712422384355,34.0,Tell me what I'm supposed to know.,2694.0
1701,125,1712422386586,40.0,"I don't know anything except one thing?""",2231.0
1701,126,1712422389911,48.0,He gives me what he thinks is a meaningful look.,3325.0
1701,127,1712422393897,24.0,"""She was dead,"" he says.",3986.0
1701,128,1712422396670,33.0,"""And I'm as sorry as anyone else.",2773.0
1701,129,1712422398694,18.0,"But she was dead.""",2023.0
1701,130,1712422400994,26.0,"""That's the point,"" I say.",2300.0
1701,131,1712422402759,20.0,He raises his hands.,1765.0
1701,132,1712422406357,40.0,He pushes his chair away from the table.,3598.0
1701,133,1712422412282,72.0,He takes out his cigarettes and goes out to the back with a can of beer.,5925.0
1701,134,1712422417213,64.0,I see him sit in the lawn chair and pick up the newspaper again.,4931.0
1701,135,1712422421055,39.0,His name is in there on the first page.,3842.0
1701,136,1712422423475,36.0,Along with the names of his friends.,2420.0
1701,137,1712422426903,40.0,I close my eyes and hold on to the sink.,3428.0
1701,138,1712422434605,74.0,Then I rake my arm across the drainboard and send the dishes to the floor.,7701.0
1701,139,1712422436446,16.0,He doesn't move.,1841.0
1701,140,1712422439465,18.0,I know he's heard.,3019.0
1701,141,1712422443216,40.0,He lifts his head as if still listening.,3751.0
1701,142,1712422446131,30.0,But he doesn't move otherwise.,2914.0
1701,143,1712422447997,23.0,He doesn't turn around.,1866.0
1701,144,1712422450488,3.0,***,2490.0
1701,145,1712422459005,88.0,"He and Gordon Johnson and Mel Dorn and Vern Williams, they play poker and bowl and fish.",8517.0
1701,146,1712422466085,85.0,They fish every spring and early summer before visiting relatives can get in the way.,7078.0
1701,147,1712422470886,65.0,"They are decent men, family men, men who take care of their jobs.",4801.0
1701,148,1712422476282,65.0,"They have sons and daughters who go to school with our son, Dean.",5396.0
1701,149,1712422481231,55.0,Last Friday these family men left for the Naches River.,4949.0
1701,150,1712422486962,76.0,They parked the car in the mountains and hiked to where they wanted to fish.,5731.0
1701,151,1712422492581,76.0,"They carried their bedrolls, their food, their playing cards, their whiskey.",5619.0
1701,152,1712422499794,42.0,They saw the girl before they set up camp.,7212.0
1701,153,1712422504024,19.0,Mel Dorn found her.,4230.0
1701,154,1712422506754,25.0,No clothes on her at all.,2729.0
1701,155,1712422518692,64.0,She was wedged into some branches that stuck out over the water.,11937.0
1701,156,1712422521827,43.0,He called the others and they came to look.,3135.0
1701,157,1712422523813,29.0,They talked about what to do.,1986.0
1701,158,1712422532224,82.0,One of the men - my Stuart didn't say which - said they should start back at once.,8411.0
1701,159,1712422540364,86.0,"The others stirred the sand with their shoes, said they didn't feel inclined that way.",8140.0
1701,160,1712422546591,82.0,"They pleaded fatigue, the late hour, the fact that the girl wasn't going anywhere.",6227.0
1701,161,1712422550947,47.0,In the end they went ahead and set up the camp.,4355.0
1701,162,1712422555253,42.0,They built a fire and drank their whiskey.,4306.0
1701,163,1712422559168,50.0,"When the moon came up, they talked about the girl.",3915.0
1701,164,1712422564151,59.0,Someone said they should -keep the body from drifting away.,4983.0
1701,165,1712422568364,55.0,They took their flashlights and went back to the river.,4213.0
1701,166,1712422577319,66.0,One of the men - it might have been Stuart - waded in and got her.,8953.0
1701,167,1712422589105,53.0,He took her by the fingers and pulled her into shore.,11785.0
1701,168,1712422599308,87.0,He got some nylon cord and tied it to her wrist and then looped the rest around a tree.,10203.0
1701,169,1712422606579,99.0,"The next morning they cooked breakfast, drank coffee, and drank whiskey, and then split up to fish.",7271.0
1701,170,1712422620958,182.0,"That night they cooked fish, cooked potatoes, drank coffee, drank whiskey, then took their cooking things and eating things back down to the river and washed them where the girl was.",14379.0
1701,171,1712422624033,32.0,They played some cards later on.,3074.0
1701,172,1712422628103,55.0,Maybe they played until they couldn't see them anymore.,4070.0
1701,173,1712422630706,28.0,Vern Williams went to sleep.,2603.0
1701,174,1712422633103,28.0,But the others told stories.,2397.0
1701,175,1712422640144,100.0,Gordon Johnson said the trout they'd caught were hard because of the terrible coldness of the water.,7041.0
1701,176,1712422651793,154.0,"The next morning they got up late, drank whiskey, fished a little, took down their tents, rolled their sleeping bags, gathered their stuff, and hiked out.",11648.0
1701,177,1712422654934,41.0,They drove until they got to a telephone.,3141.0
1701,178,1712422659992,86.0,It was Stuart who made the call while the others stood around in the sun and listened.,5057.0
1701,179,1712422662586,32.0,He gave the sheriff their names.,2594.0
1701,180,1712422664395,25.0,They had nothing to hide.,1809.0
1701,181,1712422666223,21.0,They weren't ashamed.,1828.0
1701,182,1712422672778,100.0,They said they'd wait until someone could come for better directions and take down their statements.,6555.0
1701,183,1712422674417,3.0,***,1638.0
1701,184,1712422676648,30.0,I was asleep when he got home.,2231.0
1701,185,1712422680010,46.0,But I woke up when I heard him in the kitchen.,3362.0
1701,186,1712422684530,64.0,I found him leaning against the refrigerator with a can of beer.,4520.0
1701,187,1712422690164,68.0,He put his heavy arms around me and rubbed his big hands on my back.,5634.0
1701,188,1712422696393,85.0,In bed he put his hands on me again and then waited as if thinking of something else.,6228.0
1701,189,1712422701965,28.0,I turned and opened my legs.,5571.0
1701,190,1712422708275,36.0,"Afterwards, I think he stayed awake.",6308.0
1701,191,1712422714391,53.0,He was up that morning before I could get out of bed.,6116.0
1701,192,1712422718454,54.0,"To see if there was something in the paper, I suppose.",4062.0
1701,193,1712422722003,46.0,The telephone began ringing right after eight.,3548.0
1701,194,1712422723823,13.0,"""Go to hell!""",1820.0
1701,195,1712422725680,18.0,I heard him shout.,1857.0
1701,196,1712422728122,31.0,The telephone rang right again.,2442.0
1701,197,1712422732530,59.0,"""I have nothing to add to what I already told the sheriff!""",4408.0
1701,198,1712422735385,29.0,He slammed the receiver down.,2854.0
1701,199,1712422737431,27.0,"""What is going on?"" I said.",2046.0
1701,200,1712422743502,49.0,It was then that he told me what I just told you.,6071.0
1701,201,1712422749120,3.0,***,5618.0
1701,202,1712422754344,44.0,I sweep up the broken dishes and go outside.,5224.0
1701,203,1712422760675,85.0,"He is lying on his back on the grass now, the newspaper and can of beer within reach.",6331.0
1701,204,1712422765119,41.0,"""Stuart, could we go for a drive?"" I say.",4444.0
1701,205,1712422767757,30.0,He rolls over and looks at me.,2638.0
1701,206,1712422772426,37.0,"""We'll pick up some beer,"" he says...",4669.0
1701,207,1712422777161,62.0,He gets to his feet and touches me on the hip as he goes past.,4735.0
1701,208,1712422779330,28.0,"""Give me a minute,"" he says.",2169.0
1701,209,1712422782301,39.0,We drive through town without speaking.,2971.0
1701,210,1712422785882,39.0,He stops at a roadside market for beer.,3581.0
1701,211,1712422790054,54.0,I notice a great stack of papers just inside the door.,4172.0
1701,212,1712422799278,89.0,On the top step a fat woman in a print dress holds out a licorice stick to a little girl.,9223.0
1701,213,1712422806229,66.0,"Later on, we cross Everson Creek and turn into the picnic grounds.",6950.0
1701,214,1712422812482,79.0,The creek runs under the bridge and into a large pond a few hundred yards away.,6253.0
1701,215,1712422814975,28.0,I can see the men out there.,2492.0
1701,216,1712422828406,33.0,I can see them out there fishing.,13431.0
1701,217,1712422831753,31.0,So much water so close to home.,3346.0
1701,218,1712422837062,43.0,"I say, ""Why did you have to go miles away?""",5309.0
1701,219,1712422840997,25.0,"""Don't rile me,"" he says.",3935.0
1701,220,1712422843882,29.0,We sit on a bench in the sun.,2885.0
1701,221,1712422846413,25.0,He opens us cans of beer.,2531.0
1701,222,1712422849424,25.0,"He says, ""Relax, Claire.""",3011.0
1701,223,1712422851530,30.0,"""They said they were innocent.",2106.0
1701,224,1712422853760,27.0,"They said they were crazy.""",2230.0
1701,225,1712422855534,15.0,"He says, ""Who?""",1774.0
1701,226,1712422857835,38.0,"He says, ""What are you talking about?""",2300.0
1701,227,1712422860058,21.0,"""The Maddox brothers.",2223.0
1701,228,1712422866767,54.0,They killed a girl named Arlene Hubly where I grew up.,6709.0
1701,229,1712422872904,60.0,They cut off her head and threw her into the Cle Elum River.,6136.0
1701,230,1712422876143,31.0,"It happened when I was a girl.""",3239.0
1701,231,1712422879316,40.0,"""You're going to get me riled,"" he says.",3173.0
1701,232,1712422881107,20.0,I look at the creek.,1790.0
1701,233,1712422887768,79.0,"I'm right in it, eyes open, face down, staring at the moss on the bottom, dead.",6660.0
1701,234,1712422891496,62.0,"""I don't know what's wrong with you,"" he says on the way home.",3728.0
1701,235,1712422895263,45.0,"""You're getting me more riled by the minute.""",3766.0
1701,236,1712422897584,34.0,There is nothing I can say to him.,2320.0
1701,237,1712422900592,36.0,He tries to concentrate on the road.,3008.0
1701,238,1712422904198,47.0,But he keeps looking into the rear-view mirror.,3606.0
1701,239,1712422907156,9.0,He knows.,2958.0
1701,240,1712422909237,3.0,***,2080.0
1701,241,1712422913233,52.0,Stuart believes he is letting me sleep this morning.,3996.0
1701,242,1712422916851,47.0,But I was awake long before the alarm went off.,3618.0
1701,243,1712422921843,74.0,"I was thinking, lying on the far side of the bed away from his hairy legs.",4992.0
1701,244,1712422928812,78.0,"He gets Dean off for school, and then he shaves, dresses, and leaves for work.",6969.0
1701,245,1712422932252,40.0,Twice he looks in and clears his throat.,3440.0
1701,246,1712422933783,26.0,But I keep my eyes closed.,1530.0
1701,247,1712422936621,38.0,In the kitchen I find a note from him.,2838.0
1701,248,1712422938264,19.0,"It's signed ""Love.""",1642.0
1701,249,1712422943442,74.0,I sit in the breakfast nook and drink coffee and leave a ring on the note.,5178.0
1701,250,1712422949443,67.0,I look at the newspaper and turn it this way and that on the table.,6001.0
1701,251,1712422952977,43.0,Then I skid it close and read what it says.,3533.0
1701,252,1712422956218,38.0,"The body has been identified, claimed.",3241.0
1701,253,1712422968005,155.0,"But it took some examining it, some putting things into it, some cutting, some weighing, some measuring, some putting things back again and sewing them in.",11786.0
1701,254,1712422971355,57.0,I sit for a long time holding the newspaper and thinking.,3349.0
1701,255,1712422975303,51.0,Then I call up to get a chair at the hairdresser's.,3948.0
1701,256,1712422976632,3.0,***,1329.0
1701,257,1712422986570,75.0,I sit under the dryer with a magazine on my lap and let Marnie do my nails.,9938.0
1701,258,1712422989222,42.0,"""I am going to a funeral tomorrow,"" I say.",2652.0
1701,259,1712422991257,38.0,"""I'm sorry to hear that,"" Marnie says.",2034.0
1701,260,1712422993633,25.0,"""It was a murder,"" I say.",2374.0
1701,261,1712422996880,37.0,"""That's the worst kind,"" Marnie says.",3247.0
1701,262,1712422999524,35.0,"""We weren't all that close,"" I say.",2643.0
1701,263,1712423001106,15.0,"""But you know?""",1582.0
1701,264,1712423005728,45.0,"""We'll get you fixed up for it,"" Marnie says.",4621.0
1701,265,1712423011360,72.0,"That night I make my bed on the sofa, and in the morning I get up first.",5632.0
1701,266,1712423017882,50.0,I put on coffee and fix breakfast while he shaves.,6522.0
1701,267,1712423026372,76.0,"He appears in the kitchen doorway, towel over his bare shoulder, appraising.",8490.0
1701,268,1712423031322,23.0,"""Here's coffee,"" I say.",4950.0
1701,269,1712423036207,31.0,"""Eggs'll be ready in a minute.”",4885.0
1701,270,1712423039474,37.0,"I wake Dean, and the three of us eat.",3266.0
1701,271,1712423046805,79.0,"Whenever Stuart looks at me, I ask Dean if he wants more milk, more toast, etc.",7331.0
1701,272,1712423050566,56.0,"""I'll call you today,"" Stuart says as he opens the door.",3761.0
1701,273,1712423054272,42.0,"I say, ""I don't think I'll be home today.""",3705.0
1701,274,1712423055711,21.0,"""All right,"" he says.",1439.0
1701,275,1712423056761,7.0,"""Sure.""",1050.0
1701,276,1712423058119,18.0,I dress carefully.,1357.0
1701,277,1712423060966,48.0,I try on a hat and look at myself in the mirror.,2846.0
1701,278,1712423062704,28.0,I write out a note for Dean.,1738.0
1701,279,1712423067124,69.0,"Honey, Mommy has things to do this afternoon, but will be back later.",4420.0
1701,280,1712423072442,61.0,You stay in or be in the backyard until one of us comes home.,5318.0
1701,281,1712423073907,11.0,"Love, Mommy",1465.0
1701,282,1712423077407,48.0,I look at the word Love and then I underline it.,3499.0
1701,283,1712423081923,29.0,Then I see the word backyard.,4516.0
1701,284,1712423085238,22.0,Is it one word or two?,3314.0
1701,285,1712423086188,3.0,***,949.0
1701,286,1712423097655,121.0,"I drive through farm country, through fields of oats and sugar beets and past apple orchards, cattle grazing in pastures.",11467.0
1701,287,1712423104480,99.0,"Then everything changes, more like shacks than farmhouses and stands of timber instead of orchards.",6824.0
1701,288,1712423109689,78.0,"Then mountains, and on the right, far below, I sometimes see the Naches River.",5209.0
1701,289,1712423113527,64.0,A green pickup comes up behind me and stays behind me for miles.,3838.0
1701,290,1712423121029,55.0,"I keep slowing at the wrong times, hoping he will pass.",7502.0
1701,291,1712423122705,16.0,Then I speed up.,1676.0
1701,292,1712423128033,36.0,"But this is at the wrong times, too.",5328.0
1701,293,1712423130263,39.0,I grip the wheel until my fingers hurt.,2229.0
1701,294,1712423133640,37.0,On a long clear stretch he goes past.,3377.0
1701,295,1712423141618,73.0,"But he drives along beside for a bit, a crewcut man in a blue work shirt.",7978.0
1701,296,1712423146663,24.0,We look each other over.,5044.0
1701,297,1712423152186,53.0,"Then he waves, toots his horn, and pulls on up ahead.",5523.0
1701,298,1712423154472,29.0,I slow down and find a place.,2286.0
1701,299,1712423156800,35.0,I pull over and shut off the motor.,2327.0
1701,300,1712423161151,42.0,I can hear the river down below the trees.,4351.0
1701,301,1712423164955,35.0,Then I hear the pickup coming back.,3804.0
1701,302,1712423167871,41.0,I lock the doors and roll up the windows.,2916.0
1701,303,1712423172802,30.0,"""You all right?"" the man says.",4931.0
1701,304,1712423175219,21.0,He raps on the glass.,2417.0
1701,305,1712423178079,11.0,"""You okay?""",2860.0
1701,306,1712423183396,64.0,He leans his arms on the door and brings his face to the window.,5316.0
1701,307,1712423185783,15.0,I stare at him.,2387.0
1701,308,1712423187797,30.0,I can't think what else to do.,2014.0
1701,309,1712423189229,34.0,"""Is everything all right in there?",1432.0
1701,310,1712423192087,31.0,"How come you're all locked up?""",2856.0
1701,311,1712423193361,16.0,I shake my head.,1274.0
1701,312,1712423194640,24.0,"""Roll down your window.""",1278.0
1701,313,1712423199245,64.0,He shakes his head and looks at the highway and then back at me.,4605.0
1701,314,1712423201530,19.0,"""Roll it down now.""",2284.0
1701,315,1712423203486,32.0,"""Please,"" I say, ""I have to go.""",1956.0
1701,316,1712423207390,50.0,"""Open the door,"" he says as if he isn't listening.",3904.0
1701,317,1712423209664,33.0,"""You're going to choke in there.""",2274.0
1701,318,1712423214781,32.0,"He looks at my breasts, my legs.",5117.0
1701,319,1712423218295,34.0,I can tell that's what he's doing.,3514.0
1701,320,1712423221016,22.0,"""Hey, sugar,"" he says.",2720.0
1701,321,1712423224089,31.0,"""I'm just here to help is all.""",3073.0
1701,322,1712423228253,3.0,***,4164.0
1701,323,1712423232437,52.0,The casket is closed and covered with floral sprays.,4184.0
1701,324,1712423241473,45.0,The organ starts up the minute I take a seat.,9036.0
1701,325,1712423244208,40.0,People are coming in and finding chairs.,2735.0
1701,326,1712423249677,63.0,There's a boy in flared pants and a yellow short-sleeved shirt.,5469.0
1701,327,1712423271722,100.0,A door opens and the family comes in in a group and moves over to a curtained place off to one side.,22045.0
1701,328,1712423275006,39.0,Chairs creak as everybody gets settled.,3284.0
1701,329,1712423284710,83.0,"Directly, a nice blond man in a nice dark suit stands and asks us to bow our heads.",9704.0
1701,330,1712423291965,105.0,"He says a prayer for us, the living, and when he finishes, he says a prayer for the soul of the departed.",7255.0
1701,331,1712423294603,43.0,Along with the others I go past the casket.,2638.0
1701,332,1712423298899,66.0,Then I move out onto the front steps and into the afternoon light.,4296.0
1701,333,1712423303524,66.0,There's a woman who limps as she goes down the stairs ahead of me.,4625.0
1701,334,1712423306134,33.0,On the sidewalk she looks around.,2609.0
1701,335,1712423309447,31.0,"""Well, they got him,"" she says.",3313.0
1701,336,1712423311626,27.0,"""If that's any consolation.",2179.0
1701,337,1712423313742,31.0,They arrested him this morning.,2116.0
1701,338,1712423316694,38.0,I heard it on the radio before I come.,2950.0
1701,339,1712423319069,26.0,"A boy right here in town.""",2375.0
1701,340,1712423322188,42.0,We move a few steps down the hot sidewalk.,3119.0
1701,341,1712423324205,25.0,People are starting cars.,2017.0
1701,342,1712423328256,49.0,I put out my hand and hold on to a parking meter.,4051.0
1701,343,1712423331091,36.0,Polished hoods and polished fenders.,2834.0
1701,344,1712423332917,14.0,My head swims.,1826.0
1701,345,1712423336323,41.0,"I say, ""They have friends, these killers.",3406.0
1701,346,1712423337684,16.0,"You can't tell.""",1361.0
1701,347,1712423342625,70.0,"""I have known that child since she was a little girl,"" the woman says.",4941.0
1701,348,1712423352309,93.0,"""She used to come over and I'd bake cookies for her and let her eat them in front of the TV.""",9684.0
1701,349,1712423353201,3.0,***,892.0
1701,350,1712423358842,76.0,"Back home, Stuart sits at the table with a drink of whiskey in front of him.",5641.0
1701,351,1712423361958,57.0,For a crazy instant I think something's happened to Dean.,3116.0
1701,352,1712423363436,14.0,"""Where is he?""",1478.0
1701,353,1712423364460,6.0,I say.,1022.0
1701,354,1712423365589,16.0,"""Where is Dean?""",1129.0
1701,355,1712423367421,27.0,"""Outside,"" my husband says.",1832.0
1701,356,1712423369985,34.0,He drains his glass and stands up.,2564.0
1701,357,1712423372255,40.0,"He says, ""I think I know what you need.""",2269.0
1701,358,1712423385133,138.0,He reaches an arm around my waist and with his other hand he begins to unbutton my jacket and then he goes on to the buttons of my blouse.,12878.0
1701,359,1712423387570,30.0,"""First things first,"" he says.",2437.0
1701,360,1712423389675,23.0,He says something else.,2104.0
1701,361,1712423391056,27.0,But I don't need to listen.,1381.0
1701,362,1712423394332,46.0,I can't hear a thing with so much water going.,3276.0
1701,363,1712423395252,3.0,***,920.0
1699,149,1712428257153,3.0,***,1993.0
1699,150,1712428259096,37.0,My husband eats with a good appetite.,1943.0
1699,151,1712428260930,37.0,But I don't think he's really hungry.,1834.0
1699,152,1712428264329,69.0,"He chews, arms on the table, and stares at something across the room.",3399.0
1699,153,1712428266145,30.0,He looks at me and looks away.,1816.0
1699,154,1712428267828,33.0,He wipes his mouth on the napkin.,1683.0
1699,155,1712428269667,30.0,"He shrugs, and goes on eating.",1839.0
1699,156,1712428271816,42.0,"""What are you staring at me for?"" he says.",2149.0
1699,157,1712428274118,45.0,"""What is it?"" he says and lays down his fork.",2302.0
1699,158,1712428277382,42.0,"""Was I staring?"" I say, and shake my head.",3263.0
1699,159,1712428278335,20.0,The telephone rings.,953.0
1699,160,1712428279673,27.0,"""Don't answer it,"" he says.",1337.0
1699,161,1712428281335,33.0,"""It might be your mother,"" I say.",1662.0
1699,162,1712428282688,25.0,"""Watch and see,"" he says.",1353.0
1699,163,1712428284586,34.0,I pick up the receiver and listen.,1898.0
1699,164,1712428285865,24.0,My husband stops eating.,1279.0
1699,165,1712428288019,46.0,"""What did I tell you?"" he says when I hang up.",2153.0
1699,166,1712428289487,23.0,He starts to eat again.,1468.0
1699,167,1712428291271,36.0,Then throws his napkin on his plate.,1783.0
1699,168,1712428293343,63.0,"He says, ""Goddamn it, why can't people mind their own business?",2072.0
1699,169,1712428295276,41.0,Tell me what I did wrong and I'll listen!,1933.0
1699,170,1712428297279,28.0,I wasn't the only man there.,2003.0
1699,171,1712428299969,37.0,We talked it over and we all decided.,2690.0
1699,172,1712428301557,29.0,We couldn't just turn around.,1588.0
1699,173,1712428302999,32.0,We were five miles from the car.,1442.0
1699,174,1712428306010,34.0,I won't have you passing judgment.,3011.0
1699,175,1712428306794,13.0,"Do you hear?""",784.0
1699,176,1712428308200,18.0,"""You know,"" I say.",1406.0
1699,177,1712428309983,33.0,"He says, ""What do I know, Claire?",1783.0
1699,178,1712428311315,34.0,Tell me what I'm supposed to know.,1332.0
1699,179,1712428314099,40.0,"I don't know anything except one thing?""",2784.0
1699,180,1712428316830,48.0,He gives me what he thinks is a meaningful look.,2731.0
1699,181,1712428318923,24.0,"""She was dead,"" he says.",2093.0
1699,182,1712428321712,33.0,"""And I'm as sorry as anyone else.",2789.0
1699,183,1712428322934,18.0,"But she was dead.""",1222.0
1699,184,1712428324039,26.0,"""That's the point,"" I say.",1105.0
1699,185,1712428325013,20.0,He raises his hands.,973.0
1699,186,1712428326850,40.0,He pushes his chair away from the table.,1837.0
1699,187,1712428328934,72.0,He takes out his cigarettes and goes out to the back with a can of beer.,2084.0
1699,188,1712428330766,64.0,I see him sit in the lawn chair and pick up the newspaper again.,1832.0
1699,189,1712428332648,39.0,His name is in there on the first page.,1882.0
1699,190,1712428333789,36.0,Along with the names of his friends.,1140.0
1699,191,1712428335163,40.0,I close my eyes and hold on to the sink.,1374.0
1699,192,1712428339586,74.0,Then I rake my arm across the drainboard and send the dishes to the floor.,4423.0
1699,193,1712428340587,16.0,He doesn't move.,1001.0
1699,194,1712428341954,18.0,I know he's heard.,1367.0
1699,195,1712428343579,40.0,He lifts his head as if still listening.,1625.0
1699,196,1712428344782,30.0,But he doesn't move otherwise.,1202.0
1699,197,1712428345603,23.0,He doesn't turn around.,821.0
1699,198,1712428346554,3.0,***,951.0
1699,199,1712428352409,88.0,"He and Gordon Johnson and Mel Dorn and Vern Williams, they play poker and bowl and fish.",5855.0
1699,200,1712428356827,85.0,They fish every spring and early summer before visiting relatives can get in the way.,4418.0
1699,201,1712428359023,65.0,"They are decent men, family men, men who take care of their jobs.",2196.0
1699,202,1712428361179,65.0,"They have sons and daughters who go to school with our son, Dean.",2156.0
1699,203,1712428363635,55.0,Last Friday these family men left for the Naches River.,2456.0
1699,204,1712428365929,76.0,They parked the car in the mountains and hiked to where they wanted to fish.,2294.0
1699,205,1712428368905,76.0,"They carried their bedrolls, their food, their playing cards, their whiskey.",2976.0
1699,206,1712428370788,42.0,They saw the girl before they set up camp.,1883.0
1699,207,1712428372395,19.0,Mel Dorn found her.,1607.0
1699,208,1712428373305,25.0,No clothes on her at all.,910.0
1699,209,1712428376179,64.0,She was wedged into some branches that stuck out over the water.,2874.0
1699,210,1712428377736,43.0,He called the others and they came to look.,1557.0
1699,211,1712428378709,29.0,They talked about what to do.,973.0
1699,212,1712428382143,82.0,One of the men - my Stuart didn't say which - said they should start back at once.,3434.0
1699,213,1712428385896,86.0,"The others stirred the sand with their shoes, said they didn't feel inclined that way.",3753.0
1699,214,1712428389388,82.0,"They pleaded fatigue, the late hour, the fact that the girl wasn't going anywhere.",3492.0
1699,215,1712428391217,47.0,In the end they went ahead and set up the camp.,1828.0
1699,216,1712428392866,42.0,They built a fire and drank their whiskey.,1649.0
1699,217,1712428394748,50.0,"When the moon came up, they talked about the girl.",1882.0
1699,218,1712428398426,59.0,Someone said they should -keep the body from drifting away.,3678.0
1699,219,1712428400159,55.0,They took their flashlights and went back to the river.,1733.0
1699,220,1712428403365,66.0,One of the men - it might have been Stuart - waded in and got her.,3206.0
1699,221,1712428405344,53.0,He took her by the fingers and pulled her into shore.,1978.0
1699,222,1712428409276,87.0,He got some nylon cord and tied it to her wrist and then looped the rest around a tree.,3932.0
1699,223,1712428412668,99.0,"The next morning they cooked breakfast, drank coffee, and drank whiskey, and then split up to fish.",3392.0
1699,224,1712428419953,182.0,"That night they cooked fish, cooked potatoes, drank coffee, drank whiskey, then took their cooking things and eating things back down to the river and washed them where the girl was.",7285.0
1699,225,1712428420987,32.0,They played some cards later on.,1034.0
1699,226,1712428425407,55.0,Maybe they played until they couldn't see them anymore.,4420.0
1699,227,1712428426421,28.0,Vern Williams went to sleep.,1014.0
1699,228,1712428427457,28.0,But the others told stories.,1036.0
1699,229,1712428432894,100.0,Gordon Johnson said the trout they'd caught were hard because of the terrible coldness of the water.,5437.0
1699,230,1712428438842,154.0,"The next morning they got up late, drank whiskey, fished a little, took down their tents, rolled their sleeping bags, gathered their stuff, and hiked out.",5948.0
1699,231,1712428442429,41.0,They drove until they got to a telephone.,3587.0
1699,232,1712428451076,86.0,It was Stuart who made the call while the others stood around in the sun and listened.,8647.0
1699,233,1712428452253,32.0,He gave the sheriff their names.,1177.0
1699,234,1712428453369,25.0,They had nothing to hide.,1116.0
1699,235,1712428454157,21.0,They weren't ashamed.,788.0
1699,236,1712428457025,100.0,They said they'd wait until someone could come for better directions and take down their statements.,2868.0
1699,237,1712428457540,3.0,***,515.0
1699,238,1712428458524,30.0,I was asleep when he got home.,984.0
1699,239,1712428461991,46.0,But I woke up when I heard him in the kitchen.,3467.0
1699,240,1712428464028,64.0,I found him leaning against the refrigerator with a can of beer.,2037.0
1699,241,1712428467070,68.0,He put his heavy arms around me and rubbed his big hands on my back.,3042.0
1699,242,1712428471578,85.0,In bed he put his hands on me again and then waited as if thinking of something else.,4508.0
1699,243,1712428472761,28.0,I turned and opened my legs.,1183.0
1699,244,1712428475102,36.0,"Afterwards, I think he stayed awake.",2341.0
1699,245,1712428477243,53.0,He was up that morning before I could get out of bed.,2141.0
1699,246,1712428478798,54.0,"To see if there was something in the paper, I suppose.",1554.0
1699,247,1712428483575,46.0,The telephone began ringing right after eight.,4776.0
1699,248,1712428484681,13.0,"""Go to hell!""",1106.0
1699,249,1712428485649,18.0,I heard him shout.,967.0
1699,250,1712428486376,31.0,The telephone rang right again.,727.0
1699,251,1712428489343,59.0,"""I have nothing to add to what I already told the sheriff!""",2967.0
1699,252,1712428490347,29.0,He slammed the receiver down.,1004.0
1699,253,1712428491121,27.0,"""What is going on?"" I said.",774.0
1699,254,1712428493758,49.0,It was then that he told me what I just told you.,2637.0
1699,255,1712428494289,3.0,***,531.0
1699,256,1712428496082,44.0,I sweep up the broken dishes and go outside.,1793.0
1699,257,1712428498676,85.0,"He is lying on his back on the grass now, the newspaper and can of beer within reach.",2594.0
1699,258,1712428500283,41.0,"""Stuart, could we go for a drive?"" I say.",1607.0
1699,259,1712428501190,30.0,He rolls over and looks at me.,907.0
1699,260,1712428503760,37.0,"""We'll pick up some beer,"" he says...",2570.0
1699,261,1712428506760,62.0,He gets to his feet and touches me on the hip as he goes past.,3000.0
1699,262,1712428507876,28.0,"""Give me a minute,"" he says.",1116.0
1699,263,1712428509141,39.0,We drive through town without speaking.,1265.0
1699,264,1712428510767,39.0,He stops at a roadside market for beer.,1626.0
1699,265,1712428512170,54.0,I notice a great stack of papers just inside the door.,1403.0
1699,266,1712428516820,89.0,On the top step a fat woman in a print dress holds out a licorice stick to a little girl.,4650.0
1699,267,1712428519806,66.0,"Later on, we cross Everson Creek and turn into the picnic grounds.",2985.0
1699,268,1712428521920,79.0,The creek runs under the bridge and into a large pond a few hundred yards away.,2113.0
1699,269,1712428523068,28.0,I can see the men out there.,1148.0
1699,270,1712428524084,33.0,I can see them out there fishing.,1016.0
1699,271,1712428525358,31.0,So much water so close to home.,1273.0
1699,272,1712428527131,43.0,"I say, ""Why did you have to go miles away?""",1773.0
1699,273,1712428529200,25.0,"""Don't rile me,"" he says.",2069.0
1699,274,1712428530865,29.0,We sit on a bench in the sun.,1665.0
1699,275,1712428531568,25.0,He opens us cans of beer.,703.0
1699,276,1712428532329,25.0,"He says, ""Relax, Claire.""",760.0
1699,277,1712428535422,30.0,"""They said they were innocent.",3093.0
1699,278,1712428536910,27.0,"They said they were crazy.""",1488.0
1699,279,1712428537625,15.0,"He says, ""Who?""",715.0
1699,280,1712428539327,38.0,"He says, ""What are you talking about?""",1702.0
1699,281,1712428540338,21.0,"""The Maddox brothers.",1011.0
1699,282,1712428543112,54.0,They killed a girl named Arlene Hubly where I grew up.,2774.0
1699,283,1712428545799,60.0,They cut off her head and threw her into the Cle Elum River.,2687.0
1699,284,1712428548287,31.0,"It happened when I was a girl.""",2488.0
1699,285,1712428550951,40.0,"""You're going to get me riled,"" he says.",2664.0
1699,286,1712428552068,20.0,I look at the creek.,1117.0
1699,287,1712428556353,79.0,"I'm right in it, eyes open, face down, staring at the moss on the bottom, dead.",4285.0
1699,288,1712428558275,62.0,"""I don't know what's wrong with you,"" he says on the way home.",1922.0
1699,289,1712428559405,45.0,"""You're getting me more riled by the minute.""",1130.0
1699,290,1712428561114,34.0,There is nothing I can say to him.,1708.0
1699,291,1712428563737,36.0,He tries to concentrate on the road.,2623.0
1699,292,1712428565127,47.0,But he keeps looking into the rear-view mirror.,1390.0
1699,293,1712428566194,9.0,He knows.,1067.0
1699,294,1712428566670,3.0,***,476.0
1699,295,1712428569673,52.0,Stuart believes he is letting me sleep this morning.,3003.0
1699,296,1712428571027,47.0,But I was awake long before the alarm went off.,1354.0
1699,297,1712428574200,74.0,"I was thinking, lying on the far side of the bed away from his hairy legs.",3173.0
1699,298,1712428578785,78.0,"He gets Dean off for school, and then he shaves, dresses, and leaves for work.",4585.0
1699,299,1712428580836,40.0,Twice he looks in and clears his throat.,2051.0
1699,300,1712428581700,26.0,But I keep my eyes closed.,864.0
1699,301,1712428583823,38.0,In the kitchen I find a note from him.,2122.0
1699,302,1712428585398,19.0,"It's signed ""Love.""",1575.0
1699,303,1712428588726,74.0,I sit in the breakfast nook and drink coffee and leave a ring on the note.,3328.0
1699,304,1712428592712,67.0,I look at the newspaper and turn it this way and that on the table.,3986.0
1699,305,1712428594301,43.0,Then I skid it close and read what it says.,1589.0
1699,306,1712428595347,38.0,"The body has been identified, claimed.",1046.0
1699,307,1712428600823,155.0,"But it took some examining it, some putting things into it, some cutting, some weighing, some measuring, some putting things back again and sewing them in.",5476.0
1699,308,1712428602756,57.0,I sit for a long time holding the newspaper and thinking.,1933.0
1699,309,1712428607498,51.0,Then I call up to get a chair at the hairdresser's.,4741.0
1699,310,1712428608012,3.0,***,513.0
1699,311,1712428610653,75.0,I sit under the dryer with a magazine on my lap and let Marnie do my nails.,2641.0
1699,312,1712428612458,42.0,"""I am going to a funeral tomorrow,"" I say.",1805.0
1699,313,1712428613825,38.0,"""I'm sorry to hear that,"" Marnie says.",1367.0
1699,314,1712428614904,25.0,"""It was a murder,"" I say.",1079.0
1699,315,1712428615981,37.0,"""That's the worst kind,"" Marnie says.",1077.0
1699,316,1712428617434,35.0,"""We weren't all that close,"" I say.",1453.0
1699,317,1712428618355,15.0,"""But you know?""",921.0
1699,318,1712428620120,45.0,"""We'll get you fixed up for it,"" Marnie says.",1765.0
1699,319,1712428624197,72.0,"That night I make my bed on the sofa, and in the morning I get up first.",4077.0
1699,320,1712428628000,50.0,I put on coffee and fix breakfast while he shaves.,3803.0
1699,321,1712428630657,76.0,"He appears in the kitchen doorway, towel over his bare shoulder, appraising.",2657.0
1699,322,1712428631676,23.0,"""Here's coffee,"" I say.",1019.0
1699,323,1712428633252,31.0,"""Eggs'll be ready in a minute.”",1576.0
1699,324,1712428634395,37.0,"I wake Dean, and the three of us eat.",1143.0
1699,325,1712428636759,79.0,"Whenever Stuart looks at me, I ask Dean if he wants more milk, more toast, etc.",2364.0
1699,326,1712428639315,56.0,"""I'll call you today,"" Stuart says as he opens the door.",2556.0
1699,327,1712428641069,42.0,"I say, ""I don't think I'll be home today.""",1754.0
1699,328,1712428641566,21.0,"""All right,"" he says.",497.0
1699,329,1712428642290,7.0,"""Sure.""",724.0
1699,330,1712428642863,18.0,I dress carefully.,573.0
1699,331,1712428644270,48.0,I try on a hat and look at myself in the mirror.,1407.0
1699,332,1712428646546,28.0,I write out a note for Dean.,2276.0
1699,333,1712428648835,69.0,"Honey, Mommy has things to do this afternoon, but will be back later.",2289.0
1699,334,1712428651859,61.0,You stay in or be in the backyard until one of us comes home.,3023.0
1699,335,1712428652419,11.0,"Love, Mommy",560.0
1699,336,1712428655488,48.0,I look at the word Love and then I underline it.,3069.0
1699,337,1712428658302,29.0,Then I see the word backyard.,2814.0
1699,338,1712428659477,22.0,Is it one word or two?,1175.0
1699,339,1712428659989,3.0,***,512.0
1699,340,1712428663894,121.0,"I drive through farm country, through fields of oats and sugar beets and past apple orchards, cattle grazing in pastures.",3905.0
1699,341,1712428666749,99.0,"Then everything changes, more like shacks than farmhouses and stands of timber instead of orchards.",2854.0
1699,342,1712428669941,78.0,"Then mountains, and on the right, far below, I sometimes see the Naches River.",3192.0
1699,343,1712428672443,64.0,A green pickup comes up behind me and stays behind me for miles.,2502.0
1699,344,1712428675312,55.0,"I keep slowing at the wrong times, hoping he will pass.",2869.0
1699,345,1712428676061,16.0,Then I speed up.,749.0
1699,346,1712428677073,36.0,"But this is at the wrong times, too.",1012.0
1699,347,1712428678397,39.0,I grip the wheel until my fingers hurt.,1324.0
1699,348,1712428681682,37.0,On a long clear stretch he goes past.,3284.0
1699,349,1712428685831,73.0,"But he drives along beside for a bit, a crewcut man in a blue work shirt.",4149.0
1699,350,1712428686620,24.0,We look each other over.,788.0
1699,351,1712428688684,53.0,"Then he waves, toots his horn, and pulls on up ahead.",2064.0
1699,352,1712428690173,29.0,I slow down and find a place.,1489.0
1699,353,1712428691928,35.0,I pull over and shut off the motor.,1754.0
1699,354,1712428694778,42.0,I can hear the river down below the trees.,2850.0
1699,355,1712428697062,35.0,Then I hear the pickup coming back.,2284.0
1699,356,1712428698207,41.0,I lock the doors and roll up the windows.,1144.0
1699,357,1712428699239,30.0,"""You all right?"" the man says.",1032.0
1699,358,1712428700087,21.0,He raps on the glass.,848.0
1699,359,1712428700751,11.0,"""You okay?""",664.0
1699,360,1712428702936,64.0,He leans his arms on the door and brings his face to the window.,2185.0
1699,361,1712428703619,15.0,I stare at him.,683.0
1699,362,1712428705340,30.0,I can't think what else to do.,1721.0
1699,363,1712428706196,34.0,"""Is everything all right in there?",856.0
1699,364,1712428707326,31.0,"How come you're all locked up?""",1130.0
1699,365,1712428708349,16.0,I shake my head.,1023.0
1699,366,1712428709088,24.0,"""Roll down your window.""",738.0
1699,367,1712428711560,64.0,He shakes his head and looks at the highway and then back at me.,2472.0
1699,368,1712428712421,19.0,"""Roll it down now.""",861.0
1699,369,1712428714139,32.0,"""Please,"" I say, ""I have to go.""",1718.0
1699,370,1712428716781,50.0,"""Open the door,"" he says as if he isn't listening.",2642.0
1699,371,1712428718165,33.0,"""You're going to choke in there.""",1384.0
1699,372,1712428720768,32.0,"He looks at my breasts, my legs.",2603.0
1699,373,1712428722938,34.0,I can tell that's what he's doing.,2170.0
1699,374,1712428723715,22.0,"""Hey, sugar,"" he says.",777.0
1699,375,1712428724967,31.0,"""I'm just here to help is all.""",1252.0
1699,376,1712428725445,3.0,***,478.0
1699,377,1712428729375,52.0,The casket is closed and covered with floral sprays.,3929.0
1699,378,1712428731419,45.0,The organ starts up the minute I take a seat.,2044.0
1699,379,1712428733970,40.0,People are coming in and finding chairs.,2551.0
1699,380,1712428737147,63.0,There's a boy in flared pants and a yellow short-sleeved shirt.,3176.0
1699,381,1712428740359,100.0,A door opens and the family comes in in a group and moves over to a curtained place off to one side.,3212.0
1699,382,1712428741935,39.0,Chairs creak as everybody gets settled.,1576.0
1699,383,1712428745605,83.0,"Directly, a nice blond man in a nice dark suit stands and asks us to bow our heads.",3670.0
1699,384,1712428758685,105.0,"He says a prayer for us, the living, and when he finishes, he says a prayer for the soul of the departed.",13080.0
1699,385,1712428760220,43.0,Along with the others I go past the casket.,1535.0
1699,386,1712428761575,66.0,Then I move out onto the front steps and into the afternoon light.,1355.0
1699,387,1712428763646,66.0,There's a woman who limps as she goes down the stairs ahead of me.,2071.0
1699,388,1712428765079,33.0,On the sidewalk she looks around.,1433.0
1699,389,1712428766774,31.0,"""Well, they got him,"" she says.",1695.0
1699,390,1712428768703,27.0,"""If that's any consolation.",1929.0
1699,391,1712428770445,31.0,They arrested him this morning.,1742.0
1699,392,1712428771787,38.0,I heard it on the radio before I come.,1342.0
1699,393,1712428773846,26.0,"A boy right here in town.""",2059.0
1699,394,1712428776312,42.0,We move a few steps down the hot sidewalk.,2465.0
1699,395,1712428777972,25.0,People are starting cars.,1660.0
1699,396,1712428780688,49.0,I put out my hand and hold on to a parking meter.,2716.0
1699,397,1712428783401,36.0,Polished hoods and polished fenders.,2713.0
1699,398,1712428785096,14.0,My head swims.,1695.0
1699,399,1712428789067,41.0,"I say, ""They have friends, these killers.",3971.0
1699,400,1712428789697,16.0,"You can't tell.""",630.0
1699,401,1712428795081,70.0,"""I have known that child since she was a little girl,"" the woman says.",5384.0
1699,402,1712428797598,93.0,"""She used to come over and I'd bake cookies for her and let her eat them in front of the TV.""",2517.0
1699,403,1712428798049,3.0,***,451.0
1699,404,1712428800502,76.0,"Back home, Stuart sits at the table with a drink of whiskey in front of him.",2453.0
1699,405,1712428802611,57.0,For a crazy instant I think something's happened to Dean.,2109.0
1699,406,1712428803579,14.0,"""Where is he?""",968.0
1699,407,1712428804181,6.0,I say.,602.0
1699,408,1712428805065,16.0,"""Where is Dean?""",884.0
1699,409,1712428806072,27.0,"""Outside,"" my husband says.",1007.0
1699,410,1712428808928,34.0,He drains his glass and stands up.,2856.0
1699,411,1712428812009,40.0,"He says, ""I think I know what you need.""",3081.0
1699,412,1712428818491,138.0,He reaches an arm around my waist and with his other hand he begins to unbutton my jacket and then he goes on to the buttons of my blouse.,6481.0
1699,413,1712428819542,30.0,"""First things first,"" he says.",1051.0
1699,414,1712428820474,23.0,He says something else.,932.0
1699,415,1712428821721,27.0,But I don't need to listen.,1247.0
1699,416,1712428823440,46.0,I can't hear a thing with so much water going.,1719.0
1699,417,1712428823933,3.0,***,493.0
1693,122,1712422568527,3.0,***,22156.0
1693,123,1712422570763,37.0,My husband eats with a good appetite.,2236.0
1693,124,1712422572916,37.0,But I don't think he's really hungry.,2153.0
1693,125,1712422577420,69.0,"He chews, arms on the table, and stares at something across the room.",4504.0
1693,126,1712422579835,30.0,He looks at me and looks away.,2415.0
1693,127,1712422581815,33.0,He wipes his mouth on the napkin.,1980.0
1693,128,1712422584020,30.0,"He shrugs, and goes on eating.",2205.0
1693,129,1712422585995,42.0,"""What are you staring at me for?"" he says.",1975.0
1693,130,1712422588847,45.0,"""What is it?"" he says and lays down his fork.",2852.0
1693,131,1712422592228,42.0,"""Was I staring?"" I say, and shake my head.",3381.0
1693,132,1712422593434,20.0,The telephone rings.,1206.0
1693,133,1712422594811,27.0,"""Don't answer it,"" he says.",1377.0
1693,134,1712422596618,33.0,"""It might be your mother,"" I say.",1807.0
1693,135,1712422598191,25.0,"""Watch and see,"" he says.",1573.0
1693,136,1712422600730,34.0,I pick up the receiver and listen.,2539.0
1693,137,1712422602123,24.0,My husband stops eating.,1393.0
1693,138,1712422605053,46.0,"""What did I tell you?"" he says when I hang up.",2930.0
1693,139,1712422606246,23.0,He starts to eat again.,1192.0
1693,140,1712422608385,36.0,Then throws his napkin on his plate.,2139.0
1693,141,1712422611829,63.0,"He says, ""Goddamn it, why can't people mind their own business?",3444.0
1693,142,1712422614938,41.0,Tell me what I did wrong and I'll listen!,3108.0
1693,143,1712422617559,28.0,I wasn't the only man there.,2621.0
1693,144,1712422620354,37.0,We talked it over and we all decided.,2795.0
1693,145,1712422622681,29.0,We couldn't just turn around.,2327.0
1693,146,1712422625799,32.0,We were five miles from the car.,3118.0
1693,147,1712422627825,34.0,I won't have you passing judgment.,2026.0
1693,148,1712422629013,13.0,"Do you hear?""",1187.0
1693,149,1712422630495,18.0,"""You know,"" I say.",1482.0
1693,150,1712422633025,33.0,"He says, ""What do I know, Claire?",2530.0
1693,151,1712422634766,34.0,Tell me what I'm supposed to know.,1741.0
1693,152,1712422636792,40.0,"I don't know anything except one thing?""",2026.0
1693,153,1712422639296,48.0,He gives me what he thinks is a meaningful look.,2504.0
1693,154,1712422640953,24.0,"""She was dead,"" he says.",1657.0
1693,155,1712422646614,33.0,"""And I'm as sorry as anyone else.",5661.0
1693,156,1712422648241,18.0,"But she was dead.""",1627.0
1693,157,1712422650092,26.0,"""That's the point,"" I say.",1851.0
1693,158,1712422651623,20.0,He raises his hands.,1531.0
1693,159,1712422653515,40.0,He pushes his chair away from the table.,1892.0
1693,160,1712422657017,72.0,He takes out his cigarettes and goes out to the back with a can of beer.,3502.0
1693,161,1712422660060,64.0,I see him sit in the lawn chair and pick up the newspaper again.,3043.0
1693,162,1712422662326,39.0,His name is in there on the first page.,2266.0
1693,163,1712422664286,36.0,Along with the names of his friends.,1960.0
1693,164,1712422666316,40.0,I close my eyes and hold on to the sink.,2030.0
1693,165,1712422670003,74.0,Then I rake my arm across the drainboard and send the dishes to the floor.,3687.0
1693,166,1712422671033,16.0,He doesn't move.,1030.0
1693,167,1712422672889,18.0,I know he's heard.,1856.0
1693,168,1712422675434,40.0,He lifts his head as if still listening.,2544.0
1693,169,1712422677587,30.0,But he doesn't move otherwise.,2153.0
1693,170,1712422679030,23.0,He doesn't turn around.,1443.0
1693,171,1712422679680,3.0,***,650.0
1693,172,1712422684196,88.0,"He and Gordon Johnson and Mel Dorn and Vern Williams, they play poker and bowl and fish.",4516.0
1693,173,1712422687508,85.0,They fish every spring and early summer before visiting relatives can get in the way.,3312.0
1693,174,1712422690416,65.0,"They are decent men, family men, men who take care of their jobs.",2908.0
1693,175,1712422692768,65.0,"They have sons and daughters who go to school with our son, Dean.",2352.0
1693,176,1712422695747,55.0,Last Friday these family men left for the Naches River.,2979.0
1693,177,1712422698432,76.0,They parked the car in the mountains and hiked to where they wanted to fish.,2685.0
1693,178,1712422701951,76.0,"They carried their bedrolls, their food, their playing cards, their whiskey.",3519.0
1693,179,1712422705371,42.0,They saw the girl before they set up camp.,3420.0
1693,180,1712422707288,19.0,Mel Dorn found her.,1917.0
1693,181,1712422709103,25.0,No clothes on her at all.,1814.0
1693,182,1712422712481,64.0,She was wedged into some branches that stuck out over the water.,3378.0
1693,183,1712422715658,43.0,He called the others and they came to look.,3177.0
1693,184,1712422716867,29.0,They talked about what to do.,1209.0
1693,185,1712422721374,82.0,One of the men - my Stuart didn't say which - said they should start back at once.,4507.0
1693,186,1712422727429,86.0,"The others stirred the sand with their shoes, said they didn't feel inclined that way.",6054.0
1693,187,1712422731670,82.0,"They pleaded fatigue, the late hour, the fact that the girl wasn't going anywhere.",4240.0
1693,188,1712422734665,47.0,In the end they went ahead and set up the camp.,2995.0
1693,189,1712422736150,42.0,They built a fire and drank their whiskey.,1484.0
1693,190,1712422737582,50.0,"When the moon came up, they talked about the girl.",1432.0
1693,191,1712422740110,59.0,Someone said they should -keep the body from drifting away.,2528.0
1693,192,1712422742148,55.0,They took their flashlights and went back to the river.,2038.0
1693,193,1712422745260,66.0,One of the men - it might have been Stuart - waded in and got her.,3111.0
1693,194,1712422747155,53.0,He took her by the fingers and pulled her into shore.,1895.0
1693,195,1712422750286,87.0,He got some nylon cord and tied it to her wrist and then looped the rest around a tree.,3131.0
1693,196,1712422754454,99.0,"The next morning they cooked breakfast, drank coffee, and drank whiskey, and then split up to fish.",4168.0
1693,197,1712422764240,182.0,"That night they cooked fish, cooked potatoes, drank coffee, drank whiskey, then took their cooking things and eating things back down to the river and washed them where the girl was.",9786.0
1693,198,1712422765513,32.0,They played some cards later on.,1272.0
1693,199,1712422769123,55.0,Maybe they played until they couldn't see them anymore.,3609.0
1693,200,1712422770556,28.0,Vern Williams went to sleep.,1433.0
1693,201,1712422771779,28.0,But the others told stories.,1223.0
1693,202,1712422777540,100.0,Gordon Johnson said the trout they'd caught were hard because of the terrible coldness of the water.,5761.0
1693,203,1712422782810,154.0,"The next morning they got up late, drank whiskey, fished a little, took down their tents, rolled their sleeping bags, gathered their stuff, and hiked out.",5270.0
1693,204,1712422784856,41.0,They drove until they got to a telephone.,2046.0
1693,205,1712422787815,86.0,It was Stuart who made the call while the others stood around in the sun and listened.,2959.0
1693,206,1712422790621,32.0,He gave the sheriff their names.,2806.0
1693,207,1712422791993,25.0,They had nothing to hide.,1372.0
1693,208,1712422792770,21.0,They weren't ashamed.,777.0
1693,209,1712422797472,100.0,They said they'd wait until someone could come for better directions and take down their statements.,4702.0
1693,210,1712422798136,3.0,***,664.0
1693,211,1712422799263,30.0,I was asleep when he got home.,1127.0
1693,212,1712422801034,46.0,But I woke up when I heard him in the kitchen.,1771.0
1693,213,1712422803961,64.0,I found him leaning against the refrigerator with a can of beer.,2927.0
1693,214,1712422806874,68.0,He put his heavy arms around me and rubbed his big hands on my back.,2913.0
1693,215,1712422810636,85.0,In bed he put his hands on me again and then waited as if thinking of something else.,3761.0
1693,216,1712422812186,28.0,I turned and opened my legs.,1550.0
1693,217,1712422814827,36.0,"Afterwards, I think he stayed awake.",2641.0
1693,218,1712422817471,53.0,He was up that morning before I could get out of bed.,2644.0
1693,219,1712422819518,54.0,"To see if there was something in the paper, I suppose.",2047.0
1693,220,1712422821711,46.0,The telephone began ringing right after eight.,2193.0
1693,221,1712422822683,13.0,"""Go to hell!""",972.0
1693,222,1712422823626,18.0,I heard him shout.,943.0
1693,223,1712422824811,31.0,The telephone rang right again.,1185.0
1693,224,1712422826866,59.0,"""I have nothing to add to what I already told the sheriff!""",2055.0
1693,225,1712422828648,29.0,He slammed the receiver down.,1782.0
1693,226,1712422830131,27.0,"""What is going on?"" I said.",1483.0
1693,227,1712422832875,49.0,It was then that he told me what I just told you.,2744.0
1693,228,1712422833790,3.0,***,915.0
1693,229,1712422836422,44.0,I sweep up the broken dishes and go outside.,2632.0
1693,230,1712422839520,85.0,"He is lying on his back on the grass now, the newspaper and can of beer within reach.",3098.0
1693,231,1712422841556,41.0,"""Stuart, could we go for a drive?"" I say.",2036.0
1693,232,1712422842841,30.0,He rolls over and looks at me.,1284.0
1693,233,1712422844678,37.0,"""We'll pick up some beer,"" he says...",1836.0
1693,234,1712422847118,62.0,He gets to his feet and touches me on the hip as he goes past.,2440.0
1693,235,1712422848379,28.0,"""Give me a minute,"" he says.",1261.0
1693,236,1712422850160,39.0,We drive through town without speaking.,1779.0
1693,237,1712422852053,39.0,He stops at a roadside market for beer.,1893.0
1693,238,1712422854764,54.0,I notice a great stack of papers just inside the door.,2711.0
1693,239,1712422858317,89.0,On the top step a fat woman in a print dress holds out a licorice stick to a little girl.,3553.0
1693,240,1712422861663,66.0,"Later on, we cross Everson Creek and turn into the picnic grounds.",3346.0
1693,241,1712422864186,79.0,The creek runs under the bridge and into a large pond a few hundred yards away.,2523.0
1693,242,1712422865996,28.0,I can see the men out there.,1809.0
1693,243,1712422867883,33.0,I can see them out there fishing.,1887.0
1693,244,1712422870231,31.0,So much water so close to home.,2347.0
1693,245,1712422872884,43.0,"I say, ""Why did you have to go miles away?""",2653.0
1693,246,1712422874144,25.0,"""Don't rile me,"" he says.",1260.0
1693,247,1712422877501,29.0,We sit on a bench in the sun.,3357.0
1693,248,1712422880139,25.0,He opens us cans of beer.,2638.0
1693,249,1712422881553,25.0,"He says, ""Relax, Claire.""",1413.0
1693,250,1712422883598,30.0,"""They said they were innocent.",2045.0
1693,251,1712422886123,27.0,"They said they were crazy.""",2525.0
1693,252,1712422887238,15.0,"He says, ""Who?""",1115.0
1693,253,1712422888605,38.0,"He says, ""What are you talking about?""",1367.0
1693,254,1712422889691,21.0,"""The Maddox brothers.",1086.0
1693,255,1712422892513,54.0,They killed a girl named Arlene Hubly where I grew up.,2822.0
1693,256,1712422895337,60.0,They cut off her head and threw her into the Cle Elum River.,2824.0
1693,257,1712422897174,31.0,"It happened when I was a girl.""",1837.0
1693,258,1712422899025,40.0,"""You're going to get me riled,"" he says.",1851.0
1693,259,1712422900380,20.0,I look at the creek.,1355.0
1693,260,1712422904680,79.0,"I'm right in it, eyes open, face down, staring at the moss on the bottom, dead.",4300.0
1693,261,1712422908004,62.0,"""I don't know what's wrong with you,"" he says on the way home.",3324.0
1693,262,1712422909677,45.0,"""You're getting me more riled by the minute.""",1673.0
1693,263,1712422911510,34.0,There is nothing I can say to him.,1833.0
1693,264,1712422913060,36.0,He tries to concentrate on the road.,1549.0
1693,265,1712422914605,47.0,But he keeps looking into the rear-view mirror.,1545.0
1693,266,1712422915610,9.0,He knows.,1004.0
1693,267,1712422916315,3.0,***,705.0
1693,268,1712422919097,52.0,Stuart believes he is letting me sleep this morning.,2782.0
1693,269,1712422921389,47.0,But I was awake long before the alarm went off.,2292.0
1693,270,1712422924383,74.0,"I was thinking, lying on the far side of the bed away from his hairy legs.",2994.0
1693,271,1712422928224,78.0,"He gets Dean off for school, and then he shaves, dresses, and leaves for work.",3841.0
1693,272,1712422930846,40.0,Twice he looks in and clears his throat.,2622.0
1693,273,1712422932120,26.0,But I keep my eyes closed.,1274.0
1693,274,1712422933528,38.0,In the kitchen I find a note from him.,1408.0
1693,275,1712422934617,19.0,"It's signed ""Love.""",1089.0
1693,276,1712422936471,74.0,I sit in the breakfast nook and drink coffee and leave a ring on the note.,1854.0
1693,277,1712422937408,67.0,I look at the newspaper and turn it this way and that on the table.,937.0
1693,278,1712422939415,43.0,Then I skid it close and read what it says.,2007.0
1693,279,1712422940895,38.0,"The body has been identified, claimed.",1480.0
1693,280,1712422947893,155.0,"But it took some examining it, some putting things into it, some cutting, some weighing, some measuring, some putting things back again and sewing them in.",6998.0
1693,281,1712422949366,57.0,I sit for a long time holding the newspaper and thinking.,1473.0
1693,282,1712422953313,51.0,Then I call up to get a chair at the hairdresser's.,3947.0
1693,283,1712422953923,3.0,***,610.0
1693,284,1712422956939,75.0,I sit under the dryer with a magazine on my lap and let Marnie do my nails.,3016.0
1693,285,1712422958854,42.0,"""I am going to a funeral tomorrow,"" I say.",1915.0
1693,286,1712422960180,38.0,"""I'm sorry to hear that,"" Marnie says.",1326.0
1693,287,1712422961293,25.0,"""It was a murder,"" I say.",1113.0
1693,288,1712422962484,37.0,"""That's the worst kind,"" Marnie says.",1191.0
1693,289,1712422963819,35.0,"""We weren't all that close,"" I say.",1335.0
1693,290,1712422964900,15.0,"""But you know?""",1081.0
1693,291,1712422966837,45.0,"""We'll get you fixed up for it,"" Marnie says.",1937.0
1693,292,1712422969366,72.0,"That night I make my bed on the sofa, and in the morning I get up first.",2529.0
1693,293,1712422972171,50.0,I put on coffee and fix breakfast while he shaves.,2805.0
1693,294,1712422974920,76.0,"He appears in the kitchen doorway, towel over his bare shoulder, appraising.",2749.0
1693,295,1712422976036,23.0,"""Here's coffee,"" I say.",1116.0
1693,296,1712422977494,31.0,"""Eggs'll be ready in a minute.”",1458.0
1693,297,1712422979354,37.0,"I wake Dean, and the three of us eat.",1860.0
1693,298,1712422983695,79.0,"Whenever Stuart looks at me, I ask Dean if he wants more milk, more toast, etc.",4341.0
1693,299,1712422985910,56.0,"""I'll call you today,"" Stuart says as he opens the door.",2215.0
1693,300,1712422988531,42.0,"I say, ""I don't think I'll be home today.""",2621.0
1693,301,1712422989590,21.0,"""All right,"" he says.",1059.0
1693,302,1712422990262,7.0,"""Sure.""",672.0
1693,303,1712422991140,18.0,I dress carefully.,878.0
1693,304,1712422993229,48.0,I try on a hat and look at myself in the mirror.,2089.0
1693,305,1712422994887,28.0,I write out a note for Dean.,1657.0
1693,306,1712422997391,69.0,"Honey, Mommy has things to do this afternoon, but will be back later.",2504.0
1693,307,1712423002555,61.0,You stay in or be in the backyard until one of us comes home.,5164.0
1693,308,1712423003297,11.0,"Love, Mommy",742.0
1693,309,1712423005034,48.0,I look at the word Love and then I underline it.,1737.0
1693,310,1712423006964,29.0,Then I see the word backyard.,1929.0
1693,311,1712423008897,22.0,Is it one word or two?,1933.0
1693,312,1712423009548,3.0,***,651.0
1693,313,1712423014658,121.0,"I drive through farm country, through fields of oats and sugar beets and past apple orchards, cattle grazing in pastures.",5109.0
1693,314,1712423018313,99.0,"Then everything changes, more like shacks than farmhouses and stands of timber instead of orchards.",3655.0
1693,315,1712423022185,78.0,"Then mountains, and on the right, far below, I sometimes see the Naches River.",3872.0
1693,316,1712423025799,64.0,A green pickup comes up behind me and stays behind me for miles.,3614.0
1693,317,1712423027968,55.0,"I keep slowing at the wrong times, hoping he will pass.",2169.0
1693,318,1712423028980,16.0,Then I speed up.,1012.0
1693,319,1712423030249,36.0,"But this is at the wrong times, too.",1269.0
1693,320,1712423031743,39.0,I grip the wheel until my fingers hurt.,1494.0
1693,321,1712423033516,37.0,On a long clear stretch he goes past.,1773.0
1693,322,1712423037444,73.0,"But he drives along beside for a bit, a crewcut man in a blue work shirt.",3928.0
1693,323,1712423038500,24.0,We look each other over.,1056.0
1693,324,1712423040724,53.0,"Then he waves, toots his horn, and pulls on up ahead.",2224.0
1693,325,1712423042298,29.0,I slow down and find a place.,1574.0
1693,326,1712423043658,35.0,I pull over and shut off the motor.,1360.0
1693,327,1712423045441,42.0,I can hear the river down below the trees.,1783.0
1693,328,1712423046795,35.0,Then I hear the pickup coming back.,1354.0
1693,329,1712423048234,41.0,I lock the doors and roll up the windows.,1439.0
1693,330,1712423049216,30.0,"""You all right?"" the man says.",982.0
1693,331,1712423050129,21.0,He raps on the glass.,913.0
1693,332,1712423051001,11.0,"""You okay?""",872.0
1693,333,1712423053109,64.0,He leans his arms on the door and brings his face to the window.,2107.0
1693,334,1712423054309,15.0,I stare at him.,1200.0
1693,335,1712423056784,30.0,I can't think what else to do.,2475.0
1693,336,1712423057756,34.0,"""Is everything all right in there?",972.0
1693,337,1712423059278,31.0,"How come you're all locked up?""",1522.0
1693,338,1712423060068,16.0,I shake my head.,789.0
1693,339,1712423061194,24.0,"""Roll down your window.""",1126.0
1693,340,1712423063645,64.0,He shakes his head and looks at the highway and then back at me.,2450.0
1693,341,1712423064544,19.0,"""Roll it down now.""",899.0
1693,342,1712423066151,32.0,"""Please,"" I say, ""I have to go.""",1607.0
1693,343,1712423068303,50.0,"""Open the door,"" he says as if he isn't listening.",2152.0
1693,344,1712423070497,33.0,"""You're going to choke in there.""",2193.0
1693,345,1712423071959,32.0,"He looks at my breasts, my legs.",1462.0
1693,346,1712423073459,34.0,I can tell that's what he's doing.,1500.0
1693,347,1712423074899,22.0,"""Hey, sugar,"" he says.",1440.0
1693,348,1712423076438,31.0,"""I'm just here to help is all.""",1539.0
1693,349,1712423077497,3.0,***,1059.0
1693,350,1712423079451,52.0,The casket is closed and covered with floral sprays.,1954.0
1693,351,1712423081505,45.0,The organ starts up the minute I take a seat.,2054.0
1693,352,1712423083989,40.0,People are coming in and finding chairs.,2484.0
1693,353,1712423086736,63.0,There's a boy in flared pants and a yellow short-sleeved shirt.,2747.0
1693,354,1712423089455,100.0,A door opens and the family comes in in a group and moves over to a curtained place off to one side.,2719.0
1693,355,1712423092736,39.0,Chairs creak as everybody gets settled.,3281.0
1693,356,1712423095787,83.0,"Directly, a nice blond man in a nice dark suit stands and asks us to bow our heads.",3051.0
1693,357,1712423099288,105.0,"He says a prayer for us, the living, and when he finishes, he says a prayer for the soul of the departed.",3501.0
1693,358,1712423101352,43.0,Along with the others I go past the casket.,2064.0
1693,359,1712423103899,66.0,Then I move out onto the front steps and into the afternoon light.,2547.0
1693,360,1712423106687,66.0,There's a woman who limps as she goes down the stairs ahead of me.,2788.0
1693,361,1712423108182,33.0,On the sidewalk she looks around.,1495.0
1693,362,1712423110554,31.0,"""Well, they got him,"" she says.",2372.0
1693,363,1712423111602,27.0,"""If that's any consolation.",1048.0
1693,364,1712423112810,31.0,They arrested him this morning.,1208.0
1693,365,1712423114064,38.0,I heard it on the radio before I come.,1254.0
1693,366,1712423115706,26.0,"A boy right here in town.""",1642.0
1693,367,1712423118297,42.0,We move a few steps down the hot sidewalk.,2591.0
1693,368,1712423120048,25.0,People are starting cars.,1751.0
1693,369,1712423124133,49.0,I put out my hand and hold on to a parking meter.,4085.0
1693,370,1712423126759,36.0,Polished hoods and polished fenders.,2626.0
1693,371,1712423127624,14.0,My head swims.,864.0
1693,372,1712423129765,41.0,"I say, ""They have friends, these killers.",2141.0
1693,373,1712423130975,16.0,"You can't tell.""",1210.0
1693,374,1712423134409,70.0,"""I have known that child since she was a little girl,"" the woman says.",3434.0
1693,375,1712423137652,93.0,"""She used to come over and I'd bake cookies for her and let her eat them in front of the TV.""",3243.0
1693,376,1712423138257,3.0,***,605.0
1693,377,1712423141254,76.0,"Back home, Stuart sits at the table with a drink of whiskey in front of him.",2997.0
1693,378,1712423143997,57.0,For a crazy instant I think something's happened to Dean.,2743.0
1693,379,1712423144809,14.0,"""Where is he?""",811.0
1693,380,1712423145621,6.0,I say.,812.0
1693,381,1712423146317,16.0,"""Where is Dean?""",696.0
1693,382,1712423147413,27.0,"""Outside,"" my husband says.",1096.0
1693,383,1712423149238,34.0,He drains his glass and stands up.,1825.0
1693,384,1712423151385,40.0,"He says, ""I think I know what you need.""",2146.0
1693,385,1712423155590,138.0,He reaches an arm around my waist and with his other hand he begins to unbutton my jacket and then he goes on to the buttons of my blouse.,4205.0
1693,386,1712423156660,30.0,"""First things first,"" he says.",1070.0
1693,387,1712423157686,23.0,He says something else.,1026.0
1693,388,1712423158770,27.0,But I don't need to listen.,1084.0
1693,389,1712423161297,46.0,I can't hear a thing with so much water going.,2527.0
1693,390,1712423162225,3.0,***,928.0
1718,135,1712428125923,3.0,***,1693.0
1718,136,1712428127728,37.0,My husband eats with a good appetite.,1805.0
1718,137,1712428129357,37.0,But I don't think he's really hungry.,1629.0
1718,138,1712428132990,69.0,"He chews, arms on the table, and stares at something across the room.",3633.0
1718,139,1712428134304,30.0,He looks at me and looks away.,1314.0
1718,140,1712428135934,33.0,He wipes his mouth on the napkin.,1630.0
1718,141,1712428136979,30.0,"He shrugs, and goes on eating.",1045.0
1718,142,1712428137968,42.0,"""What are you staring at me for?"" he says.",989.0
1718,143,1712428140421,45.0,"""What is it?"" he says and lays down his fork.",2453.0
1718,144,1712428141426,42.0,"""Was I staring?"" I say, and shake my head.",1004.0
1718,145,1712428142146,20.0,The telephone rings.,720.0
1718,146,1712428142840,27.0,"""Don't answer it,"" he says.",694.0
1718,147,1712428143655,33.0,"""It might be your mother,"" I say.",814.0
1718,148,1712428144540,25.0,"""Watch and see,"" he says.",884.0
1718,149,1712428145735,34.0,I pick up the receiver and listen.,1195.0
1718,150,1712428146630,24.0,My husband stops eating.,895.0
1718,151,1712428147799,46.0,"""What did I tell you?"" he says when I hang up.",1169.0
1718,152,1712428148669,23.0,He starts to eat again.,870.0
1718,153,1712428149808,36.0,Then throws his napkin on his plate.,1139.0
1718,154,1712428151862,63.0,"He says, ""Goddamn it, why can't people mind their own business?",2054.0
1718,155,1712428153806,41.0,Tell me what I did wrong and I'll listen!,1944.0
1718,156,1712428155516,28.0,I wasn't the only man there.,1710.0
1718,157,1712428157115,37.0,We talked it over and we all decided.,1599.0
1718,158,1712428158090,29.0,We couldn't just turn around.,975.0
1718,159,1712428161404,32.0,We were five miles from the car.,3314.0
1718,160,1712428163043,34.0,I won't have you passing judgment.,1639.0
1718,161,1712428163928,13.0,"Do you hear?""",884.0
1718,162,1712428165107,18.0,"""You know,"" I say.",1179.0
1718,163,1712428167026,33.0,"He says, ""What do I know, Claire?",1919.0
1718,164,1712428168136,34.0,Tell me what I'm supposed to know.,1110.0
1718,165,1712428170370,40.0,"I don't know anything except one thing?""",2234.0
1718,166,1712428172250,48.0,He gives me what he thinks is a meaningful look.,1880.0
1718,167,1712428173319,24.0,"""She was dead,"" he says.",1069.0
1718,168,1712428174619,33.0,"""And I'm as sorry as anyone else.",1300.0
1718,169,1712428175624,18.0,"But she was dead.""",1005.0
1718,170,1712428176559,26.0,"""That's the point,"" I say.",935.0
1718,171,1712428177362,20.0,He raises his hands.,803.0
1718,172,1712428178442,40.0,He pushes his chair away from the table.,1080.0
1718,173,1712428182291,72.0,He takes out his cigarettes and goes out to the back with a can of beer.,3849.0
1718,174,1712428184571,64.0,I see him sit in the lawn chair and pick up the newspaper again.,2279.0
1718,175,1712428186550,39.0,His name is in there on the first page.,1979.0
1718,176,1712428187629,36.0,Along with the names of his friends.,1079.0
1718,177,1712428188863,40.0,I close my eyes and hold on to the sink.,1234.0
1718,178,1712428193157,74.0,Then I rake my arm across the drainboard and send the dishes to the floor.,4294.0
1718,179,1712428194026,16.0,He doesn't move.,869.0
1718,180,1712428195041,18.0,I know he's heard.,1015.0
1718,181,1712428196170,40.0,He lifts his head as if still listening.,1129.0
1718,182,1712428197060,30.0,But he doesn't move otherwise.,890.0
1718,183,1712428197885,23.0,He doesn't turn around.,824.0
1718,184,1712428198756,3.0,***,871.0
1718,185,1712428204410,88.0,"He and Gordon Johnson and Mel Dorn and Vern Williams, they play poker and bowl and fish.",5653.0
1718,186,1712428207088,85.0,They fish every spring and early summer before visiting relatives can get in the way.,2678.0
1718,187,1712428210471,65.0,"They are decent men, family men, men who take care of their jobs.",3383.0
1718,188,1712428212781,65.0,"They have sons and daughters who go to school with our son, Dean.",2308.0
1718,189,1712428215151,55.0,Last Friday these family men left for the Naches River.,2370.0
1718,190,1712428219313,76.0,They parked the car in the mountains and hiked to where they wanted to fish.,4162.0
1718,191,1712428221477,76.0,"They carried their bedrolls, their food, their playing cards, their whiskey.",2164.0
1718,192,1712428223412,42.0,They saw the girl before they set up camp.,1935.0
1718,193,1712428224466,19.0,Mel Dorn found her.,1054.0
1718,194,1712428225457,25.0,No clothes on her at all.,990.0
1718,195,1712428228545,64.0,She was wedged into some branches that stuck out over the water.,3088.0
1718,196,1712428229694,43.0,He called the others and they came to look.,1149.0
1718,197,1712428230526,29.0,They talked about what to do.,832.0
1718,198,1712428236538,82.0,One of the men - my Stuart didn't say which - said they should start back at once.,6012.0
1718,199,1712428238641,86.0,"The others stirred the sand with their shoes, said they didn't feel inclined that way.",2103.0
1718,200,1712428242324,82.0,"They pleaded fatigue, the late hour, the fact that the girl wasn't going anywhere.",3683.0
1718,201,1712428243963,47.0,In the end they went ahead and set up the camp.,1638.0
1718,202,1712428244848,42.0,They built a fire and drank their whiskey.,885.0
1718,203,1712428246043,50.0,"When the moon came up, they talked about the girl.",1194.0
1718,204,1712428250582,59.0,Someone said they should -keep the body from drifting away.,4539.0
1718,205,1712428251826,55.0,They took their flashlights and went back to the river.,1243.0
1718,206,1712428254194,66.0,One of the men - it might have been Stuart - waded in and got her.,2368.0
1718,207,1712428256499,53.0,He took her by the fingers and pulled her into shore.,2303.0
1718,208,1712428259852,87.0,He got some nylon cord and tied it to her wrist and then looped the rest around a tree.,3353.0
1718,209,1712428262012,99.0,"The next morning they cooked breakfast, drank coffee, and drank whiskey, and then split up to fish.",2160.0
1718,210,1712428268784,182.0,"That night they cooked fish, cooked potatoes, drank coffee, drank whiskey, then took their cooking things and eating things back down to the river and washed them where the girl was.",6771.0
1718,211,1712428269569,32.0,They played some cards later on.,785.0
1718,212,1712428271643,55.0,Maybe they played until they couldn't see them anymore.,2074.0
1718,213,1712428272594,28.0,Vern Williams went to sleep.,951.0
1718,214,1712428273313,28.0,But the others told stories.,719.0
1718,215,1712428277390,100.0,Gordon Johnson said the trout they'd caught were hard because of the terrible coldness of the water.,4077.0
1718,216,1712428281530,154.0,"The next morning they got up late, drank whiskey, fished a little, took down their tents, rolled their sleeping bags, gathered their stuff, and hiked out.",4140.0
1718,217,1712428282574,41.0,They drove until they got to a telephone.,1044.0
1718,218,1712428284943,86.0,It was Stuart who made the call while the others stood around in the sun and listened.,2369.0
1718,219,1712428286042,32.0,He gave the sheriff their names.,1099.0
1718,220,1712428287231,25.0,They had nothing to hide.,1189.0
1718,221,1712428287986,21.0,They weren't ashamed.,754.0
1718,222,1712428291360,100.0,They said they'd wait until someone could come for better directions and take down their statements.,3374.0
1718,223,1712428292114,3.0,***,754.0
1718,224,1712428292854,30.0,I was asleep when he got home.,739.0
1718,225,1712428294449,46.0,But I woke up when I heard him in the kitchen.,1595.0
1718,226,1712428296994,64.0,I found him leaning against the refrigerator with a can of beer.,2545.0
1718,227,1712428299367,68.0,He put his heavy arms around me and rubbed his big hands on my back.,2373.0
1718,228,1712428302371,85.0,In bed he put his hands on me again and then waited as if thinking of something else.,3004.0
1718,229,1712428303690,28.0,I turned and opened my legs.,1319.0
1718,230,1712428305979,36.0,"Afterwards, I think he stayed awake.",2289.0
1718,231,1712428309143,53.0,He was up that morning before I could get out of bed.,3164.0
1718,232,1712428311588,54.0,"To see if there was something in the paper, I suppose.",2444.0
1718,233,1712428313062,46.0,The telephone began ringing right after eight.,1474.0
1718,234,1712428313886,13.0,"""Go to hell!""",824.0
1718,235,1712428314486,18.0,I heard him shout.,600.0
1718,236,1712428315130,31.0,The telephone rang right again.,644.0
1718,237,1712428317864,59.0,"""I have nothing to add to what I already told the sheriff!""",2733.0
1718,238,1712428318585,29.0,He slammed the receiver down.,720.0
1718,239,1712428319289,27.0,"""What is going on?"" I said.",703.0
1718,240,1712428320625,49.0,It was then that he told me what I just told you.,1336.0
1718,241,1712428321420,3.0,***,795.0
1718,242,1712428322764,44.0,I sweep up the broken dishes and go outside.,1344.0
1718,243,1712428325438,85.0,"He is lying on his back on the grass now, the newspaper and can of beer within reach.",2674.0
1718,244,1712428326758,41.0,"""Stuart, could we go for a drive?"" I say.",1320.0
1718,245,1712428327627,30.0,He rolls over and looks at me.,869.0
1718,246,1712428328568,37.0,"""We'll pick up some beer,"" he says...",941.0
1718,247,1712428331383,62.0,He gets to his feet and touches me on the hip as he goes past.,2815.0
1718,248,1712428332115,28.0,"""Give me a minute,"" he says.",732.0
1718,249,1712428333960,39.0,We drive through town without speaking.,1844.0
1718,250,1712428336039,39.0,He stops at a roadside market for beer.,2079.0
1718,251,1712428337569,54.0,I notice a great stack of papers just inside the door.,1530.0
1718,252,1712428340942,89.0,On the top step a fat woman in a print dress holds out a licorice stick to a little girl.,3373.0
1718,253,1712428342862,66.0,"Later on, we cross Everson Creek and turn into the picnic grounds.",1920.0
1718,254,1712428345411,79.0,The creek runs under the bridge and into a large pond a few hundred yards away.,2548.0
1718,255,1712428346430,28.0,I can see the men out there.,1019.0
1718,256,1712428347230,33.0,I can see them out there fishing.,800.0
1718,257,1712428348170,31.0,So much water so close to home.,939.0
1718,258,1712428350464,43.0,"I say, ""Why did you have to go miles away?""",2294.0
1718,259,1712428351253,25.0,"""Don't rile me,"" he says.",789.0
1718,260,1712428352008,29.0,We sit on a bench in the sun.,754.0
1718,261,1712428352858,25.0,He opens us cans of beer.,850.0
1718,262,1712428353614,25.0,"He says, ""Relax, Claire.""",756.0
1718,263,1712428355017,30.0,"""They said they were innocent.",1403.0
1718,264,1712428356757,27.0,"They said they were crazy.""",1740.0
1718,265,1712428357376,15.0,"He says, ""Who?""",619.0
1718,266,1712428358126,38.0,"He says, ""What are you talking about?""",750.0
1718,267,1712428358891,21.0,"""The Maddox brothers.",764.0
1718,268,1712428361615,54.0,They killed a girl named Arlene Hubly where I grew up.,2724.0
1718,269,1712428363490,60.0,They cut off her head and threw her into the Cle Elum River.,1875.0
1718,270,1712428364695,31.0,"It happened when I was a girl.""",1205.0
1718,271,1712428365808,40.0,"""You're going to get me riled,"" he says.",1113.0
1718,272,1712428366544,20.0,I look at the creek.,735.0
1718,273,1712428369092,79.0,"I'm right in it, eyes open, face down, staring at the moss on the bottom, dead.",2548.0
1718,274,1712428371021,62.0,"""I don't know what's wrong with you,"" he says on the way home.",1929.0
1718,275,1712428372216,45.0,"""You're getting me more riled by the minute.""",1194.0
1718,276,1712428373176,34.0,There is nothing I can say to him.,960.0
1718,277,1712428374100,36.0,He tries to concentrate on the road.,924.0
1718,278,1712428375486,47.0,But he keeps looking into the rear-view mirror.,1386.0
1718,279,1712428376040,9.0,He knows.,553.0
1718,280,1712428376659,3.0,***,619.0
1718,281,1712428378419,52.0,Stuart believes he is letting me sleep this morning.,1760.0
1718,282,1712428379629,47.0,But I was awake long before the alarm went off.,1210.0
1718,283,1712428382011,74.0,"I was thinking, lying on the far side of the bed away from his hairy legs.",2382.0
1718,284,1712428384261,78.0,"He gets Dean off for school, and then he shaves, dresses, and leaves for work.",2249.0
1718,285,1712428386095,40.0,Twice he looks in and clears his throat.,1834.0
1718,286,1712428386790,26.0,But I keep my eyes closed.,695.0
1718,287,1712428388723,38.0,In the kitchen I find a note from him.,1933.0
1718,288,1712428389504,19.0,"It's signed ""Love.""",781.0
1718,289,1712428391893,74.0,I sit in the breakfast nook and drink coffee and leave a ring on the note.,2389.0
1718,290,1712428394791,67.0,I look at the newspaper and turn it this way and that on the table.,2898.0
1718,291,1712428397042,43.0,Then I skid it close and read what it says.,2251.0
1718,292,1712428398110,38.0,"The body has been identified, claimed.",1068.0
1718,293,1712428403438,155.0,"But it took some examining it, some putting things into it, some cutting, some weighing, some measuring, some putting things back again and sewing them in.",5328.0
1718,294,1712428405098,57.0,I sit for a long time holding the newspaper and thinking.,1660.0
1718,295,1712428408222,51.0,Then I call up to get a chair at the hairdresser's.,3124.0
1718,296,1712428408751,3.0,***,528.0
1718,297,1712428412205,75.0,I sit under the dryer with a magazine on my lap and let Marnie do my nails.,3454.0
1718,298,1712428413274,42.0,"""I am going to a funeral tomorrow,"" I say.",1069.0
1718,299,1712428414439,38.0,"""I'm sorry to hear that,"" Marnie says.",1164.0
1718,300,1712428415409,25.0,"""It was a murder,"" I say.",970.0
1718,301,1712428416449,37.0,"""That's the worst kind,"" Marnie says.",1040.0
1718,302,1712428417583,35.0,"""We weren't all that close,"" I say.",1134.0
1718,303,1712428418369,15.0,"""But you know?""",786.0
1718,304,1712428419412,45.0,"""We'll get you fixed up for it,"" Marnie says.",1043.0
1718,305,1712428422581,72.0,"That night I make my bed on the sofa, and in the morning I get up first.",3169.0
1718,306,1712428423472,50.0,I put on coffee and fix breakfast while he shaves.,891.0
1718,307,1712428425230,76.0,"He appears in the kitchen doorway, towel over his bare shoulder, appraising.",1758.0
1718,308,1712428426110,23.0,"""Here's coffee,"" I say.",880.0
1718,309,1712428427175,31.0,"""Eggs'll be ready in a minute.”",1064.0
1718,310,1712428428410,37.0,"I wake Dean, and the three of us eat.",1235.0
1718,311,1712428431048,79.0,"Whenever Stuart looks at me, I ask Dean if he wants more milk, more toast, etc.",2638.0
1718,312,1712428432428,56.0,"""I'll call you today,"" Stuart says as he opens the door.",1380.0
1718,313,1712428433787,42.0,"I say, ""I don't think I'll be home today.""",1359.0
1718,314,1712428434292,21.0,"""All right,"" he says.",505.0
1718,315,1712428434737,7.0,"""Sure.""",445.0
1718,316,1712428435167,18.0,I dress carefully.,430.0
1718,317,1712428438996,48.0,I try on a hat and look at myself in the mirror.,3829.0
1718,318,1712428440874,28.0,I write out a note for Dean.,1878.0
1718,319,1712428442985,69.0,"Honey, Mommy has things to do this afternoon, but will be back later.",2111.0
1718,320,1712428446389,61.0,You stay in or be in the backyard until one of us comes home.,3404.0
1718,321,1712428447174,11.0,"Love, Mommy",784.0
1718,322,1712428449074,48.0,I look at the word Love and then I underline it.,1899.0
1718,323,1712428450182,29.0,Then I see the word backyard.,1108.0
1718,324,1712428451387,22.0,Is it one word or two?,1205.0
1718,325,1712428451942,3.0,***,555.0
1718,326,1712428455351,121.0,"I drive through farm country, through fields of oats and sugar beets and past apple orchards, cattle grazing in pastures.",3409.0
1718,327,1712428457850,99.0,"Then everything changes, more like shacks than farmhouses and stands of timber instead of orchards.",2499.0
1718,328,1712428459521,78.0,"Then mountains, and on the right, far below, I sometimes see the Naches River.",1671.0
1718,329,1712428461455,64.0,A green pickup comes up behind me and stays behind me for miles.,1934.0
1718,330,1712428463353,55.0,"I keep slowing at the wrong times, hoping he will pass.",1898.0
1718,331,1712428464038,16.0,Then I speed up.,685.0
1718,332,1712428464923,36.0,"But this is at the wrong times, too.",885.0
1718,333,1712428465877,39.0,I grip the wheel until my fingers hurt.,954.0
1718,334,1712428467057,37.0,On a long clear stretch he goes past.,1180.0
1718,335,1712428470032,73.0,"But he drives along beside for a bit, a crewcut man in a blue work shirt.",2975.0
1718,336,1712428470850,24.0,We look each other over.,818.0
1718,337,1712428472260,53.0,"Then he waves, toots his horn, and pulls on up ahead.",1410.0
1718,338,1712428473080,29.0,I slow down and find a place.,820.0
1718,339,1712428474149,35.0,I pull over and shut off the motor.,1069.0
1718,340,1712428475270,42.0,I can hear the river down below the trees.,1120.0
1718,341,1712428476179,35.0,Then I hear the pickup coming back.,909.0
1718,342,1712428477404,41.0,I lock the doors and roll up the windows.,1225.0
1718,343,1712428478088,30.0,"""You all right?"" the man says.",684.0
1718,344,1712428478943,21.0,He raps on the glass.,855.0
1718,345,1712428479503,11.0,"""You okay?""",560.0
1718,346,1712428481352,64.0,He leans his arms on the door and brings his face to the window.,1848.0
1718,347,1712428481922,15.0,I stare at him.,570.0
1718,348,1712428482517,30.0,I can't think what else to do.,595.0
1718,349,1712428483287,34.0,"""Is everything all right in there?",768.0
1718,350,1712428484395,31.0,"How come you're all locked up?""",1108.0
1718,351,1712428485022,16.0,I shake my head.,627.0
1718,352,1712428485580,24.0,"""Roll down your window.""",558.0
1718,353,1712428487395,64.0,He shakes his head and looks at the highway and then back at me.,1814.0
1718,354,1712428487984,19.0,"""Roll it down now.""",589.0
1718,355,1712428488754,32.0,"""Please,"" I say, ""I have to go.""",770.0
1718,356,1712428489754,50.0,"""Open the door,"" he says as if he isn't listening.",1000.0
1718,357,1712428490578,33.0,"""You're going to choke in there.""",824.0
1718,358,1712428491849,32.0,"He looks at my breasts, my legs.",1271.0
1718,359,1712428492843,34.0,I can tell that's what he's doing.,993.0
1718,360,1712428493458,22.0,"""Hey, sugar,"" he says.",615.0
1718,361,1712428494252,31.0,"""I'm just here to help is all.""",794.0
1718,362,1712428494762,3.0,***,510.0
1718,363,1712428496561,52.0,The casket is closed and covered with floral sprays.,1799.0
1718,364,1712428498620,45.0,The organ starts up the minute I take a seat.,2059.0
1718,365,1712428500055,40.0,People are coming in and finding chairs.,1434.0
1718,366,1712428501945,63.0,There's a boy in flared pants and a yellow short-sleeved shirt.,1890.0
1718,367,1712428504694,100.0,A door opens and the family comes in in a group and moves over to a curtained place off to one side.,2749.0
1718,368,1712428505968,39.0,Chairs creak as everybody gets settled.,1274.0
1718,369,1712428508557,83.0,"Directly, a nice blond man in a nice dark suit stands and asks us to bow our heads.",2589.0
1718,370,1712428511423,105.0,"He says a prayer for us, the living, and when he finishes, he says a prayer for the soul of the departed.",2866.0
1718,371,1712428512682,43.0,Along with the others I go past the casket.,1259.0
1718,372,1712428514426,66.0,Then I move out onto the front steps and into the afternoon light.,1744.0
1718,373,1712428516249,66.0,There's a woman who limps as she goes down the stairs ahead of me.,1823.0
1718,374,1712428517239,33.0,On the sidewalk she looks around.,990.0
1718,375,1712428518404,31.0,"""Well, they got him,"" she says.",1165.0
1718,376,1712428519023,27.0,"""If that's any consolation.",619.0
1718,377,1712428519733,31.0,They arrested him this morning.,710.0
1718,378,1712428520479,38.0,I heard it on the radio before I come.,746.0
1718,379,1712428521107,26.0,"A boy right here in town.""",628.0
1718,380,1712428522402,42.0,We move a few steps down the hot sidewalk.,1295.0
1718,381,1712428523378,25.0,People are starting cars.,976.0
1718,382,1712428524686,49.0,I put out my hand and hold on to a parking meter.,1308.0
1718,383,1712428526246,36.0,Polished hoods and polished fenders.,1560.0
1718,384,1712428526856,14.0,My head swims.,610.0
1718,385,1712428529030,41.0,"I say, ""They have friends, these killers.",2174.0
1718,386,1712428529624,16.0,"You can't tell.""",594.0
1718,387,1712428532893,70.0,"""I have known that child since she was a little girl,"" the woman says.",3268.0
1718,388,1712428535218,93.0,"""She used to come over and I'd bake cookies for her and let her eat them in front of the TV.""",2325.0
1718,389,1712428535792,3.0,***,574.0
1718,390,1712428537492,76.0,"Back home, Stuart sits at the table with a drink of whiskey in front of him.",1700.0
1718,391,1712428540206,57.0,For a crazy instant I think something's happened to Dean.,2714.0
1718,392,1712428540825,14.0,"""Where is he?""",619.0
1718,393,1712428541230,6.0,I say.,405.0
1718,394,1712428541675,16.0,"""Where is Dean?""",445.0
1718,395,1712428542350,27.0,"""Outside,"" my husband says.",675.0
1718,396,1712428543130,34.0,He drains his glass and stands up.,779.0
1718,397,1712428545129,40.0,"He says, ""I think I know what you need.""",1999.0
1718,398,1712428549688,138.0,He reaches an arm around my waist and with his other hand he begins to unbutton my jacket and then he goes on to the buttons of my blouse.,4559.0
1718,399,1712428550453,30.0,"""First things first,"" he says.",765.0
1718,400,1712428551117,23.0,He says something else.,664.0
1718,401,1712428551647,27.0,But I don't need to listen.,530.0
1718,402,1712428552816,46.0,I can't hear a thing with so much water going.,1169.0
1718,403,1712428553351,3.0,***,535.0
1717,116,1712589922541,3.0,***,2779.0
1717,117,1712589925845,37.0,My husband eats with a good appetite.,3304.0
1717,118,1712589929407,37.0,But I don't think he's really hungry.,3561.0
1717,119,1712589935157,69.0,"He chews, arms on the table, and stares at something across the room.",5750.0
1717,120,1712589937104,30.0,He looks at me and looks away.,1947.0
1717,121,1712589939486,33.0,He wipes his mouth on the napkin.,2382.0
1717,122,1712589941637,30.0,"He shrugs, and goes on eating.",2151.0
1717,123,1712589944383,42.0,"""What are you staring at me for?"" he says.",2746.0
1717,124,1712589946943,45.0,"""What is it?"" he says and lays down his fork.",2560.0
1717,125,1712589949431,42.0,"""Was I staring?"" I say, and shake my head.",2488.0
1717,126,1712589951464,20.0,The telephone rings.,2032.0
1717,127,1712589953031,27.0,"""Don't answer it,"" he says.",1567.0
1717,128,1712589955077,33.0,"""It might be your mother,"" I say.",2045.0
1717,129,1712589956641,25.0,"""Watch and see,"" he says.",1564.0
1717,130,1712589959061,34.0,I pick up the receiver and listen.,2420.0
1717,131,1712589961059,24.0,My husband stops eating.,1998.0
1717,132,1712589962953,46.0,"""What did I tell you?"" he says when I hang up.",1894.0
1717,133,1712589964751,23.0,He starts to eat again.,1798.0
1717,134,1712589968073,36.0,Then throws his napkin on his plate.,3322.0
1717,135,1712589971032,63.0,"He says, ""Goddamn it, why can't people mind their own business?",2958.0
1717,136,1712589973893,41.0,Tell me what I did wrong and I'll listen!,2861.0
1717,137,1712589975716,28.0,I wasn't the only man there.,1823.0
1717,138,1712589976912,37.0,We talked it over and we all decided.,1196.0
1717,139,1712589979062,29.0,We couldn't just turn around.,2150.0
1717,140,1712589980955,32.0,We were five miles from the car.,1893.0
1717,141,1712589982907,34.0,I won't have you passing judgment.,1952.0
1717,142,1712589984255,13.0,"Do you hear?""",1347.0
1717,143,1712589985650,18.0,"""You know,"" I say.",1395.0
1717,144,1712589988535,33.0,"He says, ""What do I know, Claire?",2885.0
1717,145,1712589990278,34.0,Tell me what I'm supposed to know.,1743.0
1717,146,1712589993488,40.0,"I don't know anything except one thing?""",3209.0
1717,147,1712589996031,48.0,He gives me what he thinks is a meaningful look.,2543.0
1717,148,1712589997825,24.0,"""She was dead,"" he says.",1794.0
1717,149,1712589999167,33.0,"""And I'm as sorry as anyone else.",1342.0
1717,150,1712590000271,18.0,"But she was dead.""",1104.0
1717,151,1712590001760,26.0,"""That's the point,"" I say.",1488.0
1717,152,1712590003852,20.0,He raises his hands.,2092.0
1717,153,1712590005756,40.0,He pushes his chair away from the table.,1904.0
1717,154,1712590010018,72.0,He takes out his cigarettes and goes out to the back with a can of beer.,4261.0
1717,155,1712590013299,64.0,I see him sit in the lawn chair and pick up the newspaper again.,3281.0
1717,156,1712590015097,39.0,His name is in there on the first page.,1798.0
1717,157,1712590017178,36.0,Along with the names of his friends.,2081.0
1717,158,1712590019499,40.0,I close my eyes and hold on to the sink.,2321.0
1717,159,1712590023368,74.0,Then I rake my arm across the drainboard and send the dishes to the floor.,3869.0
1717,160,1712590025218,16.0,He doesn't move.,1849.0
1717,161,1712590026816,18.0,I know he's heard.,1598.0
1717,162,1712590029106,40.0,He lifts his head as if still listening.,2290.0
1717,163,1712590030713,30.0,But he doesn't move otherwise.,1607.0
1717,164,1712590031880,23.0,He doesn't turn around.,1167.0
1717,165,1712590033152,3.0,***,1272.0
1717,166,1712590038740,88.0,"He and Gordon Johnson and Mel Dorn and Vern Williams, they play poker and bowl and fish.",5588.0
1717,167,1712590042917,85.0,They fish every spring and early summer before visiting relatives can get in the way.,4177.0
1717,168,1712590046014,65.0,"They are decent men, family men, men who take care of their jobs.",3097.0
1717,169,1712590048669,65.0,"They have sons and daughters who go to school with our son, Dean.",2654.0
1717,170,1712590054088,55.0,Last Friday these family men left for the Naches River.,5419.0
1717,171,1712590056747,76.0,They parked the car in the mountains and hiked to where they wanted to fish.,2659.0
1717,172,1712590060253,76.0,"They carried their bedrolls, their food, their playing cards, their whiskey.",3506.0
1717,173,1712590062742,42.0,They saw the girl before they set up camp.,2489.0
1717,174,1712590064430,19.0,Mel Dorn found her.,1688.0
1717,175,1712590065873,25.0,No clothes on her at all.,1443.0
1717,176,1712590070370,64.0,She was wedged into some branches that stuck out over the water.,4496.0
1717,177,1712590071997,43.0,He called the others and they came to look.,1627.0
1717,178,1712590073530,29.0,They talked about what to do.,1533.0
1717,179,1712590077459,82.0,One of the men - my Stuart didn't say which - said they should start back at once.,3929.0
1717,180,1712590081515,86.0,"The others stirred the sand with their shoes, said they didn't feel inclined that way.",4055.0
1717,181,1712590085694,82.0,"They pleaded fatigue, the late hour, the fact that the girl wasn't going anywhere.",4178.0
1717,182,1712590088797,47.0,In the end they went ahead and set up the camp.,3103.0
1717,183,1712590090536,42.0,They built a fire and drank their whiskey.,1739.0
1717,184,1712590093089,50.0,"When the moon came up, they talked about the girl.",2553.0
1717,185,1712590098059,59.0,Someone said they should -keep the body from drifting away.,4970.0
1717,186,1712590099811,55.0,They took their flashlights and went back to the river.,1752.0
1717,187,1712590104059,66.0,One of the men - it might have been Stuart - waded in and got her.,4246.0
1717,188,1712590107241,53.0,He took her by the fingers and pulled her into shore.,3182.0
1717,189,1712590111844,87.0,He got some nylon cord and tied it to her wrist and then looped the rest around a tree.,4603.0
1717,190,1712590119737,99.0,"The next morning they cooked breakfast, drank coffee, and drank whiskey, and then split up to fish.",7893.0
1717,191,1712590129495,182.0,"That night they cooked fish, cooked potatoes, drank coffee, drank whiskey, then took their cooking things and eating things back down to the river and washed them where the girl was.",9758.0
1717,192,1712590131408,32.0,They played some cards later on.,1913.0
1717,193,1712590134019,55.0,Maybe they played until they couldn't see them anymore.,2611.0
1717,194,1712590135414,28.0,Vern Williams went to sleep.,1395.0
1717,195,1712590136601,28.0,But the others told stories.,1187.0
1717,196,1712590141985,100.0,Gordon Johnson said the trout they'd caught were hard because of the terrible coldness of the water.,5384.0
1717,197,1712590148192,154.0,"The next morning they got up late, drank whiskey, fished a little, took down their tents, rolled their sleeping bags, gathered their stuff, and hiked out.",6206.0
1717,198,1712590150193,41.0,They drove until they got to a telephone.,2001.0
1717,199,1712590155179,86.0,It was Stuart who made the call while the others stood around in the sun and listened.,4986.0
1717,200,1712590156462,32.0,He gave the sheriff their names.,1283.0
1717,201,1712590157355,25.0,They had nothing to hide.,893.0
1717,202,1712590157975,21.0,They weren't ashamed.,620.0
1717,203,1712590163946,100.0,They said they'd wait until someone could come for better directions and take down their statements.,5971.0
1717,204,1712590164477,3.0,***,530.0
1717,205,1712590165658,30.0,I was asleep when he got home.,1181.0
1717,206,1712590167732,46.0,But I woke up when I heard him in the kitchen.,2074.0
1717,207,1712590170017,64.0,I found him leaning against the refrigerator with a can of beer.,2285.0
1717,208,1712590173254,68.0,He put his heavy arms around me and rubbed his big hands on my back.,3237.0
1717,209,1712590178002,85.0,In bed he put his hands on me again and then waited as if thinking of something else.,4748.0
1717,210,1712590181934,28.0,I turned and opened my legs.,3932.0
1717,211,1712590183646,36.0,"Afterwards, I think he stayed awake.",1712.0
1717,212,1712590186087,53.0,He was up that morning before I could get out of bed.,2441.0
1717,213,1712590188190,54.0,"To see if there was something in the paper, I suppose.",2103.0
1717,214,1712590190385,46.0,The telephone began ringing right after eight.,2195.0
1717,215,1712590192225,13.0,"""Go to hell!""",1840.0
1717,216,1712590193202,18.0,I heard him shout.,977.0
1717,217,1712590194471,31.0,The telephone rang right again.,1269.0
1717,218,1712590197227,59.0,"""I have nothing to add to what I already told the sheriff!""",2756.0
1717,219,1712590198601,29.0,He slammed the receiver down.,1374.0
1717,220,1712590200168,27.0,"""What is going on?"" I said.",1567.0
1717,221,1712590203022,49.0,It was then that he told me what I just told you.,2854.0
1717,222,1712590203551,3.0,***,529.0
1717,223,1712590205599,44.0,I sweep up the broken dishes and go outside.,2048.0
1717,224,1712590210092,85.0,"He is lying on his back on the grass now, the newspaper and can of beer within reach.",4493.0
1717,225,1712590212997,41.0,"""Stuart, could we go for a drive?"" I say.",2904.0
1717,226,1712590214284,30.0,He rolls over and looks at me.,1285.0
1717,227,1712590216566,37.0,"""We'll pick up some beer,"" he says...",2282.0
1717,228,1712590219637,62.0,He gets to his feet and touches me on the hip as he goes past.,3070.0
1717,229,1712590221260,28.0,"""Give me a minute,"" he says.",1623.0
1717,230,1712590223274,39.0,We drive through town without speaking.,2014.0
1717,231,1712590225741,39.0,He stops at a roadside market for beer.,2467.0
1717,232,1712590228582,54.0,I notice a great stack of papers just inside the door.,2840.0
1717,233,1712590233229,89.0,On the top step a fat woman in a print dress holds out a licorice stick to a little girl.,4647.0
1717,234,1712590237368,66.0,"Later on, we cross Everson Creek and turn into the picnic grounds.",4138.0
1717,235,1712590241128,79.0,The creek runs under the bridge and into a large pond a few hundred yards away.,3760.0
1717,236,1712590242690,28.0,I can see the men out there.,1562.0
1717,237,1712590245146,33.0,I can see them out there fishing.,2456.0
1717,238,1712590246795,31.0,So much water so close to home.,1649.0
1717,239,1712590249877,43.0,"I say, ""Why did you have to go miles away?""",3082.0
1717,240,1712590252110,25.0,"""Don't rile me,"" he says.",2233.0
1717,241,1712590253786,29.0,We sit on a bench in the sun.,1676.0
1717,242,1712590255442,25.0,He opens us cans of beer.,1655.0
1717,243,1712590257066,25.0,"He says, ""Relax, Claire.""",1623.0
1717,244,1712590258429,30.0,"""They said they were innocent.",1363.0
1717,245,1712590259196,27.0,"They said they were crazy.""",767.0
1717,246,1712590260684,15.0,"He says, ""Who?""",1488.0
1717,247,1712590262321,38.0,"He says, ""What are you talking about?""",1637.0
1717,248,1712590263726,21.0,"""The Maddox brothers.",1405.0
1717,249,1712590267100,54.0,They killed a girl named Arlene Hubly where I grew up.,3374.0
1717,250,1712590271088,60.0,They cut off her head and threw her into the Cle Elum River.,3988.0
1717,251,1712590273368,31.0,"It happened when I was a girl.""",2280.0
1717,252,1712590275622,40.0,"""You're going to get me riled,"" he says.",2254.0
1717,253,1712590277189,20.0,I look at the creek.,1567.0
1717,254,1712590282135,79.0,"I'm right in it, eyes open, face down, staring at the moss on the bottom, dead.",4944.0
1717,255,1712590284727,62.0,"""I don't know what's wrong with you,"" he says on the way home.",2592.0
1717,256,1712590287443,45.0,"""You're getting me more riled by the minute.""",2715.0
1717,257,1712590289316,34.0,There is nothing I can say to him.,1873.0
1717,258,1712590290896,36.0,He tries to concentrate on the road.,1578.0
1717,259,1712590293064,47.0,But he keeps looking into the rear-view mirror.,2168.0
1717,260,1712590294427,9.0,He knows.,1363.0
1717,261,1712590295098,3.0,***,670.0
1717,262,1712590297142,52.0,Stuart believes he is letting me sleep this morning.,2044.0
1717,263,1712590298957,47.0,But I was awake long before the alarm went off.,1815.0
1717,264,1712590303677,74.0,"I was thinking, lying on the far side of the bed away from his hairy legs.",4719.0
1717,265,1712590308023,78.0,"He gets Dean off for school, and then he shaves, dresses, and leaves for work.",4346.0
1717,266,1712590311315,40.0,Twice he looks in and clears his throat.,3292.0
1717,267,1712590312633,26.0,But I keep my eyes closed.,1318.0
1717,268,1712590314617,38.0,In the kitchen I find a note from him.,1984.0
1717,269,1712590315649,19.0,"It's signed ""Love.""",1032.0
1717,270,1712590320282,74.0,I sit in the breakfast nook and drink coffee and leave a ring on the note.,4633.0
1717,271,1712590323495,67.0,I look at the newspaper and turn it this way and that on the table.,3213.0
1717,272,1712590325716,43.0,Then I skid it close and read what it says.,2221.0
1717,273,1712590328688,38.0,"The body has been identified, claimed.",2971.0
1717,274,1712590337247,155.0,"But it took some examining it, some putting things into it, some cutting, some weighing, some measuring, some putting things back again and sewing them in.",8557.0
1717,275,1712590339949,57.0,I sit for a long time holding the newspaper and thinking.,2702.0
1717,276,1712590344538,51.0,Then I call up to get a chair at the hairdresser's.,4589.0
1717,277,1712590345048,3.0,***,510.0
1717,278,1712590348507,75.0,I sit under the dryer with a magazine on my lap and let Marnie do my nails.,3458.0
1717,279,1712590351338,42.0,"""I am going to a funeral tomorrow,"" I say.",2831.0
1717,280,1712590353658,38.0,"""I'm sorry to hear that,"" Marnie says.",2320.0
1717,281,1712590355346,25.0,"""It was a murder,"" I say.",1688.0
1717,282,1712590357530,37.0,"""That's the worst kind,"" Marnie says.",2184.0
1717,283,1712590359404,35.0,"""We weren't all that close,"" I say.",1874.0
1717,284,1712590360489,15.0,"""But you know?""",1085.0
1717,285,1712590362683,45.0,"""We'll get you fixed up for it,"" Marnie says.",2194.0
1717,286,1712590366826,72.0,"That night I make my bed on the sofa, and in the morning I get up first.",4143.0
1717,287,1712590369763,50.0,I put on coffee and fix breakfast while he shaves.,2937.0
1717,288,1712590373642,76.0,"He appears in the kitchen doorway, towel over his bare shoulder, appraising.",3878.0
1717,289,1712590376027,23.0,"""Here's coffee,"" I say.",2385.0
1717,290,1712590377887,31.0,"""Eggs'll be ready in a minute.”",1860.0
1717,291,1712590380098,37.0,"I wake Dean, and the three of us eat.",2211.0
1717,292,1712590384643,79.0,"Whenever Stuart looks at me, I ask Dean if he wants more milk, more toast, etc.",4545.0
1717,293,1712590387049,56.0,"""I'll call you today,"" Stuart says as he opens the door.",2406.0
1717,294,1712590389710,42.0,"I say, ""I don't think I'll be home today.""",2660.0
1717,295,1712590391051,21.0,"""All right,"" he says.",1340.0
1717,296,1712590392350,7.0,"""Sure.""",1299.0
1717,297,1712590393337,18.0,I dress carefully.,987.0
1717,298,1712590395437,48.0,I try on a hat and look at myself in the mirror.,2100.0
1717,299,1712590397770,28.0,I write out a note for Dean.,2333.0
1717,300,1712590400896,69.0,"Honey, Mommy has things to do this afternoon, but will be back later.",3126.0
1717,301,1712590404351,61.0,You stay in or be in the backyard until one of us comes home.,3455.0
1717,302,1712590405572,11.0,"Love, Mommy",1221.0
1717,303,1712590407446,48.0,I look at the word Love and then I underline it.,1874.0
1717,304,1712590409741,29.0,Then I see the word backyard.,2295.0
1717,305,1712590411531,22.0,Is it one word or two?,1789.0
1717,306,1712590412063,3.0,***,532.0
1717,307,1712590418548,121.0,"I drive through farm country, through fields of oats and sugar beets and past apple orchards, cattle grazing in pastures.",6485.0
1717,308,1712590424873,99.0,"Then everything changes, more like shacks than farmhouses and stands of timber instead of orchards.",6324.0
1717,309,1712590431254,78.0,"Then mountains, and on the right, far below, I sometimes see the Naches River.",6380.0
1717,310,1712590434472,64.0,A green pickup comes up behind me and stays behind me for miles.,3218.0
1717,311,1712590437351,55.0,"I keep slowing at the wrong times, hoping he will pass.",2879.0
1717,312,1712590438548,16.0,Then I speed up.,1197.0
1717,313,1712590440365,36.0,"But this is at the wrong times, too.",1817.0
1717,314,1712590442731,39.0,I grip the wheel until my fingers hurt.,2365.0
1717,315,1712590445107,37.0,On a long clear stretch he goes past.,2375.0
1717,316,1712590450563,73.0,"But he drives along beside for a bit, a crewcut man in a blue work shirt.",5456.0
1717,317,1712590451709,24.0,We look each other over.,1146.0
1717,318,1712590455976,53.0,"Then he waves, toots his horn, and pulls on up ahead.",4267.0
1717,319,1712590457381,29.0,I slow down and find a place.,1405.0
1717,320,1712590459679,35.0,I pull over and shut off the motor.,2298.0
1717,321,1712590462210,42.0,I can hear the river down below the trees.,2531.0
1717,322,1712590464090,35.0,Then I hear the pickup coming back.,1879.0
1717,323,1712590466663,41.0,I lock the doors and roll up the windows.,2573.0
1717,324,1712590469201,30.0,"""You all right?"" the man says.",2537.0
1717,325,1712590470174,21.0,He raps on the glass.,973.0
1717,326,1712590471424,11.0,"""You okay?""",1249.0
1717,327,1712590474025,64.0,He leans his arms on the door and brings his face to the window.,2601.0
1717,328,1712590475508,15.0,I stare at him.,1483.0
1717,329,1712590477849,30.0,I can't think what else to do.,2341.0
1717,330,1712590480069,34.0,"""Is everything all right in there?",2220.0
1717,331,1712590481401,31.0,"How come you're all locked up?""",1332.0
1717,332,1712590482422,16.0,I shake my head.,1021.0
1717,333,1712590484135,24.0,"""Roll down your window.""",1713.0
1717,334,1712590486937,64.0,He shakes his head and looks at the highway and then back at me.,2802.0
1717,335,1712590488995,19.0,"""Roll it down now.""",2058.0
1717,336,1712590490777,32.0,"""Please,"" I say, ""I have to go.""",1781.0
1717,337,1712590493849,50.0,"""Open the door,"" he says as if he isn't listening.",3072.0
1717,338,1712590496122,33.0,"""You're going to choke in there.""",2273.0
1717,339,1712590499500,32.0,"He looks at my breasts, my legs.",3378.0
1717,340,1712590501593,34.0,I can tell that's what he's doing.,2093.0
1717,341,1712590502941,22.0,"""Hey, sugar,"" he says.",1348.0
1717,342,1712590506026,31.0,"""I'm just here to help is all.""",3084.0
1717,343,1712590506661,3.0,***,634.0
1717,344,1712590509852,52.0,The casket is closed and covered with floral sprays.,3191.0
1717,345,1712590511859,45.0,The organ starts up the minute I take a seat.,2006.0
1717,346,1712590513883,40.0,People are coming in and finding chairs.,2024.0
1717,347,1712590517483,63.0,There's a boy in flared pants and a yellow short-sleeved shirt.,3600.0
1717,348,1712590525444,100.0,A door opens and the family comes in in a group and moves over to a curtained place off to one side.,7961.0
1717,349,1712590528065,39.0,Chairs creak as everybody gets settled.,2621.0
1717,350,1712590534165,83.0,"Directly, a nice blond man in a nice dark suit stands and asks us to bow our heads.",6100.0
1717,351,1712590539144,105.0,"He says a prayer for us, the living, and when he finishes, he says a prayer for the soul of the departed.",4979.0
1717,352,1712590541550,43.0,Along with the others I go past the casket.,2405.0
1717,353,1712590546066,66.0,Then I move out onto the front steps and into the afternoon light.,4515.0
1717,354,1712590548885,66.0,There's a woman who limps as she goes down the stairs ahead of me.,2819.0
1717,355,1712590550823,33.0,On the sidewalk she looks around.,1938.0
1717,356,1712590552892,31.0,"""Well, they got him,"" she says.",2069.0
1717,357,1712590554149,27.0,"""If that's any consolation.",1257.0
1717,358,1712590555651,31.0,They arrested him this morning.,1501.0
1717,359,1712590556185,38.0,I heard it on the radio before I come.,534.0
1717,360,1712590563024,26.0,"A boy right here in town.""",6839.0
1717,361,1712590565157,42.0,We move a few steps down the hot sidewalk.,2133.0
1717,362,1712590567118,25.0,People are starting cars.,1961.0
1717,363,1712590570707,49.0,I put out my hand and hold on to a parking meter.,3589.0
1717,364,1712590572555,36.0,Polished hoods and polished fenders.,1848.0
1717,365,1712590574063,14.0,My head swims.,1507.0
1717,366,1712590576467,41.0,"I say, ""They have friends, these killers.",2404.0
1717,367,1712590581092,16.0,"You can't tell.""",4625.0
1717,368,1712590584475,70.0,"""I have known that child since she was a little girl,"" the woman says.",3383.0
1717,369,1712590588046,93.0,"""She used to come over and I'd bake cookies for her and let her eat them in front of the TV.""",3571.0
1717,370,1712590588696,3.0,***,650.0
1717,371,1712590592625,76.0,"Back home, Stuart sits at the table with a drink of whiskey in front of him.",3929.0
1717,372,1712590595433,57.0,For a crazy instant I think something's happened to Dean.,2808.0
1717,373,1712590596452,14.0,"""Where is he?""",1018.0
1717,374,1712590597250,6.0,I say.,798.0
1717,375,1712590598253,16.0,"""Where is Dean?""",1003.0
1717,376,1712590599512,27.0,"""Outside,"" my husband says.",1259.0
1717,377,1712590601355,34.0,He drains his glass and stands up.,1843.0
1717,378,1712590603674,40.0,"He says, ""I think I know what you need.""",2319.0
1717,379,1712590610554,138.0,He reaches an arm around my waist and with his other hand he begins to unbutton my jacket and then he goes on to the buttons of my blouse.,6879.0
1717,380,1712590612906,30.0,"""First things first,"" he says.",2352.0
1717,381,1712590615762,23.0,He says something else.,2855.0
1717,382,1712590617027,27.0,But I don't need to listen.,1265.0
1717,383,1712590619077,46.0,I can't hear a thing with so much water going.,2050.0
1717,384,1712590619679,3.0,***,602.0
1623,128,1712422144966,3.0,***,2631.0
1623,129,1712422148304,37.0,My husband eats with a good appetite.,3338.0
1623,130,1712422150548,37.0,But I don't think he's really hungry.,2244.0
1623,131,1712422154931,69.0,"He chews, arms on the table, and stares at something across the room.",4383.0
1623,132,1712422156238,30.0,He looks at me and looks away.,1307.0
1623,133,1712422157460,33.0,He wipes his mouth on the napkin.,1222.0
1623,134,1712422158191,30.0,"He shrugs, and goes on eating.",731.0
1623,135,1712422159414,42.0,"""What are you staring at me for?"" he says.",1223.0
1623,136,1712422160919,45.0,"""What is it?"" he says and lays down his fork.",1505.0
1623,137,1712422162177,42.0,"""Was I staring?"" I say, and shake my head.",1257.0
1623,138,1712422163144,20.0,The telephone rings.,967.0
1623,139,1712422163906,27.0,"""Don't answer it,"" he says.",761.0
1623,140,1712422164664,33.0,"""It might be your mother,"" I say.",758.0
1623,141,1712422165379,25.0,"""Watch and see,"" he says.",715.0
1623,142,1712422166418,34.0,I pick up the receiver and listen.,1039.0
1623,143,1712422167262,24.0,My husband stops eating.,844.0
1623,144,1712422168240,46.0,"""What did I tell you?"" he says when I hang up.",977.0
1623,145,1712422169454,23.0,He starts to eat again.,1213.0
1623,146,1712422171523,36.0,Then throws his napkin on his plate.,2069.0
1623,147,1712422173400,63.0,"He says, ""Goddamn it, why can't people mind their own business?",1877.0
1623,148,1712422174735,41.0,Tell me what I did wrong and I'll listen!,1335.0
1623,149,1712422176423,28.0,I wasn't the only man there.,1688.0
1623,150,1712422177886,37.0,We talked it over and we all decided.,1462.0
1623,151,1712422179411,29.0,We couldn't just turn around.,1524.0
1623,152,1712422180746,32.0,We were five miles from the car.,1335.0
1623,153,1712422182006,34.0,I won't have you passing judgment.,1260.0
1623,154,1712422183170,13.0,"Do you hear?""",1164.0
1623,155,1712422184196,18.0,"""You know,"" I say.",1026.0
1623,156,1712422185261,33.0,"He says, ""What do I know, Claire?",1065.0
1623,157,1712422186706,34.0,Tell me what I'm supposed to know.,1445.0
1623,158,1712422188046,40.0,"I don't know anything except one thing?""",1340.0
1623,159,1712422189852,48.0,He gives me what he thinks is a meaningful look.,1805.0
1623,160,1712422191035,24.0,"""She was dead,"" he says.",1183.0
1623,161,1712422192640,33.0,"""And I'm as sorry as anyone else.",1605.0
1623,162,1712422193601,18.0,"But she was dead.""",961.0
1623,163,1712422194411,26.0,"""That's the point,"" I say.",810.0
1623,164,1712422195037,20.0,He raises his hands.,625.0
1623,165,1712422196111,40.0,He pushes his chair away from the table.,1073.0
1623,166,1712422198157,72.0,He takes out his cigarettes and goes out to the back with a can of beer.,2046.0
1623,167,1712422199563,64.0,I see him sit in the lawn chair and pick up the newspaper again.,1406.0
1623,168,1712422201363,39.0,His name is in there on the first page.,1800.0
1623,169,1712422202371,36.0,Along with the names of his friends.,1008.0
1623,170,1712422203880,40.0,I close my eyes and hold on to the sink.,1509.0
1623,171,1712422206397,74.0,Then I rake my arm across the drainboard and send the dishes to the floor.,2517.0
1623,172,1712422207469,16.0,He doesn't move.,1072.0
1623,173,1712422208386,18.0,I know he's heard.,917.0
1623,174,1712422209702,40.0,He lifts his head as if still listening.,1316.0
1623,175,1712422210823,30.0,But he doesn't move otherwise.,1121.0
1623,176,1712422211737,23.0,He doesn't turn around.,914.0
1623,177,1712422212670,3.0,***,933.0
1623,178,1712422216455,88.0,"He and Gordon Johnson and Mel Dorn and Vern Williams, they play poker and bowl and fish.",3785.0
1623,179,1712422222099,85.0,They fish every spring and early summer before visiting relatives can get in the way.,5643.0
1623,180,1712422223976,65.0,"They are decent men, family men, men who take care of their jobs.",1877.0
1623,181,1712422225664,65.0,"They have sons and daughters who go to school with our son, Dean.",1687.0
1623,182,1712422228160,55.0,Last Friday these family men left for the Naches River.,2496.0
1623,183,1712422230108,76.0,They parked the car in the mountains and hiked to where they wanted to fish.,1948.0
1623,184,1712422232327,76.0,"They carried their bedrolls, their food, their playing cards, their whiskey.",2218.0
1623,185,1712422234426,42.0,They saw the girl before they set up camp.,2099.0
1623,186,1712422235534,19.0,Mel Dorn found her.,1108.0
1623,187,1712422236413,25.0,No clothes on her at all.,879.0
1623,188,1712422238512,64.0,She was wedged into some branches that stuck out over the water.,2099.0
1623,189,1712422239579,43.0,He called the others and they came to look.,1067.0
1623,190,1712422240715,29.0,They talked about what to do.,1136.0
1623,191,1712422244018,82.0,One of the men - my Stuart didn't say which - said they should start back at once.,3301.0
1623,192,1712422245957,86.0,"The others stirred the sand with their shoes, said they didn't feel inclined that way.",1939.0
1623,193,1712422248054,82.0,"They pleaded fatigue, the late hour, the fact that the girl wasn't going anywhere.",2097.0
1623,194,1712422249242,47.0,In the end they went ahead and set up the camp.,1188.0
1623,195,1712422250182,42.0,They built a fire and drank their whiskey.,940.0
1623,196,1712422251226,50.0,"When the moon came up, they talked about the girl.",1044.0
1623,197,1712422252870,59.0,Someone said they should -keep the body from drifting away.,1644.0
1623,198,1712422253750,55.0,They took their flashlights and went back to the river.,880.0
1623,199,1712422255416,66.0,One of the men - it might have been Stuart - waded in and got her.,1666.0
1623,200,1712422256456,53.0,He took her by the fingers and pulled her into shore.,1040.0
1623,201,1712422258700,87.0,He got some nylon cord and tied it to her wrist and then looped the rest around a tree.,2244.0
1623,202,1712422260713,99.0,"The next morning they cooked breakfast, drank coffee, and drank whiskey, and then split up to fish.",2013.0
1623,203,1712422264477,182.0,"That night they cooked fish, cooked potatoes, drank coffee, drank whiskey, then took their cooking things and eating things back down to the river and washed them where the girl was.",3764.0
1623,204,1712422265338,32.0,They played some cards later on.,861.0
1623,205,1712422267967,55.0,Maybe they played until they couldn't see them anymore.,2629.0
1623,206,1712422268947,28.0,Vern Williams went to sleep.,979.0
1623,207,1712422270281,28.0,But the others told stories.,1334.0
1623,208,1712422273173,100.0,Gordon Johnson said the trout they'd caught were hard because of the terrible coldness of the water.,2892.0
1623,209,1712422276080,154.0,"The next morning they got up late, drank whiskey, fished a little, took down their tents, rolled their sleeping bags, gathered their stuff, and hiked out.",2907.0
1623,210,1712422277946,41.0,They drove until they got to a telephone.,1866.0
1623,211,1712422279470,86.0,It was Stuart who made the call while the others stood around in the sun and listened.,1524.0
1623,212,1712422280318,32.0,He gave the sheriff their names.,848.0
1623,213,1712422280972,25.0,They had nothing to hide.,653.0
1623,214,1712422281585,21.0,They weren't ashamed.,613.0
1623,215,1712422283998,100.0,They said they'd wait until someone could come for better directions and take down their statements.,2413.0
1623,216,1712422284549,3.0,***,551.0
1623,217,1712422285643,30.0,I was asleep when he got home.,1094.0
1623,218,1712422287071,46.0,But I woke up when I heard him in the kitchen.,1428.0
1623,219,1712422288234,64.0,I found him leaning against the refrigerator with a can of beer.,1163.0
1623,220,1712422289716,68.0,He put his heavy arms around me and rubbed his big hands on my back.,1482.0
1623,221,1712422291556,85.0,In bed he put his hands on me again and then waited as if thinking of something else.,1840.0
1623,222,1712422292446,28.0,I turned and opened my legs.,890.0
1623,223,1712422293578,36.0,"Afterwards, I think he stayed awake.",1132.0
1623,224,1712422295040,53.0,He was up that morning before I could get out of bed.,1462.0
1623,225,1712422296317,54.0,"To see if there was something in the paper, I suppose.",1277.0
1623,226,1712422297345,46.0,The telephone began ringing right after eight.,1028.0
1623,227,1712422298222,13.0,"""Go to hell!""",877.0
1623,228,1712422299128,18.0,I heard him shout.,906.0
1623,229,1712422299936,31.0,The telephone rang right again.,808.0
1623,230,1712422301618,59.0,"""I have nothing to add to what I already told the sheriff!""",1682.0
1623,231,1712422302292,29.0,He slammed the receiver down.,674.0
1623,232,1712422302870,27.0,"""What is going on?"" I said.",578.0
1623,233,1712422304756,49.0,It was then that he told me what I just told you.,1886.0
1623,234,1712422305522,3.0,***,765.0
1623,235,1712422306484,44.0,I sweep up the broken dishes and go outside.,962.0
1623,236,1712422308579,85.0,"He is lying on his back on the grass now, the newspaper and can of beer within reach.",2095.0
1623,237,1712422309966,41.0,"""Stuart, could we go for a drive?"" I say.",1387.0
1623,238,1712422310631,30.0,He rolls over and looks at me.,665.0
1623,239,1712422311728,37.0,"""We'll pick up some beer,"" he says...",1097.0
1623,240,1712422313343,62.0,He gets to his feet and touches me on the hip as he goes past.,1615.0
1623,241,1712422314061,28.0,"""Give me a minute,"" he says.",717.0
1623,242,1712422314777,39.0,We drive through town without speaking.,715.0
1623,243,1712422315672,39.0,He stops at a roadside market for beer.,895.0
1623,244,1712422316756,54.0,I notice a great stack of papers just inside the door.,1084.0
1623,245,1712422319172,89.0,On the top step a fat woman in a print dress holds out a licorice stick to a little girl.,2416.0
1623,246,1712422320403,66.0,"Later on, we cross Everson Creek and turn into the picnic grounds.",1231.0
1623,247,1712422322317,79.0,The creek runs under the bridge and into a large pond a few hundred yards away.,1914.0
1623,248,1712422323301,28.0,I can see the men out there.,983.0
1623,249,1712422324311,33.0,I can see them out there fishing.,1010.0
1623,250,1712422326600,31.0,So much water so close to home.,2289.0
1623,251,1712422328216,43.0,"I say, ""Why did you have to go miles away?""",1615.0
1623,252,1712422328975,25.0,"""Don't rile me,"" he says.",759.0
1623,253,1712422330336,29.0,We sit on a bench in the sun.,1361.0
1623,254,1712422331149,25.0,He opens us cans of beer.,813.0
1623,255,1712422331933,25.0,"He says, ""Relax, Claire.""",784.0
1623,256,1712422333392,30.0,"""They said they were innocent.",1459.0
1623,257,1712422334254,27.0,"They said they were crazy.""",862.0
1623,258,1712422334850,15.0,"He says, ""Who?""",595.0
1623,259,1712422335791,38.0,"He says, ""What are you talking about?""",941.0
1623,260,1712422336522,21.0,"""The Maddox brothers.",731.0
1623,261,1712422337899,54.0,They killed a girl named Arlene Hubly where I grew up.,1376.0
1623,262,1712422339462,60.0,They cut off her head and threw her into the Cle Elum River.,1562.0
1623,263,1712422340486,31.0,"It happened when I was a girl.""",1024.0
1623,264,1712422341725,40.0,"""You're going to get me riled,"" he says.",1239.0
1623,265,1712422342419,20.0,I look at the creek.,694.0
1623,266,1712422344687,79.0,"I'm right in it, eyes open, face down, staring at the moss on the bottom, dead.",2268.0
1623,267,1712422346114,62.0,"""I don't know what's wrong with you,"" he says on the way home.",1427.0
1623,268,1712422347290,45.0,"""You're getting me more riled by the minute.""",1176.0
1623,269,1712422348168,34.0,There is nothing I can say to him.,878.0
1623,270,1712422348953,36.0,He tries to concentrate on the road.,785.0
1623,271,1712422349935,47.0,But he keeps looking into the rear-view mirror.,982.0
1623,272,1712422350561,9.0,He knows.,625.0
1623,273,1712422351241,3.0,***,680.0
1623,274,1712422352829,52.0,Stuart believes he is letting me sleep this morning.,1588.0
1623,275,1712422353983,47.0,But I was awake long before the alarm went off.,1154.0
1623,276,1712422356137,74.0,"I was thinking, lying on the far side of the bed away from his hairy legs.",2153.0
1623,277,1712422358343,78.0,"He gets Dean off for school, and then he shaves, dresses, and leaves for work.",2206.0
1623,278,1712422359633,40.0,Twice he looks in and clears his throat.,1290.0
1623,279,1712422360274,26.0,But I keep my eyes closed.,641.0
1623,280,1712422361112,38.0,In the kitchen I find a note from him.,838.0
1623,281,1712422361954,19.0,"It's signed ""Love.""",842.0
1623,282,1712422364158,74.0,I sit in the breakfast nook and drink coffee and leave a ring on the note.,2204.0
1623,283,1712422366172,67.0,I look at the newspaper and turn it this way and that on the table.,2014.0
1623,284,1712422367713,43.0,Then I skid it close and read what it says.,1541.0
1623,285,1712422368694,38.0,"The body has been identified, claimed.",981.0
1623,286,1712422371964,155.0,"But it took some examining it, some putting things into it, some cutting, some weighing, some measuring, some putting things back again and sewing them in.",3270.0
1623,287,1712422373348,57.0,I sit for a long time holding the newspaper and thinking.,1384.0
1623,288,1712422374627,51.0,Then I call up to get a chair at the hairdresser's.,1279.0
1623,289,1712422375309,3.0,***,682.0
1623,290,1712422377696,75.0,I sit under the dryer with a magazine on my lap and let Marnie do my nails.,2387.0
1623,291,1712422378587,42.0,"""I am going to a funeral tomorrow,"" I say.",890.0
1623,292,1712422379231,38.0,"""I'm sorry to hear that,"" Marnie says.",643.0
1623,293,1712422379883,25.0,"""It was a murder,"" I say.",651.0
1623,294,1712422380723,37.0,"""That's the worst kind,"" Marnie says.",840.0
1623,295,1712422382229,35.0,"""We weren't all that close,"" I say.",1506.0
1623,296,1712422382833,15.0,"""But you know?""",604.0
1623,297,1712422384341,45.0,"""We'll get you fixed up for it,"" Marnie says.",1508.0
1623,298,1712422385660,72.0,"That night I make my bed on the sofa, and in the morning I get up first.",1319.0
1623,299,1712422386652,50.0,I put on coffee and fix breakfast while he shaves.,991.0
1623,300,1712422387969,76.0,"He appears in the kitchen doorway, towel over his bare shoulder, appraising.",1317.0
1623,301,1712422388560,23.0,"""Here's coffee,"" I say.",591.0
1623,302,1712422389221,31.0,"""Eggs'll be ready in a minute.”",660.0
1623,303,1712422389962,37.0,"I wake Dean, and the three of us eat.",740.0
1623,304,1712422391406,79.0,"Whenever Stuart looks at me, I ask Dean if he wants more milk, more toast, etc.",1444.0
1623,305,1712422392474,56.0,"""I'll call you today,"" Stuart says as he opens the door.",1068.0
1623,306,1712422393290,42.0,"I say, ""I don't think I'll be home today.""",816.0
1623,307,1712422393821,21.0,"""All right,"" he says.",530.0
1623,308,1712422394281,7.0,"""Sure.""",460.0
1623,309,1712422394720,18.0,I dress carefully.,438.0
1623,310,1712422395265,48.0,I try on a hat and look at myself in the mirror.,545.0
1623,311,1712422395989,28.0,I write out a note for Dean.,724.0
1623,312,1712422409750,69.0,"Honey, Mommy has things to do this afternoon, but will be back later.",13761.0
1623,313,1712422426520,61.0,You stay in or be in the backyard until one of us comes home.,16770.0
1623,314,1712422427026,11.0,"Love, Mommy",506.0
1623,315,1712422427902,48.0,I look at the word Love and then I underline it.,874.0
1623,316,1712422428646,29.0,Then I see the word backyard.,744.0
1623,317,1712422429659,22.0,Is it one word or two?,1013.0
1623,318,1712422430176,3.0,***,517.0
1623,319,1712422433181,121.0,"I drive through farm country, through fields of oats and sugar beets and past apple orchards, cattle grazing in pastures.",3005.0
1623,320,1712422437696,99.0,"Then everything changes, more like shacks than farmhouses and stands of timber instead of orchards.",4515.0
1623,321,1712422439013,78.0,"Then mountains, and on the right, far below, I sometimes see the Naches River.",1317.0
1623,322,1712422440765,64.0,A green pickup comes up behind me and stays behind me for miles.,1751.0
1623,323,1712422442077,55.0,"I keep slowing at the wrong times, hoping he will pass.",1312.0
1623,324,1712422442709,16.0,Then I speed up.,631.0
1623,325,1712422443407,36.0,"But this is at the wrong times, too.",698.0
1623,326,1712422444153,39.0,I grip the wheel until my fingers hurt.,746.0
1623,327,1712422445000,37.0,On a long clear stretch he goes past.,847.0
1623,328,1712422447349,73.0,"But he drives along beside for a bit, a crewcut man in a blue work shirt.",2349.0
1623,329,1712422447967,24.0,We look each other over.,618.0
1623,330,1712422448808,53.0,"Then he waves, toots his horn, and pulls on up ahead.",841.0
1623,331,1712422449681,29.0,I slow down and find a place.,872.0
1623,332,1712422450414,35.0,I pull over and shut off the motor.,733.0
1623,333,1712422451354,42.0,I can hear the river down below the trees.,940.0
1623,334,1712422452214,35.0,Then I hear the pickup coming back.,860.0
1623,335,1712422452980,41.0,I lock the doors and roll up the windows.,765.0
1623,336,1712422453576,30.0,"""You all right?"" the man says.",595.0
1623,337,1712422454332,21.0,He raps on the glass.,756.0
1623,338,1712422454889,11.0,"""You okay?""",557.0
1623,339,1712422456012,64.0,He leans his arms on the door and brings his face to the window.,1123.0
1623,340,1712422456577,15.0,I stare at him.,565.0
1623,341,1712422457130,30.0,I can't think what else to do.,553.0
1623,342,1712422457770,34.0,"""Is everything all right in there?",640.0
1623,343,1712422458833,31.0,"How come you're all locked up?""",1063.0
1623,344,1712422459401,16.0,I shake my head.,568.0
1623,345,1712422459979,24.0,"""Roll down your window.""",578.0
1623,346,1712422461059,64.0,He shakes his head and looks at the highway and then back at me.,1079.0
1623,347,1712422461612,19.0,"""Roll it down now.""",553.0
1623,348,1712422462359,32.0,"""Please,"" I say, ""I have to go.""",747.0
1623,349,1712422463353,50.0,"""Open the door,"" he says as if he isn't listening.",994.0
1623,350,1712422464672,33.0,"""You're going to choke in there.""",1319.0
1623,351,1712422465475,32.0,"He looks at my breasts, my legs.",803.0
1623,352,1712422466199,34.0,I can tell that's what he's doing.,724.0
1623,353,1712422466799,22.0,"""Hey, sugar,"" he says.",600.0
1623,354,1712422467754,31.0,"""I'm just here to help is all.""",955.0
1623,355,1712422468265,3.0,***,511.0
1623,356,1712422469411,52.0,The casket is closed and covered with floral sprays.,1146.0
1623,357,1712422471314,45.0,The organ starts up the minute I take a seat.,1902.0
1623,358,1712422474303,40.0,People are coming in and finding chairs.,2989.0
1623,359,1712422477456,63.0,There's a boy in flared pants and a yellow short-sleeved shirt.,3153.0
1623,360,1712422479385,100.0,A door opens and the family comes in in a group and moves over to a curtained place off to one side.,1928.0
1623,361,1712422480060,39.0,Chairs creak as everybody gets settled.,675.0
1623,362,1712422482708,83.0,"Directly, a nice blond man in a nice dark suit stands and asks us to bow our heads.",2647.0
1623,363,1712422484647,105.0,"He says a prayer for us, the living, and when he finishes, he says a prayer for the soul of the departed.",1939.0
1623,364,1712422486044,43.0,Along with the others I go past the casket.,1397.0
1623,365,1712422488913,66.0,Then I move out onto the front steps and into the afternoon light.,2869.0
1623,366,1712422490689,66.0,There's a woman who limps as she goes down the stairs ahead of me.,1776.0
1623,367,1712422492049,33.0,On the sidewalk she looks around.,1360.0
1623,368,1712422493049,31.0,"""Well, they got him,"" she says.",1000.0
1623,369,1712422493948,27.0,"""If that's any consolation.",898.0
1623,370,1712422494617,31.0,They arrested him this morning.,669.0
1623,371,1712422495433,38.0,I heard it on the radio before I come.,815.0
1623,372,1712422496439,26.0,"A boy right here in town.""",1006.0
1623,373,1712422496685,42.0,We move a few steps down the hot sidewalk.,246.0
1623,374,1712422498079,25.0,People are starting cars.,1394.0
1623,375,1712422500605,49.0,I put out my hand and hold on to a parking meter.,2526.0
1623,376,1712422501995,36.0,Polished hoods and polished fenders.,1390.0
1623,377,1712422502553,14.0,My head swims.,558.0
1623,378,1712422503813,41.0,"I say, ""They have friends, these killers.",1260.0
1623,379,1712422504338,16.0,"You can't tell.""",524.0
1623,380,1712422506022,70.0,"""I have known that child since she was a little girl,"" the woman says.",1684.0
1623,381,1712422507568,93.0,"""She used to come over and I'd bake cookies for her and let her eat them in front of the TV.""",1545.0
1623,382,1712422508113,3.0,***,545.0
1623,383,1712422509524,76.0,"Back home, Stuart sits at the table with a drink of whiskey in front of him.",1411.0
1623,384,1712422512288,57.0,For a crazy instant I think something's happened to Dean.,2763.0
1623,385,1712422513145,14.0,"""Where is he?""",857.0
1623,386,1712422513931,6.0,I say.,786.0
1623,387,1712422514826,16.0,"""Where is Dean?""",895.0
1623,388,1712422516125,27.0,"""Outside,"" my husband says.",1299.0
1623,389,1712422517347,34.0,He drains his glass and stands up.,1222.0
1623,390,1712422518949,40.0,"He says, ""I think I know what you need.""",1602.0
1623,391,1712422521165,138.0,He reaches an arm around my waist and with his other hand he begins to unbutton my jacket and then he goes on to the buttons of my blouse.,2216.0
1623,392,1712422521864,30.0,"""First things first,"" he says.",699.0
1623,393,1712422522425,23.0,He says something else.,561.0
1623,394,1712422523135,27.0,But I don't need to listen.,710.0
1623,395,1712422524165,46.0,I can't hear a thing with so much water going.,1029.0
1623,396,1712422524762,3.0,***,597.0
1677,156,1712424997215,3.0,***,7153.0
1677,157,1712425001091,37.0,My husband eats with a good appetite.,3876.0
1677,158,1712425003914,37.0,But I don't think he's really hungry.,2823.0
1677,159,1712425008959,69.0,"He chews, arms on the table, and stares at something across the room.",5045.0
1677,160,1712425011231,30.0,He looks at me and looks away.,2272.0
1677,161,1712425013604,33.0,He wipes his mouth on the napkin.,2373.0
1677,162,1712425016241,30.0,"He shrugs, and goes on eating.",2637.0
1677,163,1712425018042,42.0,"""What are you staring at me for?"" he says.",1801.0
1677,164,1712425019945,45.0,"""What is it?"" he says and lays down his fork.",1903.0
1677,165,1712425023246,42.0,"""Was I staring?"" I say, and shake my head.",3301.0
1677,166,1712425024895,20.0,The telephone rings.,1649.0
1677,167,1712425026390,27.0,"""Don't answer it,"" he says.",1495.0
1677,168,1712425028498,33.0,"""It might be your mother,"" I say.",2108.0
1677,169,1712425030570,25.0,"""Watch and see,"" he says.",2072.0
1677,170,1712425032856,34.0,I pick up the receiver and listen.,2286.0
1677,171,1712425034541,24.0,My husband stops eating.,1685.0
1677,172,1712425036064,46.0,"""What did I tell you?"" he says when I hang up.",1523.0
1677,173,1712425038088,23.0,He starts to eat again.,2023.0
1677,174,1712425040352,36.0,Then throws his napkin on his plate.,2264.0
1677,175,1712425043401,63.0,"He says, ""Goddamn it, why can't people mind their own business?",3049.0
1677,176,1712425046192,41.0,Tell me what I did wrong and I'll listen!,2790.0
1677,177,1712425048600,28.0,I wasn't the only man there.,2408.0
1677,178,1712425050903,37.0,We talked it over and we all decided.,2303.0
1677,179,1712425053411,29.0,We couldn't just turn around.,2508.0
1677,180,1712425055415,32.0,We were five miles from the car.,2004.0
1677,181,1712425057559,34.0,I won't have you passing judgment.,2144.0
1677,182,1712425058932,13.0,"Do you hear?""",1373.0
1677,183,1712425060849,18.0,"""You know,"" I say.",1917.0
1677,184,1712425062607,33.0,"He says, ""What do I know, Claire?",1758.0
1677,185,1712425064809,34.0,Tell me what I'm supposed to know.,2202.0
1677,186,1712425066678,40.0,"I don't know anything except one thing?""",1869.0
1677,187,1712425069515,48.0,He gives me what he thinks is a meaningful look.,2837.0
1677,188,1712425071176,24.0,"""She was dead,"" he says.",1661.0
1677,189,1712425072728,33.0,"""And I'm as sorry as anyone else.",1552.0
1677,190,1712425074198,18.0,"But she was dead.""",1470.0
1677,191,1712425075501,26.0,"""That's the point,"" I say.",1303.0
1677,192,1712425076817,20.0,He raises his hands.,1316.0
1677,193,1712425078600,40.0,He pushes his chair away from the table.,1783.0
1677,194,1712425081680,72.0,He takes out his cigarettes and goes out to the back with a can of beer.,3080.0
1677,195,1712425085108,64.0,I see him sit in the lawn chair and pick up the newspaper again.,3428.0
1677,196,1712425087506,39.0,His name is in there on the first page.,2398.0
1677,197,1712425088729,36.0,Along with the names of his friends.,1223.0
1677,198,1712425090141,40.0,I close my eyes and hold on to the sink.,1412.0
1677,199,1712425093365,74.0,Then I rake my arm across the drainboard and send the dishes to the floor.,3224.0
1677,200,1712425094719,16.0,He doesn't move.,1354.0
1677,201,1712425096562,18.0,I know he's heard.,1843.0
1677,202,1712425098100,40.0,He lifts his head as if still listening.,1538.0
1677,203,1712425099923,30.0,But he doesn't move otherwise.,1823.0
1677,204,1712425101616,23.0,He doesn't turn around.,1693.0
1677,205,1712425103915,3.0,***,2299.0
1677,206,1712425117965,88.0,"He and Gordon Johnson and Mel Dorn and Vern Williams, they play poker and bowl and fish.",14050.0
1677,207,1712425123792,85.0,They fish every spring and early summer before visiting relatives can get in the way.,5827.0
1677,208,1712425127594,65.0,"They are decent men, family men, men who take care of their jobs.",3802.0
1677,209,1712425130343,65.0,"They have sons and daughters who go to school with our son, Dean.",2749.0
1677,210,1712425133345,55.0,Last Friday these family men left for the Naches River.,3002.0
1677,211,1712425136849,76.0,They parked the car in the mountains and hiked to where they wanted to fish.,3504.0
1677,212,1712425141964,76.0,"They carried their bedrolls, their food, their playing cards, their whiskey.",5115.0
1677,213,1712425143220,42.0,They saw the girl before they set up camp.,1256.0
1677,214,1712425144650,19.0,Mel Dorn found her.,1430.0
1677,215,1712425145829,25.0,No clothes on her at all.,1179.0
1677,216,1712425148228,64.0,She was wedged into some branches that stuck out over the water.,2399.0
1677,217,1712425150115,43.0,He called the others and they came to look.,1887.0
1677,218,1712425151472,29.0,They talked about what to do.,1357.0
1677,219,1712425154358,82.0,One of the men - my Stuart didn't say which - said they should start back at once.,2886.0
1677,220,1712425158990,86.0,"The others stirred the sand with their shoes, said they didn't feel inclined that way.",4632.0
1677,221,1712425162914,82.0,"They pleaded fatigue, the late hour, the fact that the girl wasn't going anywhere.",3924.0
1677,222,1712425164466,47.0,In the end they went ahead and set up the camp.,1552.0
1677,223,1712425165255,42.0,They built a fire and drank their whiskey.,789.0
1677,224,1712425166817,50.0,"When the moon came up, they talked about the girl.",1562.0
1677,225,1712425169044,59.0,Someone said they should -keep the body from drifting away.,2227.0
1677,226,1712425170472,55.0,They took their flashlights and went back to the river.,1428.0
1677,227,1712425172755,66.0,One of the men - it might have been Stuart - waded in and got her.,2283.0
1677,228,1712425174040,53.0,He took her by the fingers and pulled her into shore.,1285.0
1677,229,1712425177660,87.0,He got some nylon cord and tied it to her wrist and then looped the rest around a tree.,3620.0
1677,230,1712425181948,99.0,"The next morning they cooked breakfast, drank coffee, and drank whiskey, and then split up to fish.",4288.0
1677,231,1712425189770,182.0,"That night they cooked fish, cooked potatoes, drank coffee, drank whiskey, then took their cooking things and eating things back down to the river and washed them where the girl was.",7822.0
1677,232,1712425190931,32.0,They played some cards later on.,1161.0
1677,233,1712425193027,55.0,Maybe they played until they couldn't see them anymore.,2096.0
1677,234,1712425194188,28.0,Vern Williams went to sleep.,1161.0
1677,235,1712425195651,28.0,But the others told stories.,1463.0
1677,236,1712425199606,100.0,Gordon Johnson said the trout they'd caught were hard because of the terrible coldness of the water.,3955.0
1677,237,1712425205002,154.0,"The next morning they got up late, drank whiskey, fished a little, took down their tents, rolled their sleeping bags, gathered their stuff, and hiked out.",5396.0
1677,238,1712425207260,41.0,They drove until they got to a telephone.,2258.0
1677,239,1712425212631,86.0,It was Stuart who made the call while the others stood around in the sun and listened.,5371.0
1677,240,1712425214336,32.0,He gave the sheriff their names.,1705.0
1677,241,1712425216549,25.0,They had nothing to hide.,2212.0
1677,242,1712425218197,21.0,They weren't ashamed.,1648.0
1677,243,1712425223198,100.0,They said they'd wait until someone could come for better directions and take down their statements.,5001.0
1677,244,1712425225117,3.0,***,1918.0
1677,245,1712425226136,30.0,I was asleep when he got home.,1019.0
1677,246,1712425227799,46.0,But I woke up when I heard him in the kitchen.,1662.0
1677,247,1712425230826,64.0,I found him leaning against the refrigerator with a can of beer.,3027.0
1677,248,1712425232410,68.0,He put his heavy arms around me and rubbed his big hands on my back.,1584.0
1677,249,1712425235551,85.0,In bed he put his hands on me again and then waited as if thinking of something else.,3141.0
1677,250,1712425237209,28.0,I turned and opened my legs.,1658.0
1677,251,1712425238631,36.0,"Afterwards, I think he stayed awake.",1422.0
1677,252,1712425240979,53.0,He was up that morning before I could get out of bed.,2348.0
1677,253,1712425242775,54.0,"To see if there was something in the paper, I suppose.",1796.0
1677,254,1712425245218,46.0,The telephone began ringing right after eight.,2443.0
1677,255,1712425246293,13.0,"""Go to hell!""",1075.0
1677,256,1712425247261,18.0,I heard him shout.,968.0
1677,257,1712425248404,31.0,The telephone rang right again.,1143.0
1677,258,1712425251466,59.0,"""I have nothing to add to what I already told the sheriff!""",3062.0
1677,259,1712425252630,29.0,He slammed the receiver down.,1164.0
1677,260,1712425254673,27.0,"""What is going on?"" I said.",2042.0
1677,261,1712425256494,49.0,It was then that he told me what I just told you.,1821.0
1677,262,1712425257779,3.0,***,1284.0
1677,263,1712425262555,44.0,I sweep up the broken dishes and go outside.,4776.0
1677,264,1712425266810,85.0,"He is lying on his back on the grass now, the newspaper and can of beer within reach.",4255.0
1677,265,1712425268720,41.0,"""Stuart, could we go for a drive?"" I say.",1910.0
1677,266,1712425270849,30.0,He rolls over and looks at me.,2129.0
1677,267,1712425272804,37.0,"""We'll pick up some beer,"" he says...",1955.0
1677,268,1712425275098,62.0,He gets to his feet and touches me on the hip as he goes past.,2294.0
1677,269,1712425277027,28.0,"""Give me a minute,"" he says.",1929.0
1677,270,1712425279446,39.0,We drive through town without speaking.,2419.0
1677,271,1712425281442,39.0,He stops at a roadside market for beer.,1996.0
1677,272,1712425283107,54.0,I notice a great stack of papers just inside the door.,1665.0
1677,273,1712425288557,89.0,On the top step a fat woman in a print dress holds out a licorice stick to a little girl.,5450.0
1677,274,1712425291087,66.0,"Later on, we cross Everson Creek and turn into the picnic grounds.",2530.0
1677,275,1712425295935,79.0,The creek runs under the bridge and into a large pond a few hundred yards away.,4848.0
1677,276,1712425297494,28.0,I can see the men out there.,1559.0
1677,277,1712425299981,33.0,I can see them out there fishing.,2487.0
1677,278,1712425301977,31.0,So much water so close to home.,1995.0
1677,279,1712425304796,43.0,"I say, ""Why did you have to go miles away?""",2819.0
1677,280,1712425306295,25.0,"""Don't rile me,"" he says.",1499.0
1677,281,1712425308197,29.0,We sit on a bench in the sun.,1901.0
1677,282,1712425310789,25.0,He opens us cans of beer.,2592.0
1677,283,1712425313003,25.0,"He says, ""Relax, Claire.""",2214.0
1677,284,1712425314675,30.0,"""They said they were innocent.",1672.0
1677,285,1712425315702,27.0,"They said they were crazy.""",1027.0
1677,286,1712425316934,15.0,"He says, ""Who?""",1232.0
1677,287,1712425318304,38.0,"He says, ""What are you talking about?""",1370.0
1677,288,1712425319476,21.0,"""The Maddox brothers.",1172.0
1677,289,1712425322905,54.0,They killed a girl named Arlene Hubly where I grew up.,3429.0
1677,290,1712425327011,60.0,They cut off her head and threw her into the Cle Elum River.,4106.0
1677,291,1712425328434,31.0,"It happened when I was a girl.""",1423.0
1677,292,1712425330226,40.0,"""You're going to get me riled,"" he says.",1792.0
1677,293,1712425331687,20.0,I look at the creek.,1461.0
1677,294,1712425337183,79.0,"I'm right in it, eyes open, face down, staring at the moss on the bottom, dead.",5496.0
1677,295,1712425338602,62.0,"""I don't know what's wrong with you,"" he says on the way home.",1419.0
1677,296,1712425339959,45.0,"""You're getting me more riled by the minute.""",1357.0
1677,297,1712425341378,34.0,There is nothing I can say to him.,1419.0
1677,298,1712425342451,36.0,He tries to concentrate on the road.,1073.0
1677,299,1712425344184,47.0,But he keeps looking into the rear-view mirror.,1733.0
1677,300,1712425345463,9.0,He knows.,1279.0
1677,301,1712425346587,3.0,***,1124.0
1677,302,1712425349107,52.0,Stuart believes he is letting me sleep this morning.,2520.0
1677,303,1712425350660,47.0,But I was awake long before the alarm went off.,1553.0
1677,304,1712425355474,74.0,"I was thinking, lying on the far side of the bed away from his hairy legs.",4814.0
1677,305,1712425358818,78.0,"He gets Dean off for school, and then he shaves, dresses, and leaves for work.",3344.0
1677,306,1712425359924,40.0,Twice he looks in and clears his throat.,1106.0
1677,307,1712425361737,26.0,But I keep my eyes closed.,1813.0
1677,308,1712425362892,38.0,In the kitchen I find a note from him.,1155.0
1677,309,1712425363636,19.0,"It's signed ""Love.""",744.0
1677,310,1712425366812,74.0,I sit in the breakfast nook and drink coffee and leave a ring on the note.,3176.0
1677,311,1712425369803,67.0,I look at the newspaper and turn it this way and that on the table.,2991.0
1677,312,1712425372385,43.0,Then I skid it close and read what it says.,2582.0
1677,313,1712425373737,38.0,"The body has been identified, claimed.",1351.0
1677,314,1712425380175,155.0,"But it took some examining it, some putting things into it, some cutting, some weighing, some measuring, some putting things back again and sewing them in.",6438.0
1677,315,1712425382582,57.0,I sit for a long time holding the newspaper and thinking.,2407.0
1677,316,1712425384393,51.0,Then I call up to get a chair at the hairdresser's.,1811.0
1677,317,1712425385215,3.0,***,822.0
1677,318,1712425390039,75.0,I sit under the dryer with a magazine on my lap and let Marnie do my nails.,4824.0
1677,319,1712425391457,42.0,"""I am going to a funeral tomorrow,"" I say.",1418.0
1677,320,1712425393128,38.0,"""I'm sorry to hear that,"" Marnie says.",1671.0
1677,321,1712425394849,25.0,"""It was a murder,"" I say.",1721.0
1677,322,1712425396435,37.0,"""That's the worst kind,"" Marnie says.",1586.0
1677,323,1712425396664,35.0,"""We weren't all that close,"" I say.",229.0
1677,324,1712425398735,15.0,"""But you know?""",2071.0
1677,325,1712425400853,45.0,"""We'll get you fixed up for it,"" Marnie says.",2118.0
1677,326,1712425403602,72.0,"That night I make my bed on the sofa, and in the morning I get up first.",2749.0
1677,327,1712425406056,50.0,I put on coffee and fix breakfast while he shaves.,2454.0
1677,328,1712425409604,76.0,"He appears in the kitchen doorway, towel over his bare shoulder, appraising.",3548.0
1677,329,1712425411770,23.0,"""Here's coffee,"" I say.",2166.0
1677,330,1712425414839,31.0,"""Eggs'll be ready in a minute.”",3069.0
1677,331,1712425417354,37.0,"I wake Dean, and the three of us eat.",2515.0
1677,332,1712425422003,79.0,"Whenever Stuart looks at me, I ask Dean if he wants more milk, more toast, etc.",4649.0
1677,333,1712425423915,56.0,"""I'll call you today,"" Stuart says as he opens the door.",1912.0
1677,334,1712425426141,42.0,"I say, ""I don't think I'll be home today.""",2226.0
1677,335,1712425427471,21.0,"""All right,"" he says.",1330.0
1677,336,1712425429066,7.0,"""Sure.""",1595.0
1677,337,1712425430047,18.0,I dress carefully.,981.0
1677,338,1712425431859,48.0,I try on a hat and look at myself in the mirror.,1812.0
1677,339,1712425433724,28.0,I write out a note for Dean.,1865.0
1677,340,1712425438834,69.0,"Honey, Mommy has things to do this afternoon, but will be back later.",5110.0
1677,341,1712425442622,61.0,You stay in or be in the backyard until one of us comes home.,3788.0
1677,342,1712425443572,11.0,"Love, Mommy",950.0
1677,343,1712425446136,48.0,I look at the word Love and then I underline it.,2564.0
1677,344,1712425447710,29.0,Then I see the word backyard.,1574.0
1677,345,1712425449817,22.0,Is it one word or two?,2107.0
1677,346,1712425451864,3.0,***,2046.0
1677,347,1712425458429,121.0,"I drive through farm country, through fields of oats and sugar beets and past apple orchards, cattle grazing in pastures.",6564.0
1677,348,1712425463570,99.0,"Then everything changes, more like shacks than farmhouses and stands of timber instead of orchards.",5141.0
1677,349,1712425467078,78.0,"Then mountains, and on the right, far below, I sometimes see the Naches River.",3508.0
1677,350,1712425468505,64.0,A green pickup comes up behind me and stays behind me for miles.,1427.0
1677,351,1712425470865,55.0,"I keep slowing at the wrong times, hoping he will pass.",2360.0
1677,352,1712425471873,16.0,Then I speed up.,1008.0
1677,353,1712425473484,36.0,"But this is at the wrong times, too.",1611.0
1677,354,1712425475566,39.0,I grip the wheel until my fingers hurt.,2082.0
1677,355,1712425477891,37.0,On a long clear stretch he goes past.,2325.0
1677,356,1712425480939,73.0,"But he drives along beside for a bit, a crewcut man in a blue work shirt.",3048.0
1677,357,1712425482558,24.0,We look each other over.,1619.0
1677,358,1712425484900,53.0,"Then he waves, toots his horn, and pulls on up ahead.",2342.0
1677,359,1712425486510,29.0,I slow down and find a place.,1610.0
1677,360,1712425488907,35.0,I pull over and shut off the motor.,2397.0
1677,361,1712425490283,42.0,I can hear the river down below the trees.,1375.0
1677,362,1712425491740,35.0,Then I hear the pickup coming back.,1457.0
1677,363,1712425493663,41.0,I lock the doors and roll up the windows.,1923.0
1677,364,1712425495326,30.0,"""You all right?"" the man says.",1663.0
1677,365,1712425496667,21.0,He raps on the glass.,1341.0
1677,366,1712425498241,11.0,"""You okay?""",1574.0
1677,367,1712425500188,64.0,He leans his arms on the door and brings his face to the window.,1947.0
1677,368,1712425501316,15.0,I stare at him.,1128.0
1677,369,1712425502219,30.0,I can't think what else to do.,903.0
1677,370,1712425503837,34.0,"""Is everything all right in there?",1618.0
1677,371,1712425505174,31.0,"How come you're all locked up?""",1337.0
1677,372,1712425506199,16.0,I shake my head.,1025.0
1677,373,1712425507595,24.0,"""Roll down your window.""",1396.0
1677,374,1712425509831,64.0,He shakes his head and looks at the highway and then back at me.,2236.0
1677,375,1712425511668,19.0,"""Roll it down now.""",1837.0
1677,376,1712425513163,32.0,"""Please,"" I say, ""I have to go.""",1495.0
1677,377,1712425514920,50.0,"""Open the door,"" he says as if he isn't listening.",1757.0
1677,378,1712425516820,33.0,"""You're going to choke in there.""",1900.0
1677,379,1712425519111,32.0,"He looks at my breasts, my legs.",2291.0
1677,380,1712425520831,34.0,I can tell that's what he's doing.,1720.0
1677,381,1712425522259,22.0,"""Hey, sugar,"" he says.",1428.0
1677,382,1712425523170,31.0,"""I'm just here to help is all.""",911.0
1677,383,1712425524203,3.0,***,1033.0
1677,384,1712425526988,52.0,The casket is closed and covered with floral sprays.,2785.0
1677,385,1712425528580,45.0,The organ starts up the minute I take a seat.,1592.0
1677,386,1712425531777,40.0,People are coming in and finding chairs.,3197.0
1677,387,1712425535727,63.0,There's a boy in flared pants and a yellow short-sleeved shirt.,3950.0
1677,388,1712425540725,100.0,A door opens and the family comes in in a group and moves over to a curtained place off to one side.,4998.0
1677,389,1712425542911,39.0,Chairs creak as everybody gets settled.,2186.0
1677,390,1712425549270,83.0,"Directly, a nice blond man in a nice dark suit stands and asks us to bow our heads.",6359.0
1677,391,1712425553706,105.0,"He says a prayer for us, the living, and when he finishes, he says a prayer for the soul of the departed.",4436.0
1677,392,1712425555073,43.0,Along with the others I go past the casket.,1367.0
1677,393,1712425557074,66.0,Then I move out onto the front steps and into the afternoon light.,2001.0
1677,394,1712425559581,66.0,There's a woman who limps as she goes down the stairs ahead of me.,2507.0
1677,395,1712425560858,33.0,On the sidewalk she looks around.,1277.0
1677,396,1712425562275,31.0,"""Well, they got him,"" she says.",1417.0
1677,397,1712425563641,27.0,"""If that's any consolation.",1366.0
1677,398,1712425565054,31.0,They arrested him this morning.,1413.0
1677,399,1712425567079,38.0,I heard it on the radio before I come.,2025.0
1677,400,1712425568554,26.0,"A boy right here in town.""",1475.0
1677,401,1712425570426,42.0,We move a few steps down the hot sidewalk.,1872.0
1677,402,1712425572763,25.0,People are starting cars.,2337.0
1677,403,1712425575747,49.0,I put out my hand and hold on to a parking meter.,2984.0
1677,404,1712425578080,36.0,Polished hoods and polished fenders.,2332.0
1677,405,1712425579588,14.0,My head swims.,1508.0
1677,406,1712425581565,41.0,"I say, ""They have friends, these killers.",1977.0
1677,407,1712425582470,16.0,"You can't tell.""",905.0
1677,408,1712425584685,70.0,"""I have known that child since she was a little girl,"" the woman says.",2215.0
1677,409,1712425586805,93.0,"""She used to come over and I'd bake cookies for her and let her eat them in front of the TV.""",2120.0
1677,410,1712425588131,3.0,***,1326.0
1677,411,1712425590470,76.0,"Back home, Stuart sits at the table with a drink of whiskey in front of him.",2339.0
1677,412,1712425592665,57.0,For a crazy instant I think something's happened to Dean.,2195.0
1677,413,1712425593791,14.0,"""Where is he?""",1126.0
1677,414,1712425594650,6.0,I say.,859.0
1677,415,1712425595796,16.0,"""Where is Dean?""",1146.0
1677,416,1712425597091,27.0,"""Outside,"" my husband says.",1295.0
1677,417,1712425598818,34.0,He drains his glass and stands up.,1727.0
1677,418,1712425601009,40.0,"He says, ""I think I know what you need.""",2191.0
1677,419,1712425604721,138.0,He reaches an arm around my waist and with his other hand he begins to unbutton my jacket and then he goes on to the buttons of my blouse.,3712.0
1677,420,1712425605855,30.0,"""First things first,"" he says.",1134.0
1677,421,1712425606780,23.0,He says something else.,925.0
1677,422,1712425607757,27.0,But I don't need to listen.,977.0
1677,423,1712425610099,46.0,I can't hear a thing with so much water going.,2342.0
1677,424,1712425611459,3.0,***,1360.0
1707,125,1712421818826,3.0,***,1668.0
1707,126,1712421820843,37.0,My husband eats with a good appetite.,2017.0
1707,127,1712421824050,37.0,But I don't think he's really hungry.,3207.0
1707,128,1712421828711,69.0,"He chews, arms on the table, and stares at something across the room.",4661.0
1707,129,1712421831176,30.0,He looks at me and looks away.,2465.0
1707,130,1712421833962,33.0,He wipes his mouth on the napkin.,2786.0
1707,131,1712421835925,30.0,"He shrugs, and goes on eating.",1963.0
1707,132,1712421838807,42.0,"""What are you staring at me for?"" he says.",2881.0
1707,133,1712421842491,45.0,"""What is it?"" he says and lays down his fork.",3684.0
1707,134,1712421845499,42.0,"""Was I staring?"" I say, and shake my head.",3008.0
1707,135,1712421846752,20.0,The telephone rings.,1253.0
1707,136,1712421847597,27.0,"""Don't answer it,"" he says.",844.0
1707,137,1712421848925,33.0,"""It might be your mother,"" I say.",1327.0
1707,138,1712421849926,25.0,"""Watch and see,"" he says.",1001.0
1707,139,1712421850960,34.0,I pick up the receiver and listen.,1034.0
1707,140,1712421852071,24.0,My husband stops eating.,1111.0
1707,141,1712421853700,46.0,"""What did I tell you?"" he says when I hang up.",1629.0
1707,142,1712421855707,23.0,He starts to eat again.,2005.0
1707,143,1712421856691,36.0,Then throws his napkin on his plate.,984.0
1707,144,1712421858801,63.0,"He says, ""Goddamn it, why can't people mind their own business?",2108.0
1707,145,1712421860801,41.0,Tell me what I did wrong and I'll listen!,2000.0
1707,146,1712421862237,28.0,I wasn't the only man there.,1436.0
1707,147,1712421864361,37.0,We talked it over and we all decided.,2124.0
1707,148,1712421865555,29.0,We couldn't just turn around.,1194.0
1707,149,1712421867745,32.0,We were five miles from the car.,2190.0
1707,150,1712421870080,34.0,I won't have you passing judgment.,2334.0
1707,151,1712421871599,13.0,"Do you hear?""",1519.0
1707,152,1712421872855,18.0,"""You know,"" I say.",1256.0
1707,153,1712421874936,33.0,"He says, ""What do I know, Claire?",2081.0
1707,154,1712421876277,34.0,Tell me what I'm supposed to know.,1341.0
1707,155,1712421877921,40.0,"I don't know anything except one thing?""",1644.0
1707,156,1712421879765,48.0,He gives me what he thinks is a meaningful look.,1844.0
1707,157,1712421881707,24.0,"""She was dead,"" he says.",1942.0
1707,158,1712421882918,33.0,"""And I'm as sorry as anyone else.",1211.0
1707,159,1712421884165,18.0,"But she was dead.""",1247.0
1707,160,1712421885260,26.0,"""That's the point,"" I say.",1095.0
1707,161,1712421886674,20.0,He raises his hands.,1414.0
1707,162,1712421888318,40.0,He pushes his chair away from the table.,1644.0
1707,163,1712421891639,72.0,He takes out his cigarettes and goes out to the back with a can of beer.,3321.0
1707,164,1712421894804,64.0,I see him sit in the lawn chair and pick up the newspaper again.,3165.0
1707,165,1712421896100,39.0,His name is in there on the first page.,1296.0
1707,166,1712421896959,36.0,Along with the names of his friends.,858.0
1707,167,1712421897954,40.0,I close my eyes and hold on to the sink.,995.0
1707,168,1712421900365,74.0,Then I rake my arm across the drainboard and send the dishes to the floor.,2410.0
1707,169,1712421901236,16.0,He doesn't move.,871.0
1707,170,1712421902160,18.0,I know he's heard.,924.0
1707,171,1712421903125,40.0,He lifts his head as if still listening.,965.0
1707,172,1712421904074,30.0,But he doesn't move otherwise.,949.0
1707,173,1712421905539,23.0,He doesn't turn around.,1465.0
1707,174,1712421910703,3.0,***,5164.0
1707,175,1712421916426,88.0,"He and Gordon Johnson and Mel Dorn and Vern Williams, they play poker and bowl and fish.",5723.0
1707,176,1712421920434,85.0,They fish every spring and early summer before visiting relatives can get in the way.,4008.0
1707,177,1712421925374,65.0,"They are decent men, family men, men who take care of their jobs.",4940.0
1707,178,1712421927474,65.0,"They have sons and daughters who go to school with our son, Dean.",2099.0
1707,179,1712421930939,55.0,Last Friday these family men left for the Naches River.,3465.0
1707,180,1712421933676,76.0,They parked the car in the mountains and hiked to where they wanted to fish.,2737.0
1707,181,1712421938139,76.0,"They carried their bedrolls, their food, their playing cards, their whiskey.",4463.0
1707,182,1712421939459,42.0,They saw the girl before they set up camp.,1320.0
1707,183,1712421940650,19.0,Mel Dorn found her.,1191.0
1707,184,1712421942178,25.0,No clothes on her at all.,1528.0
1707,185,1712421945969,64.0,She was wedged into some branches that stuck out over the water.,3791.0
1707,186,1712421946907,43.0,He called the others and they came to look.,938.0
1707,187,1712421947912,29.0,They talked about what to do.,1004.0
1707,188,1712421951523,82.0,One of the men - my Stuart didn't say which - said they should start back at once.,3611.0
1707,189,1712421955718,86.0,"The others stirred the sand with their shoes, said they didn't feel inclined that way.",4195.0
1707,190,1712421959858,82.0,"They pleaded fatigue, the late hour, the fact that the girl wasn't going anywhere.",4140.0
1707,191,1712421961167,47.0,In the end they went ahead and set up the camp.,1309.0
1707,192,1712421962264,42.0,They built a fire and drank their whiskey.,1097.0
1707,193,1712421963347,50.0,"When the moon came up, they talked about the girl.",1083.0
1707,194,1712421965207,59.0,Someone said they should -keep the body from drifting away.,1860.0
1707,195,1712421966321,55.0,They took their flashlights and went back to the river.,1114.0
1707,196,1712421969197,66.0,One of the men - it might have been Stuart - waded in and got her.,2876.0
1707,197,1712421970735,53.0,He took her by the fingers and pulled her into shore.,1538.0
1707,198,1712421972796,87.0,He got some nylon cord and tied it to her wrist and then looped the rest around a tree.,2060.0
1707,199,1712421976736,99.0,"The next morning they cooked breakfast, drank coffee, and drank whiskey, and then split up to fish.",3940.0
1707,200,1712421995553,182.0,"That night they cooked fish, cooked potatoes, drank coffee, drank whiskey, then took their cooking things and eating things back down to the river and washed them where the girl was.",18817.0
1707,201,1712421997577,32.0,They played some cards later on.,2024.0
1707,202,1712421999591,55.0,Maybe they played until they couldn't see them anymore.,2014.0
1707,203,1712422002429,28.0,Vern Williams went to sleep.,2838.0
1707,204,1712422004341,28.0,But the others told stories.,1912.0
1707,205,1712422010208,100.0,Gordon Johnson said the trout they'd caught were hard because of the terrible coldness of the water.,5867.0
1707,206,1712422016893,154.0,"The next morning they got up late, drank whiskey, fished a little, took down their tents, rolled their sleeping bags, gathered their stuff, and hiked out.",6684.0
1707,207,1712422018218,41.0,They drove until they got to a telephone.,1325.0
1707,208,1712422020481,86.0,It was Stuart who made the call while the others stood around in the sun and listened.,2263.0
1707,209,1712422021385,32.0,He gave the sheriff their names.,904.0
1707,210,1712422022169,25.0,They had nothing to hide.,784.0
1707,211,1712422024729,21.0,They weren't ashamed.,2560.0
1707,212,1712422026589,100.0,They said they'd wait until someone could come for better directions and take down their statements.,1860.0
1707,213,1712422029206,3.0,***,2617.0
1707,214,1712422029982,30.0,I was asleep when he got home.,775.0
1707,215,1712422034667,46.0,But I woke up when I heard him in the kitchen.,4685.0
1707,216,1712422040727,64.0,I found him leaning against the refrigerator with a can of beer.,6060.0
1707,217,1712422050266,68.0,He put his heavy arms around me and rubbed his big hands on my back.,9539.0
1707,218,1712422053048,85.0,In bed he put his hands on me again and then waited as if thinking of something else.,2782.0
1707,219,1712422054465,28.0,I turned and opened my legs.,1416.0
1707,220,1712422057160,36.0,"Afterwards, I think he stayed awake.",2695.0
1707,221,1712422062365,53.0,He was up that morning before I could get out of bed.,5205.0
1707,222,1712422064219,54.0,"To see if there was something in the paper, I suppose.",1854.0
1707,223,1712422066899,46.0,The telephone began ringing right after eight.,2680.0
1707,224,1712422068277,13.0,"""Go to hell!""",1378.0
1707,225,1712422069188,18.0,I heard him shout.,911.0
1707,226,1712422072354,31.0,The telephone rang right again.,3166.0
1707,227,1712422076364,59.0,"""I have nothing to add to what I already told the sheriff!""",4010.0
1707,228,1712422078316,29.0,He slammed the receiver down.,1952.0
1707,229,1712422079635,27.0,"""What is going on?"" I said.",1319.0
1707,230,1712422083585,49.0,It was then that he told me what I just told you.,3949.0
1707,231,1712422085068,3.0,***,1483.0
1707,232,1712422086959,44.0,I sweep up the broken dishes and go outside.,1891.0
1707,233,1712422092295,85.0,"He is lying on his back on the grass now, the newspaper and can of beer within reach.",5336.0
1707,234,1712422093743,41.0,"""Stuart, could we go for a drive?"" I say.",1448.0
1707,235,1712422095927,30.0,He rolls over and looks at me.,2184.0
1707,236,1712422097544,37.0,"""We'll pick up some beer,"" he says...",1617.0
1707,237,1712422099923,62.0,He gets to his feet and touches me on the hip as he goes past.,2379.0
1707,238,1712422101745,28.0,"""Give me a minute,"" he says.",1822.0
1707,239,1712422105015,39.0,We drive through town without speaking.,3270.0
1707,240,1712422106391,39.0,He stops at a roadside market for beer.,1376.0
1707,241,1712422108535,54.0,I notice a great stack of papers just inside the door.,2144.0
1707,242,1712422114744,89.0,On the top step a fat woman in a print dress holds out a licorice stick to a little girl.,6209.0
1707,243,1712422117966,66.0,"Later on, we cross Everson Creek and turn into the picnic grounds.",3222.0
1707,244,1712422125018,79.0,The creek runs under the bridge and into a large pond a few hundred yards away.,7052.0
1707,245,1712422126129,28.0,I can see the men out there.,1111.0
1707,246,1712422127165,33.0,I can see them out there fishing.,1036.0
1707,247,1712422129050,31.0,So much water so close to home.,1885.0
1707,248,1712422131898,43.0,"I say, ""Why did you have to go miles away?""",2848.0
1707,249,1712422133191,25.0,"""Don't rile me,"" he says.",1293.0
1707,250,1712422135275,29.0,We sit on a bench in the sun.,2083.0
1707,251,1712422136423,25.0,He opens us cans of beer.,1148.0
1707,252,1712422137550,25.0,"He says, ""Relax, Claire.""",1127.0
1707,253,1712422140427,30.0,"""They said they were innocent.",2877.0
1707,254,1712422143721,27.0,"They said they were crazy.""",3294.0
1707,255,1712422145458,15.0,"He says, ""Who?""",1737.0
1707,256,1712422147630,38.0,"He says, ""What are you talking about?""",2172.0
1707,257,1712422149671,21.0,"""The Maddox brothers.",2041.0
1707,258,1712422154270,54.0,They killed a girl named Arlene Hubly where I grew up.,4599.0
1707,259,1712422158301,60.0,They cut off her head and threw her into the Cle Elum River.,4031.0
1707,260,1712422159545,31.0,"It happened when I was a girl.""",1244.0
1707,261,1712422162796,40.0,"""You're going to get me riled,"" he says.",3251.0
1707,262,1712422164254,20.0,I look at the creek.,1458.0
1707,263,1712422173785,79.0,"I'm right in it, eyes open, face down, staring at the moss on the bottom, dead.",9531.0
1707,264,1712422178937,62.0,"""I don't know what's wrong with you,"" he says on the way home.",5152.0
1707,265,1712422181020,45.0,"""You're getting me more riled by the minute.""",2082.0
1707,266,1712422182064,34.0,There is nothing I can say to him.,1044.0
1707,267,1712422186568,36.0,He tries to concentrate on the road.,4504.0
1707,268,1712422187573,47.0,But he keeps looking into the rear-view mirror.,1005.0
1707,269,1712422188631,9.0,He knows.,1058.0
1707,270,1712422190940,3.0,***,2309.0
1707,271,1712422192934,52.0,Stuart believes he is letting me sleep this morning.,1993.0
1707,272,1712422195601,47.0,But I was awake long before the alarm went off.,2667.0
1707,273,1712422197868,74.0,"I was thinking, lying on the far side of the bed away from his hairy legs.",2267.0
1707,274,1712422201930,78.0,"He gets Dean off for school, and then he shaves, dresses, and leaves for work.",4062.0
1707,275,1712422203520,40.0,Twice he looks in and clears his throat.,1590.0
1707,276,1712422204422,26.0,But I keep my eyes closed.,902.0
1707,277,1712422205550,38.0,In the kitchen I find a note from him.,1127.0
1707,278,1712422207064,19.0,"It's signed ""Love.""",1514.0
1707,279,1712422210899,74.0,I sit in the breakfast nook and drink coffee and leave a ring on the note.,3835.0
1707,280,1712422214582,67.0,I look at the newspaper and turn it this way and that on the table.,3683.0
1707,281,1712422216926,43.0,Then I skid it close and read what it says.,2344.0
1707,282,1712422219307,38.0,"The body has been identified, claimed.",2381.0
1707,283,1712422231888,155.0,"But it took some examining it, some putting things into it, some cutting, some weighing, some measuring, some putting things back again and sewing them in.",12581.0
1707,284,1712422235161,57.0,I sit for a long time holding the newspaper and thinking.,3273.0
1707,285,1712422238615,51.0,Then I call up to get a chair at the hairdresser's.,3453.0
1707,286,1712422240016,3.0,***,1401.0
1707,287,1712422243593,75.0,I sit under the dryer with a magazine on my lap and let Marnie do my nails.,3577.0
1707,288,1712422245448,42.0,"""I am going to a funeral tomorrow,"" I say.",1854.0
1707,289,1712422247011,38.0,"""I'm sorry to hear that,"" Marnie says.",1563.0
1707,290,1712422249004,25.0,"""It was a murder,"" I say.",1992.0
1707,291,1712422251628,37.0,"""That's the worst kind,"" Marnie says.",2624.0
1707,292,1712422254557,35.0,"""We weren't all that close,"" I say.",2929.0
1707,293,1712422255809,15.0,"""But you know?""",1252.0
1707,294,1712422259148,45.0,"""We'll get you fixed up for it,"" Marnie says.",3338.0
1707,295,1712422266605,72.0,"That night I make my bed on the sofa, and in the morning I get up first.",7456.0
1707,296,1712422271010,50.0,I put on coffee and fix breakfast while he shaves.,4405.0
1707,297,1712422274444,76.0,"He appears in the kitchen doorway, towel over his bare shoulder, appraising.",3433.0
1707,298,1712422275490,23.0,"""Here's coffee,"" I say.",1046.0
1707,299,1712422277409,31.0,"""Eggs'll be ready in a minute.”",1919.0
1707,300,1712422282518,37.0,"I wake Dean, and the three of us eat.",5109.0
1707,301,1712422286230,79.0,"Whenever Stuart looks at me, I ask Dean if he wants more milk, more toast, etc.",3712.0
1707,302,1712422287607,56.0,"""I'll call you today,"" Stuart says as he opens the door.",1377.0
1707,303,1712422289563,42.0,"I say, ""I don't think I'll be home today.""",1956.0
1707,304,1712422290472,21.0,"""All right,"" he says.",909.0
1707,305,1712422291648,7.0,"""Sure.""",1175.0
1707,306,1712422293047,18.0,I dress carefully.,1399.0
1707,307,1712422294978,48.0,I try on a hat and look at myself in the mirror.,1931.0
1707,308,1712422296211,28.0,I write out a note for Dean.,1233.0
1707,309,1712422297671,69.0,"Honey, Mommy has things to do this afternoon, but will be back later.",1460.0
1707,310,1712422299798,61.0,You stay in or be in the backyard until one of us comes home.,2127.0
1707,311,1712422300817,11.0,"Love, Mommy",1019.0
1707,312,1712422303476,48.0,I look at the word Love and then I underline it.,2658.0
1707,313,1712422305938,29.0,Then I see the word backyard.,2462.0
1707,314,1712422307949,22.0,Is it one word or two?,2011.0
1707,315,1712422309540,3.0,***,1591.0
1707,316,1712422317215,121.0,"I drive through farm country, through fields of oats and sugar beets and past apple orchards, cattle grazing in pastures.",7675.0
1707,317,1712422320781,99.0,"Then everything changes, more like shacks than farmhouses and stands of timber instead of orchards.",3566.0
1707,318,1712422323923,78.0,"Then mountains, and on the right, far below, I sometimes see the Naches River.",3142.0
1707,319,1712422325744,64.0,A green pickup comes up behind me and stays behind me for miles.,1821.0
1707,320,1712422327350,55.0,"I keep slowing at the wrong times, hoping he will pass.",1606.0
1707,321,1712422328622,16.0,Then I speed up.,1272.0
1707,322,1712422329943,36.0,"But this is at the wrong times, too.",1321.0
1707,323,1712422330919,39.0,I grip the wheel until my fingers hurt.,976.0
1707,324,1712422332004,37.0,On a long clear stretch he goes past.,1085.0
1707,325,1712422334654,73.0,"But he drives along beside for a bit, a crewcut man in a blue work shirt.",2650.0
1707,326,1712422335608,24.0,We look each other over.,954.0
1707,327,1712422337482,53.0,"Then he waves, toots his horn, and pulls on up ahead.",1874.0
1707,328,1712422338568,29.0,I slow down and find a place.,1086.0
1707,329,1712422339495,35.0,I pull over and shut off the motor.,927.0
1707,330,1712422341778,42.0,I can hear the river down below the trees.,2283.0
1707,331,1712422343479,35.0,Then I hear the pickup coming back.,1701.0
1707,332,1712422344508,41.0,I lock the doors and roll up the windows.,1029.0
1707,333,1712422345251,30.0,"""You all right?"" the man says.",743.0
1707,334,1712422346231,21.0,He raps on the glass.,980.0
1707,335,1712422347309,11.0,"""You okay?""",1078.0
1707,336,1712422349177,64.0,He leans his arms on the door and brings his face to the window.,1868.0
1707,337,1712422349959,15.0,I stare at him.,782.0
1707,338,1712422350803,30.0,I can't think what else to do.,844.0
1707,339,1712422351684,34.0,"""Is everything all right in there?",880.0
1707,340,1712422353097,31.0,"How come you're all locked up?""",1413.0
1707,341,1712422353829,16.0,I shake my head.,732.0
1707,342,1712422354717,24.0,"""Roll down your window.""",888.0
1707,343,1712422356604,64.0,He shakes his head and looks at the highway and then back at me.,1887.0
1707,344,1712422359186,19.0,"""Roll it down now.""",2582.0
1707,345,1712422360313,32.0,"""Please,"" I say, ""I have to go.""",1126.0
1707,346,1712422362444,50.0,"""Open the door,"" he says as if he isn't listening.",2131.0
1707,347,1712422366237,33.0,"""You're going to choke in there.""",3793.0
1707,348,1712422367742,32.0,"He looks at my breasts, my legs.",1505.0
1707,349,1712422369064,34.0,I can tell that's what he's doing.,1322.0
1707,350,1712422369819,22.0,"""Hey, sugar,"" he says.",755.0
1707,351,1712422371111,31.0,"""I'm just here to help is all.""",1292.0
1707,352,1712422372276,3.0,***,1165.0
1707,353,1712422376474,52.0,The casket is closed and covered with floral sprays.,4197.0
1707,354,1712422378203,45.0,The organ starts up the minute I take a seat.,1729.0
1707,355,1712422379787,40.0,People are coming in and finding chairs.,1584.0
1707,356,1712422386013,63.0,There's a boy in flared pants and a yellow short-sleeved shirt.,6226.0
1707,357,1712422391304,100.0,A door opens and the family comes in in a group and moves over to a curtained place off to one side.,5291.0
1707,358,1712422392515,39.0,Chairs creak as everybody gets settled.,1211.0
1707,359,1712422395287,83.0,"Directly, a nice blond man in a nice dark suit stands and asks us to bow our heads.",2771.0
1707,360,1712422399323,105.0,"He says a prayer for us, the living, and when he finishes, he says a prayer for the soul of the departed.",4035.0
1707,361,1712422400650,43.0,Along with the others I go past the casket.,1326.0
1707,362,1712422402738,66.0,Then I move out onto the front steps and into the afternoon light.,2088.0
1707,363,1712422404626,66.0,There's a woman who limps as she goes down the stairs ahead of me.,1887.0
1707,364,1712422405769,33.0,On the sidewalk she looks around.,1143.0
1707,365,1712422406680,31.0,"""Well, they got him,"" she says.",911.0
1707,366,1712422408159,27.0,"""If that's any consolation.",1479.0
1707,367,1712422409187,31.0,They arrested him this morning.,1028.0
1707,368,1712422410838,38.0,I heard it on the radio before I come.,1651.0
1707,369,1712422413066,26.0,"A boy right here in town.""",2228.0
1707,370,1712422414451,42.0,We move a few steps down the hot sidewalk.,1385.0
1707,371,1712422416101,25.0,People are starting cars.,1650.0
1707,372,1712422417831,49.0,I put out my hand and hold on to a parking meter.,1730.0
1707,373,1712422422065,36.0,Polished hoods and polished fenders.,4234.0
1707,374,1712422423001,14.0,My head swims.,936.0
1707,375,1712422426267,41.0,"I say, ""They have friends, these killers.",3266.0
1707,376,1712422428547,16.0,"You can't tell.""",2280.0
1707,377,1712422433234,70.0,"""I have known that child since she was a little girl,"" the woman says.",4687.0
1707,378,1712422436922,93.0,"""She used to come over and I'd bake cookies for her and let her eat them in front of the TV.""",3688.0
1707,379,1712422437807,3.0,***,885.0
1707,380,1712422439640,76.0,"Back home, Stuart sits at the table with a drink of whiskey in front of him.",1833.0
1707,381,1712422441223,57.0,For a crazy instant I think something's happened to Dean.,1583.0
1707,382,1712422441824,14.0,"""Where is he?""",601.0
1707,383,1712422443330,6.0,I say.,1505.0
1707,384,1712422444887,16.0,"""Where is Dean?""",1556.0
1707,385,1712422446604,27.0,"""Outside,"" my husband says.",1717.0
1707,386,1712422448329,34.0,He drains his glass and stands up.,1725.0
1707,387,1712422449862,40.0,"He says, ""I think I know what you need.""",1533.0
1707,388,1712422452918,138.0,He reaches an arm around my waist and with his other hand he begins to unbutton my jacket and then he goes on to the buttons of my blouse.,3056.0
1707,389,1712422454436,30.0,"""First things first,"" he says.",1518.0
1707,390,1712422456399,23.0,He says something else.,1963.0
1707,391,1712422457441,27.0,But I don't need to listen.,1042.0
1707,392,1712422458637,46.0,I can't hear a thing with so much water going.,1196.0
1707,393,1712422459696,3.0,***,1059.0
1626,83,1712422256932,3.0,***,2717.0
1626,84,1712422261460,37.0,My husband eats with a good appetite.,4528.0
1626,85,1712422265571,37.0,But I don't think he's really hungry.,4111.0
1626,86,1712422271611,69.0,"He chews, arms on the table, and stares at something across the room.",6039.0
1626,87,1712422275622,30.0,He looks at me and looks away.,4011.0
1626,88,1712422279607,33.0,He wipes his mouth on the napkin.,3985.0
1626,89,1712422284504,30.0,"He shrugs, and goes on eating.",4897.0
1626,90,1712422288722,42.0,"""What are you staring at me for?"" he says.",4218.0
1626,91,1712422292186,45.0,"""What is it?"" he says and lays down his fork.",3463.0
1626,92,1712422295960,42.0,"""Was I staring?"" I say, and shake my head.",3774.0
1626,93,1712422299220,20.0,The telephone rings.,3260.0
1626,94,1712422302109,27.0,"""Don't answer it,"" he says.",2889.0
1626,95,1712422305371,33.0,"""It might be your mother,"" I say.",3262.0
1626,96,1712422308420,25.0,"""Watch and see,"" he says.",3049.0
1626,97,1712422311458,34.0,I pick up the receiver and listen.,3037.0
1626,98,1712422314388,24.0,My husband stops eating.,2929.0
1626,99,1712422317644,46.0,"""What did I tell you?"" he says when I hang up.",3256.0
1626,100,1712422320256,23.0,He starts to eat again.,2612.0
1626,101,1712422323809,36.0,Then throws his napkin on his plate.,3553.0
1626,102,1712422327473,63.0,"He says, ""Goddamn it, why can't people mind their own business?",3664.0
1626,103,1712422330593,41.0,Tell me what I did wrong and I'll listen!,3120.0
1626,104,1712422333930,28.0,I wasn't the only man there.,3337.0
1626,105,1712422337377,37.0,We talked it over and we all decided.,3447.0
1626,106,1712422340518,29.0,We couldn't just turn around.,3141.0
1626,107,1712422344116,32.0,We were five miles from the car.,3598.0
1626,108,1712422347884,34.0,I won't have you passing judgment.,3768.0
1626,109,1712422350222,13.0,"Do you hear?""",2338.0
1626,110,1712422352413,18.0,"""You know,"" I say.",2191.0
1626,111,1712422355431,33.0,"He says, ""What do I know, Claire?",3018.0
1626,112,1712422359082,34.0,Tell me what I'm supposed to know.,3651.0
1626,113,1712422362743,40.0,"I don't know anything except one thing?""",3661.0
1626,114,1712422366582,48.0,He gives me what he thinks is a meaningful look.,3839.0
1626,115,1712422369979,24.0,"""She was dead,"" he says.",3397.0
1626,116,1712422372967,33.0,"""And I'm as sorry as anyone else.",2988.0
1626,117,1712422375520,18.0,"But she was dead.""",2553.0
1626,118,1712422377875,26.0,"""That's the point,"" I say.",2355.0
1626,119,1712422380032,20.0,He raises his hands.,2157.0
1626,120,1712422383619,40.0,He pushes his chair away from the table.,3587.0
1626,121,1712422389088,72.0,He takes out his cigarettes and goes out to the back with a can of beer.,5469.0
1626,122,1712422393711,64.0,I see him sit in the lawn chair and pick up the newspaper again.,4623.0
1626,123,1712422399109,39.0,His name is in there on the first page.,5398.0
1626,124,1712422402330,36.0,Along with the names of his friends.,3221.0
1626,125,1712422405584,40.0,I close my eyes and hold on to the sink.,3253.0
1626,126,1712422410562,74.0,Then I rake my arm across the drainboard and send the dishes to the floor.,4978.0
1626,127,1712422412189,16.0,He doesn't move.,1626.0
1626,128,1712422414111,18.0,I know he's heard.,1922.0
1626,129,1712422417065,40.0,He lifts his head as if still listening.,2954.0
1626,130,1712422418749,30.0,But he doesn't move otherwise.,1683.0
1626,131,1712422420177,23.0,He doesn't turn around.,1428.0
1626,132,1712422531652,3.0,***,111475.0
1626,133,1712422540750,88.0,"He and Gordon Johnson and Mel Dorn and Vern Williams, they play poker and bowl and fish.",9098.0
1626,134,1712422546432,85.0,They fish every spring and early summer before visiting relatives can get in the way.,5682.0
1626,135,1712422551204,65.0,"They are decent men, family men, men who take care of their jobs.",4772.0
1626,136,1712422555614,65.0,"They have sons and daughters who go to school with our son, Dean.",4410.0
1626,137,1712422559420,55.0,Last Friday these family men left for the Naches River.,3806.0
1626,138,1712422563053,76.0,They parked the car in the mountains and hiked to where they wanted to fish.,3633.0
1626,139,1712422567141,76.0,"They carried their bedrolls, their food, their playing cards, their whiskey.",4087.0
1626,140,1712422571149,42.0,They saw the girl before they set up camp.,4008.0
1626,141,1712422573840,19.0,Mel Dorn found her.,2691.0
1626,142,1712422576041,25.0,No clothes on her at all.,2201.0
1626,143,1712422579352,64.0,She was wedged into some branches that stuck out over the water.,3311.0
1626,144,1712422581171,43.0,He called the others and they came to look.,1819.0
1626,145,1712422582810,29.0,They talked about what to do.,1639.0
1626,146,1712422592593,82.0,One of the men - my Stuart didn't say which - said they should start back at once.,9783.0
1626,147,1712422596652,86.0,"The others stirred the sand with their shoes, said they didn't feel inclined that way.",4059.0
1626,148,1712422601095,82.0,"They pleaded fatigue, the late hour, the fact that the girl wasn't going anywhere.",4443.0
1626,149,1712422603011,47.0,In the end they went ahead and set up the camp.,1916.0
1626,150,1712422604301,42.0,They built a fire and drank their whiskey.,1289.0
1626,151,1712422605836,50.0,"When the moon came up, they talked about the girl.",1535.0
1626,152,1712422607493,59.0,Someone said they should -keep the body from drifting away.,1657.0
1626,153,1712422610202,55.0,They took their flashlights and went back to the river.,2709.0
1626,154,1712422616231,66.0,One of the men - it might have been Stuart - waded in and got her.,6028.0
1626,155,1712422617855,53.0,He took her by the fingers and pulled her into shore.,1624.0
1626,156,1712422625611,87.0,He got some nylon cord and tied it to her wrist and then looped the rest around a tree.,7756.0
1626,157,1712422628462,99.0,"The next morning they cooked breakfast, drank coffee, and drank whiskey, and then split up to fish.",2851.0
1626,158,1712422639424,182.0,"That night they cooked fish, cooked potatoes, drank coffee, drank whiskey, then took their cooking things and eating things back down to the river and washed them where the girl was.",10962.0
1626,159,1712422640527,32.0,They played some cards later on.,1103.0
1626,160,1712422643265,55.0,Maybe they played until they couldn't see them anymore.,2738.0
1626,161,1712422646453,28.0,Vern Williams went to sleep.,3188.0
1626,162,1712422648397,28.0,But the others told stories.,1943.0
1626,163,1712422653074,100.0,Gordon Johnson said the trout they'd caught were hard because of the terrible coldness of the water.,4677.0
1626,164,1712422661116,154.0,"The next morning they got up late, drank whiskey, fished a little, took down their tents, rolled their sleeping bags, gathered their stuff, and hiked out.",8042.0
1626,165,1712422663156,41.0,They drove until they got to a telephone.,2040.0
1626,166,1712422666179,86.0,It was Stuart who made the call while the others stood around in the sun and listened.,3023.0
1626,167,1712422667877,32.0,He gave the sheriff their names.,1698.0
1626,168,1712422669334,25.0,They had nothing to hide.,1457.0
1626,169,1712422670276,21.0,They weren't ashamed.,942.0
1626,170,1712422674239,100.0,They said they'd wait until someone could come for better directions and take down their statements.,3963.0
1626,171,1712422675158,3.0,***,919.0
1626,172,1712422676285,30.0,I was asleep when he got home.,1127.0
1626,173,1712422677581,46.0,But I woke up when I heard him in the kitchen.,1295.0
1626,174,1712422679462,64.0,I found him leaning against the refrigerator with a can of beer.,1881.0
1626,175,1712422682908,68.0,He put his heavy arms around me and rubbed his big hands on my back.,3446.0
1626,176,1712422687400,85.0,In bed he put his hands on me again and then waited as if thinking of something else.,4492.0
1626,177,1712422689794,28.0,I turned and opened my legs.,2393.0
1626,178,1712422691124,36.0,"Afterwards, I think he stayed awake.",1330.0
1626,179,1712422693039,53.0,He was up that morning before I could get out of bed.,1915.0
1626,180,1712422694572,54.0,"To see if there was something in the paper, I suppose.",1533.0
1626,181,1712422696312,46.0,The telephone began ringing right after eight.,1740.0
1626,182,1712422697464,13.0,"""Go to hell!""",1152.0
1626,183,1712422698509,18.0,I heard him shout.,1045.0
1626,184,1712422700027,31.0,The telephone rang right again.,1517.0
1626,185,1712422702070,59.0,"""I have nothing to add to what I already told the sheriff!""",2043.0
1626,186,1712422702823,29.0,He slammed the receiver down.,753.0
1626,187,1712422703627,27.0,"""What is going on?"" I said.",804.0
1626,188,1712422705635,49.0,It was then that he told me what I just told you.,2008.0
1626,189,1712422706542,3.0,***,907.0
1626,190,1712422708853,44.0,I sweep up the broken dishes and go outside.,2310.0
1626,191,1712422715278,85.0,"He is lying on his back on the grass now, the newspaper and can of beer within reach.",6425.0
1626,192,1712422716770,41.0,"""Stuart, could we go for a drive?"" I say.",1492.0
1626,193,1712422718670,30.0,He rolls over and looks at me.,1899.0
1626,194,1712422721320,37.0,"""We'll pick up some beer,"" he says...",2650.0
1626,195,1712422724985,62.0,He gets to his feet and touches me on the hip as he goes past.,3665.0
1626,196,1712422728220,28.0,"""Give me a minute,"" he says.",3234.0
1626,197,1712422740356,39.0,We drive through town without speaking.,12136.0
1626,198,1712422742415,39.0,He stops at a roadside market for beer.,2059.0
1626,199,1712422744360,54.0,I notice a great stack of papers just inside the door.,1945.0
1626,200,1712422751274,89.0,On the top step a fat woman in a print dress holds out a licorice stick to a little girl.,6914.0
1626,201,1712422755403,66.0,"Later on, we cross Everson Creek and turn into the picnic grounds.",4129.0
1626,202,1712422759897,79.0,The creek runs under the bridge and into a large pond a few hundred yards away.,4494.0
1626,203,1712422761145,28.0,I can see the men out there.,1248.0
1626,204,1712422762379,33.0,I can see them out there fishing.,1234.0
1626,205,1712422763483,31.0,So much water so close to home.,1104.0
1626,206,1712422765443,43.0,"I say, ""Why did you have to go miles away?""",1960.0
1626,207,1712422766803,25.0,"""Don't rile me,"" he says.",1360.0
1626,208,1712422769096,29.0,We sit on a bench in the sun.,2293.0
1626,209,1712422770408,25.0,He opens us cans of beer.,1312.0
1626,210,1712422771727,25.0,"He says, ""Relax, Claire.""",1319.0
1626,211,1712422773538,30.0,"""They said they were innocent.",1811.0
1626,212,1712422774947,27.0,"They said they were crazy.""",1409.0
1626,213,1712422776226,15.0,"He says, ""Who?""",1279.0
1626,214,1712422778076,38.0,"He says, ""What are you talking about?""",1850.0
1626,215,1712422779509,21.0,"""The Maddox brothers.",1433.0
1626,216,1712422783375,54.0,They killed a girl named Arlene Hubly where I grew up.,3866.0
1626,217,1712422787572,60.0,They cut off her head and threw her into the Cle Elum River.,4197.0
1626,218,1712422791101,31.0,"It happened when I was a girl.""",3528.0
1626,219,1712422793851,40.0,"""You're going to get me riled,"" he says.",2750.0
1626,220,1712422794781,20.0,I look at the creek.,930.0
1626,221,1712422802576,79.0,"I'm right in it, eyes open, face down, staring at the moss on the bottom, dead.",7794.0
1626,222,1712422804249,62.0,"""I don't know what's wrong with you,"" he says on the way home.",1673.0
1626,223,1712422807160,45.0,"""You're getting me more riled by the minute.""",2911.0
1626,224,1712422808058,34.0,There is nothing I can say to him.,898.0
1626,225,1712422809172,36.0,He tries to concentrate on the road.,1114.0
1626,226,1712422810564,47.0,But he keeps looking into the rear-view mirror.,1392.0
1626,227,1712422811155,9.0,He knows.,591.0
1626,228,1712422811610,3.0,***,455.0
1626,229,1712422814238,52.0,Stuart believes he is letting me sleep this morning.,2628.0
1626,230,1712422816091,47.0,But I was awake long before the alarm went off.,1853.0
1626,231,1712422819398,74.0,"I was thinking, lying on the far side of the bed away from his hairy legs.",3307.0
1626,232,1712422824376,78.0,"He gets Dean off for school, and then he shaves, dresses, and leaves for work.",4977.0
1626,233,1712422827041,40.0,Twice he looks in and clears his throat.,2665.0
1626,234,1712422828054,26.0,But I keep my eyes closed.,1013.0
1626,235,1712422829645,38.0,In the kitchen I find a note from him.,1590.0
1626,236,1712422831760,19.0,"It's signed ""Love.""",2115.0
1626,237,1712422837293,74.0,I sit in the breakfast nook and drink coffee and leave a ring on the note.,5533.0
1626,238,1712422840677,67.0,I look at the newspaper and turn it this way and that on the table.,3383.0
1626,239,1712422843402,43.0,Then I skid it close and read what it says.,2725.0
1626,240,1712422845826,38.0,"The body has been identified, claimed.",2424.0
1626,241,1712422852976,155.0,"But it took some examining it, some putting things into it, some cutting, some weighing, some measuring, some putting things back again and sewing them in.",7150.0
1626,242,1712422854766,57.0,I sit for a long time holding the newspaper and thinking.,1790.0
1626,243,1712422857697,51.0,Then I call up to get a chair at the hairdresser's.,2930.0
1626,244,1712422858818,3.0,***,1121.0
1626,245,1712422862939,75.0,I sit under the dryer with a magazine on my lap and let Marnie do my nails.,4121.0
1626,246,1712422865205,42.0,"""I am going to a funeral tomorrow,"" I say.",2266.0
1626,247,1712422866610,38.0,"""I'm sorry to hear that,"" Marnie says.",1405.0
1626,248,1712422868376,25.0,"""It was a murder,"" I say.",1766.0
1626,249,1712422869925,37.0,"""That's the worst kind,"" Marnie says.",1549.0
1626,250,1712422871765,35.0,"""We weren't all that close,"" I say.",1840.0
1626,251,1712422873216,15.0,"""But you know?""",1451.0
1626,252,1712422875273,45.0,"""We'll get you fixed up for it,"" Marnie says.",2057.0
1626,253,1712422878229,72.0,"That night I make my bed on the sofa, and in the morning I get up first.",2956.0
1626,254,1712422880585,50.0,I put on coffee and fix breakfast while he shaves.,2355.0
1626,255,1712422884351,76.0,"He appears in the kitchen doorway, towel over his bare shoulder, appraising.",3766.0
1626,256,1712422885319,23.0,"""Here's coffee,"" I say.",968.0
1626,257,1712422886898,31.0,"""Eggs'll be ready in a minute.”",1579.0
1626,258,1712422888075,37.0,"I wake Dean, and the three of us eat.",1177.0
1626,259,1712422890888,79.0,"Whenever Stuart looks at me, I ask Dean if he wants more milk, more toast, etc.",2813.0
1626,260,1712422893380,56.0,"""I'll call you today,"" Stuart says as he opens the door.",2492.0
1626,261,1712422894930,42.0,"I say, ""I don't think I'll be home today.""",1550.0
1626,262,1712422895746,21.0,"""All right,"" he says.",816.0
1626,263,1712422896232,7.0,"""Sure.""",486.0
1626,264,1712422896812,18.0,I dress carefully.,580.0
1626,265,1712422898254,48.0,I try on a hat and look at myself in the mirror.,1442.0
1626,266,1712422900659,28.0,I write out a note for Dean.,2404.0
1626,267,1712422902653,69.0,"Honey, Mommy has things to do this afternoon, but will be back later.",1994.0
1626,268,1712422905249,61.0,You stay in or be in the backyard until one of us comes home.,2596.0
1626,269,1712422905922,11.0,"Love, Mommy",673.0
1626,270,1712422907978,48.0,I look at the word Love and then I underline it.,2055.0
1626,271,1712422910992,29.0,Then I see the word backyard.,3014.0
1626,272,1712422912790,22.0,Is it one word or two?,1798.0
1626,273,1712422913251,3.0,***,461.0
1626,274,1712422919375,121.0,"I drive through farm country, through fields of oats and sugar beets and past apple orchards, cattle grazing in pastures.",6124.0
1626,275,1712422924324,99.0,"Then everything changes, more like shacks than farmhouses and stands of timber instead of orchards.",4949.0
1626,276,1712422929960,78.0,"Then mountains, and on the right, far below, I sometimes see the Naches River.",5636.0
1626,277,1712422932942,64.0,A green pickup comes up behind me and stays behind me for miles.,2982.0
1626,278,1712422934303,55.0,"I keep slowing at the wrong times, hoping he will pass.",1361.0
1626,279,1712422934999,16.0,Then I speed up.,696.0
1626,280,1712422936165,36.0,"But this is at the wrong times, too.",1166.0
1626,281,1712422937470,39.0,I grip the wheel until my fingers hurt.,1305.0
1626,282,1712422939122,37.0,On a long clear stretch he goes past.,1652.0
1626,283,1712422942373,73.0,"But he drives along beside for a bit, a crewcut man in a blue work shirt.",3250.0
1626,284,1712422946261,24.0,We look each other over.,3888.0
1626,285,1712422947948,53.0,"Then he waves, toots his horn, and pulls on up ahead.",1687.0
1626,286,1712422948972,29.0,I slow down and find a place.,1024.0
1626,287,1712422949893,35.0,I pull over and shut off the motor.,921.0
1626,288,1712422951223,42.0,I can hear the river down below the trees.,1330.0
1626,289,1712422952280,35.0,Then I hear the pickup coming back.,1057.0
1626,290,1712422953210,41.0,I lock the doors and roll up the windows.,930.0
1626,291,1712422953989,30.0,"""You all right?"" the man says.",779.0
1626,292,1712422954793,21.0,He raps on the glass.,804.0
1626,293,1712422955204,11.0,"""You okay?""",411.0
1626,294,1712422957271,64.0,He leans his arms on the door and brings his face to the window.,2067.0
1626,295,1712422958008,15.0,I stare at him.,737.0
1626,296,1712422959506,30.0,I can't think what else to do.,1498.0
1626,297,1712422960339,34.0,"""Is everything all right in there?",833.0
1626,298,1712422961502,31.0,"How come you're all locked up?""",1163.0
1626,299,1712422962141,16.0,I shake my head.,639.0
1626,300,1712422962801,24.0,"""Roll down your window.""",660.0
1626,301,1712422964659,64.0,He shakes his head and looks at the highway and then back at me.,1858.0
1626,302,1712422965421,19.0,"""Roll it down now.""",762.0
1626,303,1712422966952,32.0,"""Please,"" I say, ""I have to go.""",1530.0
1626,304,1712422968104,50.0,"""Open the door,"" he says as if he isn't listening.",1152.0
1626,305,1712422969726,33.0,"""You're going to choke in there.""",1622.0
1626,306,1712422971153,32.0,"He looks at my breasts, my legs.",1427.0
1626,307,1712422972265,34.0,I can tell that's what he's doing.,1112.0
1626,308,1712422973065,22.0,"""Hey, sugar,"" he says.",800.0
1626,309,1712422974151,31.0,"""I'm just here to help is all.""",1086.0
1626,310,1712422974555,3.0,***,404.0
1626,311,1712422979162,52.0,The casket is closed and covered with floral sprays.,4607.0
1626,312,1712422980405,45.0,The organ starts up the minute I take a seat.,1243.0
1626,313,1712422981600,40.0,People are coming in and finding chairs.,1195.0
1626,314,1712422983823,63.0,There's a boy in flared pants and a yellow short-sleeved shirt.,2223.0
1626,315,1712422988624,100.0,A door opens and the family comes in in a group and moves over to a curtained place off to one side.,4801.0
1626,316,1712422989888,39.0,Chairs creak as everybody gets settled.,1264.0
1626,317,1712422992580,83.0,"Directly, a nice blond man in a nice dark suit stands and asks us to bow our heads.",2691.0
1626,318,1712422995161,105.0,"He says a prayer for us, the living, and when he finishes, he says a prayer for the soul of the departed.",2581.0
1626,319,1712422997282,43.0,Along with the others I go past the casket.,2121.0
1626,320,1712423000082,66.0,Then I move out onto the front steps and into the afternoon light.,2800.0
1626,321,1712423002313,66.0,There's a woman who limps as she goes down the stairs ahead of me.,2230.0
1626,322,1712423003324,33.0,On the sidewalk she looks around.,1011.0
1626,323,1712423006919,31.0,"""Well, they got him,"" she says.",3594.0
1626,324,1712423008431,27.0,"""If that's any consolation.",1512.0
1626,325,1712423009367,31.0,They arrested him this morning.,936.0
1626,326,1712423010567,38.0,I heard it on the radio before I come.,1200.0
1626,327,1712423012028,26.0,"A boy right here in town.""",1461.0
1626,328,1712423014304,42.0,We move a few steps down the hot sidewalk.,2276.0
1626,329,1712423015769,25.0,People are starting cars.,1465.0
1626,330,1712423018688,49.0,I put out my hand and hold on to a parking meter.,2919.0
1626,331,1712423024735,36.0,Polished hoods and polished fenders.,6047.0
1626,332,1712423026026,14.0,My head swims.,1291.0
1626,333,1712423028156,41.0,"I say, ""They have friends, these killers.",2130.0
1626,334,1712423029264,16.0,"You can't tell.""",1108.0
1626,335,1712423032792,70.0,"""I have known that child since she was a little girl,"" the woman says.",3528.0
1626,336,1712423035935,93.0,"""She used to come over and I'd bake cookies for her and let her eat them in front of the TV.""",3143.0
1626,337,1712423036643,3.0,***,708.0
1626,338,1712423038666,76.0,"Back home, Stuart sits at the table with a drink of whiskey in front of him.",2023.0
1626,339,1712423040808,57.0,For a crazy instant I think something's happened to Dean.,2142.0
1626,340,1712423041264,14.0,"""Where is he?""",456.0
1626,341,1712423041648,6.0,I say.,384.0
1626,342,1712423042091,16.0,"""Where is Dean?""",442.0
1626,343,1712423042864,27.0,"""Outside,"" my husband says.",773.0
1626,344,1712423044413,34.0,He drains his glass and stands up.,1549.0
1626,345,1712423046294,40.0,"He says, ""I think I know what you need.""",1881.0
1626,346,1712423050382,138.0,He reaches an arm around my waist and with his other hand he begins to unbutton my jacket and then he goes on to the buttons of my blouse.,4088.0
1626,347,1712423051289,30.0,"""First things first,"" he says.",907.0
1626,348,1712423052092,23.0,He says something else.,803.0
1626,349,1712423053094,27.0,But I don't need to listen.,1002.0
1626,350,1712423055035,46.0,I can't hear a thing with so much water going.,1941.0
1626,351,1712423056079,3.0,***,1044.0
